Sample	Protists_1k	Bacteria_24k	Human	Fungi_RefSeq_release	Bird	Coral	Plant	Viruses	Vectors	Contamnts_Adaptrs	Multiple Genomes	No hits
Zdi-ADup_001-Ex1-11B-lcwgs-1-1.clmp.fp2_r1_screen	119201.0	164234.0	27343.0	13565.0	9899.0	2706.0	2284.0	459.0	11.0	0.0	556361.0	14395113.0
Zdi-ADup_001-Ex1-11B-lcwgs-1-1.clmp.fp2_r2_screen	118998.0	164341.0	27457.0	13481.0	9698.0	2670.0	2171.0	466.0	14.0	0.0	559826.0	14392054.0
Zdi-ADup_002-Ex1-9G-lcwgs-1-1.clmp.fp2_r1_screen	98314.0	53768.0	27107.0	11631.0	8378.0	2203.0	1937.0	447.0	41.0	0.0	330380.0	13787653.0
Zdi-ADup_002-Ex1-9G-lcwgs-1-1.clmp.fp2_r2_screen	98575.0	53953.0	27327.0	11614.0	8420.0	2250.0	1962.0	489.0	13.0	0.0	332467.0	13784789.0
Zdi-ADup_003-Ex1-9H-lcwgs-1-1.clmp.fp2_r1_screen	105695.0	64664.0	38088.0	12519.0	9210.0	2404.0	1976.0	459.0	47.0	0.0	379326.0	15427055.0
Zdi-ADup_003-Ex1-9H-lcwgs-1-1.clmp.fp2_r2_screen	106964.0	64552.0	37836.0	12370.0	9206.0	2318.0	2004.0	449.0	10.0	0.0	381887.0	15423847.0
Zdi-ADup_004-Ex1-10A-lcwgs-1-1.clmp.fp2_r1_screen	194.0	288.0	44.0	19.0	11.0	3.0	1.0	2.0	0.0	0.0	760.0	21376.0
Zdi-ADup_004-Ex1-10A-lcwgs-1-1.clmp.fp2_r2_screen	191.0	277.0	49.0	16.0	11.0	7.0	4.0	0.0	0.0	0.0	726.0	21417.0
Zdi-ADup_005-Ex1-10B-lcwgs-1-1.clmp.fp2_r1_screen	4621.0	1822.0	1001.0	558.0	398.0	109.0	83.0	33.0	0.0	0.0	21237.0	662985.0
Zdi-ADup_005-Ex1-10B-lcwgs-1-1.clmp.fp2_r2_screen	4584.0	1794.0	1024.0	582.0	376.0	94.0	87.0	28.0	1.0	0.0	21223.0	663054.0
Zdi-ADup_006-Ex1-10C-lcwgs-1-1.clmp.fp2_r1_screen	143052.0	106995.0	33630.0	18523.0	11682.0	3243.0	2830.0	613.0	29.0	0.0	533264.0	18377221.0
Zdi-ADup_006-Ex1-10C-lcwgs-1-1.clmp.fp2_r2_screen	142919.0	106732.0	33568.0	18382.0	11794.0	3214.0	2693.0	668.0	13.0	0.0	539647.0	18371452.0
Zdi-ADup_007-Ex1-10D-lcwgs-1-1.clmp.fp2_r1_screen	119913.0	81563.0	26735.0	13706.0	10538.0	2758.0	2122.0	964.0	41.0	0.0	625031.0	17330451.0
Zdi-ADup_007-Ex1-10D-lcwgs-1-1.clmp.fp2_r2_screen	120716.0	81516.0	26621.0	13891.0	10281.0	2683.0	2174.0	984.0	25.0	1.0	624479.0	17330451.0
Zdi-ADup_008-Ex1-10E-lcwgs-1-1.clmp.fp2_r1_screen	28560.0	83493.0	7780.0	2968.0	2005.0	536.0	546.0	155.0	11.0	0.0	99142.0	3086499.0
Zdi-ADup_008-Ex1-10E-lcwgs-1-1.clmp.fp2_r2_screen	28664.0	83579.0	7732.0	2925.0	1960.0	541.0	490.0	139.0	3.0	0.0	99825.0	3085837.0
Zdi-ADup_009-Ex1-10F-lcwgs-1-1.clmp.fp2_r1_screen	4712.0	4151.0	5642.0	553.0	416.0	100.0	79.0	24.0	0.0	0.0	18617.0	818768.0
Zdi-ADup_009-Ex1-10F-lcwgs-1-1.clmp.fp2_r2_screen	4765.0	4199.0	5609.0	574.0	460.0	102.0	97.0	24.0	0.0	0.0	18634.0	818598.0
Zdi-ADup_010-Ex1-10G-lcwgs-1-1.clmp.fp2_r1_screen	1307.0	949.0	764.0	162.0	122.0	31.0	23.0	18.0	0.0	0.0	5867.0	188674.0
Zdi-ADup_010-Ex1-10G-lcwgs-1-1.clmp.fp2_r2_screen	1287.0	961.0	763.0	156.0	120.0	27.0	23.0	15.0	0.0	0.0	5891.0	188674.0
Zdi-ADup_011-Ex1-10H-lcwgs-1-1.clmp.fp2_r1_screen	98860.0	82053.0	33229.0	11608.0	8140.0	2187.0	2074.0	451.0	11.0	0.0	353786.0	13682273.0
Zdi-ADup_011-Ex1-10H-lcwgs-1-1.clmp.fp2_r2_screen	99488.0	82052.0	33011.0	11472.0	8017.0	2128.0	2062.0	453.0	9.0	0.0	355135.0	13680845.0
Zdi-ADup_012-Ex1-11A-lcwgs-1-1.clmp.fp2_r1_screen	3602.0	55973.0	1453.0	123.0	6.0	4.0	2.0	25.0	0.0	0.0	22727.0	174601.0
Zdi-ADup_012-Ex1-11A-lcwgs-1-1.clmp.fp2_r2_screen	3482.0	55989.0	1455.0	140.0	14.0	3.0	3.0	21.0	0.0	0.0	22653.0	174756.0
Zdi-ADup_013-Ex1-12F-lcwgs-1-1.clmp.fp2_r1_screen	12359.0	133328.0	78048.0	567.0	272.0	67.0	71.0	86.0	1.0	0.0	87131.0	891967.0
Zdi-ADup_013-Ex1-12F-lcwgs-1-1.clmp.fp2_r2_screen	12268.0	133260.0	77810.0	549.0	254.0	67.0	52.0	99.0	0.0	0.0	87451.0	892087.0
Zdi-ADup_014-Ex1-11C-lcwgs-1-1.clmp.fp2_r1_screen	50682.0	197237.0	15336.0	4912.0	3359.0	871.0	757.0	270.0	3.0	0.0	306794.0	5566185.0
Zdi-ADup_014-Ex1-11C-lcwgs-1-1.clmp.fp2_r2_screen	50944.0	197188.0	15372.0	4833.0	3435.0	894.0	730.0	292.0	6.0	0.0	306527.0	5566185.0
Zdi-ADup_015-Ex1-11D-lcwgs-1-1.clmp.fp2_r1_screen	86438.0	22957.0	20877.0	10064.0	7153.0	1845.0	1812.0	377.0	8.0	0.0	320083.0	12172169.0
Zdi-ADup_015-Ex1-11D-lcwgs-1-1.clmp.fp2_r2_screen	86568.0	22879.0	20965.0	10154.0	7200.0	1841.0	1777.0	418.0	10.0	0.0	322330.0	12169641.0
Zdi-ADup_016-Ex1-11E-lcwgs-1-1.clmp.fp2_r1_screen	170922.0	266561.0	40120.0	19006.0	12794.0	3573.0	3340.0	643.0	18.0	0.0	648928.0	18935901.0
Zdi-ADup_016-Ex1-11E-lcwgs-1-1.clmp.fp2_r2_screen	170911.0	266645.0	39909.0	18844.0	12635.0	3553.0	3405.0	706.0	27.0	0.0	653291.0	18931880.0
Zdi-ADup_017-Ex1-11F-lcwgs-1-1.clmp.fp2_r1_screen	74058.0	23274.0	21368.0	8639.0	6649.0	1732.0	1281.0	319.0	6.0	0.0	287963.0	11487565.0
Zdi-ADup_017-Ex1-11F-lcwgs-1-1.clmp.fp2_r2_screen	73853.0	23220.0	21091.0	8672.0	6728.0	1648.0	1297.0	339.0	7.0	0.0	289626.0	11486373.0
Zdi-ADup_018-Ex1-11G-lcwgs-1-1.clmp.fp2_r1_screen	114531.0	101664.0	319788.0	15837.0	10170.0	2666.0	2223.0	517.0	10.0	0.0	490042.0	18309724.0
Zdi-ADup_018-Ex1-11G-lcwgs-1-1.clmp.fp2_r2_screen	114973.0	101536.0	319363.0	15654.0	10042.0	2541.0	2166.0	570.0	10.0	0.0	494467.0	18305850.0
Zdi-ADup_019-Ex1-11H-lcwgs-1-1.clmp.fp2_r1_screen	21422.0	10411.0	5999.0	2504.0	1875.0	516.0	433.0	87.0	2.0	0.0	64031.0	3517025.0
Zdi-ADup_019-Ex1-11H-lcwgs-1-1.clmp.fp2_r2_screen	21449.0	10480.0	5986.0	2585.0	1867.0	482.0	395.0	90.0	2.0	0.0	64306.0	3516663.0
Zdi-ADup_020-Ex1-12A-lcwgs-1-1.clmp.fp2_r1_screen	87.0	251.0	30.0	9.0	5.0	1.0	1.0	3.0	0.0	0.0	521.0	11149.0
Zdi-ADup_020-Ex1-12A-lcwgs-1-1.clmp.fp2_r2_screen	89.0	255.0	34.0	9.0	4.0	2.0	2.0	4.0	0.0	0.0	508.0	11150.0
Zdi-ADup_021-Ex1-12B-lcwgs-1-1.clmp.fp2_r1_screen	577.0	718.0	192.0	65.0	48.0	9.0	8.0	4.0	0.0	0.0	3163.0	76699.0
Zdi-ADup_021-Ex1-12B-lcwgs-1-1.clmp.fp2_r2_screen	571.0	698.0	197.0	69.0	52.0	8.0	13.0	2.0	0.0	0.0	3222.0	76651.0
Zdi-ADup_022-Ex1-12C-lcwgs-1-1.clmp.fp2_r1_screen	259935.0	166449.0	65938.0	31308.0	21021.0	5702.0	5363.0	1201.0	30.0	0.0	1056788.0	34896094.0
Zdi-ADup_022-Ex1-12C-lcwgs-1-1.clmp.fp2_r2_screen	261226.0	166017.0	65606.0	30778.0	21293.0	5749.0	5273.0	1153.0	28.0	0.0	1063914.0	34888792.0
Zdi-ADup_023-Ex1-12D-lcwgs-1-1.clmp.fp2_r1_screen	36317.0	20815.0	32721.0	4112.0	3050.0	788.0	604.0	162.0	6.0	0.0	197239.0	4786892.0
Zdi-ADup_023-Ex1-12D-lcwgs-1-1.clmp.fp2_r2_screen	36780.0	21061.0	32641.0	4089.0	3029.0	781.0	651.0	134.0	6.0	0.0	197150.0	4786384.0
Zdi-ADup_024-Ex1-12E-lcwgs-1-1.clmp.fp2_r1_screen	39939.0	264940.0	9677.0	2596.0	1055.0	231.0	329.0	209.0	2.0	0.0	293062.0	2847764.0
Zdi-ADup_024-Ex1-12E-lcwgs-1-1.clmp.fp2_r2_screen	39903.0	264944.0	9694.0	2484.0	1030.0	254.0	321.0	193.0	2.0	0.0	292869.0	2848110.0
Zdi-ADup_025-Ex1-2A-lcwgs-1-1.clmp.fp2_r1_screen	1077.0	471.0	215.0	92.0	73.0	21.0	23.0	4.0	0.0	0.0	3883.0	130389.0
Zdi-ADup_025-Ex1-2A-lcwgs-1-1.clmp.fp2_r2_screen	1036.0	475.0	220.0	86.0	56.0	18.0	18.0	2.0	0.0	0.0	3894.0	130443.0
Zdi-ADup_026-Ex1-12G-lcwgs-1-1.clmp.fp2_r1_screen	5521.0	3763.0	2652.0	600.0	484.0	114.0	98.0	25.0	1.0	0.0	27694.0	1042422.0
Zdi-ADup_026-Ex1-12G-lcwgs-1-1.clmp.fp2_r2_screen	5490.0	3805.0	2667.0	618.0	489.0	114.0	108.0	34.0	1.0	0.0	27626.0	1042422.0
Zdi-ADup_027-Ex1-12H-lcwgs-1-1.clmp.fp2_r1_screen	135125.0	119271.0	99569.0	14086.0	11454.0	2783.0	2009.0	653.0	9.0	0.0	723629.0	20628424.0
Zdi-ADup_027-Ex1-12H-lcwgs-1-1.clmp.fp2_r2_screen	135818.0	118977.0	99573.0	13866.0	11338.0	2828.0	1950.0	648.0	7.0	0.0	723583.0	20628424.0
Zdi-ADup_028-Ex1-9F-lcwgs-1-1.clmp.fp2_r1_screen	62434.0	25529.0	21104.0	7050.0	4808.0	1251.0	1176.0	301.0	25.0	0.0	195543.0	8378873.0
Zdi-ADup_028-Ex1-9F-lcwgs-1-1.clmp.fp2_r2_screen	62706.0	25448.0	21352.0	7057.0	4807.0	1358.0	1142.0	261.0	5.0	0.0	195954.0	8378004.0
Zdi-ADup_029-Ex1-1A-lcwgs-1-1.clmp.fp2_r1_screen	431.0	318.0	64.0	36.0	22.0	2.0	4.0	8.0	0.0	0.0	1685.0	42828.0
Zdi-ADup_029-Ex1-1A-lcwgs-1-1.clmp.fp2_r2_screen	430.0	319.0	49.0	29.0	18.0	5.0	9.0	6.0	0.0	0.0	1691.0	42842.0
Zdi-ADup_030-Ex1-1B-lcwgs-1-1.clmp.fp2_r1_screen	892.0	535.0	211.0	89.0	41.0	12.0	15.0	15.0	0.0	0.0	3427.0	123117.0
Zdi-ADup_030-Ex1-1B-lcwgs-1-1.clmp.fp2_r2_screen	916.0	525.0	219.0	77.0	43.0	14.0	21.0	13.0	0.0	0.0	3422.0	123104.0
Zdi-ADup_031-Ex1-1C-lcwgs-1-1.clmp.fp2_r1_screen	1758.0	1136.0	264.0	165.0	92.0	26.0	43.0	26.0	0.0	0.0	6433.0	174179.0
Zdi-ADup_031-Ex1-1C-lcwgs-1-1.clmp.fp2_r2_screen	1731.0	1109.0	263.0	169.0	69.0	16.0	42.0	29.0	0.0	0.0	6515.0	174179.0
Zdi-ADup_032-Ex1-1D-lcwgs-1-1.clmp.fp2_r1_screen	16717.0	53994.0	10255.0	1642.0	1086.0	286.0	307.0	114.0	3.0	0.0	74923.0	2059702.0
Zdi-ADup_032-Ex1-1D-lcwgs-1-1.clmp.fp2_r2_screen	16772.0	53753.0	10226.0	1694.0	997.0	284.0	293.0	117.0	0.0	0.0	75413.0	2059480.0
Zdi-ADup_033-Ex1-1E-lcwgs-1-1.clmp.fp2_r1_screen	2274.0	1361.0	458.0	229.0	152.0	29.0	46.0	21.0	1.0	0.0	7023.0	257407.0
Zdi-ADup_033-Ex1-1E-lcwgs-1-1.clmp.fp2_r2_screen	2313.0	1364.0	430.0	215.0	146.0	39.0	28.0	23.0	0.0	0.0	7171.0	257272.0
Zdi-ADup_034-Ex1-1F-lcwgs-1-1.clmp.fp2_r1_screen	2407.0	1261.0	438.0	213.0	146.0	47.0	52.0	32.0	0.0	0.0	7515.0	274198.0
Zdi-ADup_034-Ex1-1F-lcwgs-1-1.clmp.fp2_r2_screen	2372.0	1298.0	395.0	241.0	158.0	37.0	43.0	31.0	0.0	0.0	7565.0	274169.0
Zdi-ADup_035-Ex1-1G-lcwgs-1-1.clmp.fp2_r1_screen	9566.0	3127.0	1810.0	1039.0	694.0	199.0	195.0	47.0	1.0	0.0	30293.0	1127302.0
Zdi-ADup_035-Ex1-1G-lcwgs-1-1.clmp.fp2_r2_screen	9733.0	3187.0	1897.0	1047.0	640.0	194.0	170.0	63.0	0.0	0.0	30393.0	1126949.0
Zdi-ADup_036-Ex1-1H-lcwgs-1-1.clmp.fp2_r1_screen	3097.0	4032.0	455.0	222.0	133.0	43.0	53.0	28.0	0.0	0.0	11795.0	319005.0
Zdi-ADup_036-Ex1-1H-lcwgs-1-1.clmp.fp2_r2_screen	3139.0	3986.0	456.0	226.0	150.0	39.0	38.0	23.0	0.0	0.0	11869.0	318937.0
Zdi-ADup_037-Ex1-3D-lcwgs-1-1.clmp.fp2_r1_screen	2551.0	1647.0	1046.0	245.0	163.0	40.0	31.0	20.0	0.0	0.0	7981.0	245696.0
Zdi-ADup_037-Ex1-3D-lcwgs-1-1.clmp.fp2_r2_screen	2583.0	1637.0	1025.0	199.0	147.0	55.0	44.0	24.0	0.0	0.0	8036.0	245670.0
Zdi-ADup_038-Ex1-2B-lcwgs-1-1.clmp.fp2_r1_screen	1115.0	349.0	281.0	128.0	58.0	23.0	17.0	2.0	0.0	0.0	3582.0	132283.0
Zdi-ADup_038-Ex1-2B-lcwgs-1-1.clmp.fp2_r2_screen	1170.0	350.0	265.0	108.0	79.0	17.0	16.0	10.0	0.0	0.0	3623.0	132200.0
Zdi-ADup_039-Ex1-2C-lcwgs-1-1.clmp.fp2_r1_screen	1899.0	642.0	303.0	170.0	119.0	28.0	28.0	12.0	1.0	0.0	6229.0	209372.0
Zdi-ADup_039-Ex1-2C-lcwgs-1-1.clmp.fp2_r2_screen	1876.0	622.0	306.0	194.0	116.0	37.0	20.0	8.0	0.0	0.0	6274.0	209350.0
Zdi-ADup_040-Ex1-2D-lcwgs-1-1.clmp.fp2_r1_screen	2181.0	771.0	1103.0	203.0	145.0	28.0	40.0	13.0	1.0	0.0	7606.0	254229.0
Zdi-ADup_040-Ex1-2D-lcwgs-1-1.clmp.fp2_r2_screen	2177.0	774.0	1099.0	201.0	148.0	30.0	39.0	12.0	0.0	0.0	7558.0	254282.0
Zdi-ADup_041-Ex1-2E-lcwgs-1-1.clmp.fp2_r1_screen	1075.0	359.0	186.0	120.0	79.0	11.0	19.0	6.0	0.0	0.0	3550.0	121172.0
Zdi-ADup_041-Ex1-2E-lcwgs-1-1.clmp.fp2_r2_screen	1063.0	383.0	218.0	102.0	71.0	15.0	19.0	5.0	0.0	0.0	3529.0	121172.0
Zdi-ADup_042-Ex1-2F-lcwgs-1-1.clmp.fp2_r1_screen	116826.0	69124.0	25555.0	13041.0	9473.0	2687.0	2371.0	442.0	20.0	0.0	362529.0	15283610.0
Zdi-ADup_042-Ex1-2F-lcwgs-1-1.clmp.fp2_r2_screen	117382.0	68990.0	25484.0	13049.0	9133.0	2696.0	2467.0	442.0	19.0	0.0	365583.0	15280433.0
Zdi-ADup_043-Ex1-2G-lcwgs-1-1.clmp.fp2_r1_screen	9525.0	8084.0	2298.0	1015.0	695.0	247.0	198.0	32.0	0.0	0.0	30194.0	1133370.0
Zdi-ADup_043-Ex1-2G-lcwgs-1-1.clmp.fp2_r2_screen	9579.0	8074.0	2298.0	982.0	738.0	216.0	200.0	33.0	0.0	0.0	30287.0	1133251.0
Zdi-ADup_044-Ex1-2H-lcwgs-1-1.clmp.fp2_r1_screen	61745.0	46127.0	14305.0	6482.0	4328.0	1281.0	1263.0	195.0	7.0	0.0	224000.0	6638958.0
Zdi-ADup_044-Ex1-2H-lcwgs-1-1.clmp.fp2_r2_screen	61634.0	46269.0	14120.0	6564.0	4279.0	1289.0	1216.0	210.0	8.0	0.0	224844.0	6638258.0
Zdi-ADup_045-Ex1-3A-lcwgs-1-1.clmp.fp2_r1_screen	2036.0	486.0	373.0	224.0	153.0	47.0	49.0	7.0	0.0	0.0	6132.0	259047.0
Zdi-ADup_045-Ex1-3A-lcwgs-1-1.clmp.fp2_r2_screen	2051.0	468.0	375.0	177.0	162.0	35.0	36.0	11.0	0.0	0.0	6139.0	259100.0
Zdi-ADup_046-Ex1-3B-lcwgs-1-1.clmp.fp2_r1_screen	1291.0	550.0	266.0	114.0	78.0	32.0	20.0	4.0	0.0	0.0	4204.0	124355.0
Zdi-ADup_046-Ex1-3B-lcwgs-1-1.clmp.fp2_r2_screen	1341.0	561.0	273.0	117.0	71.0	17.0	30.0	11.0	0.0	0.0	4151.0	124342.0
Zdi-ADup_047-Ex1-3C-lcwgs-1-1.clmp.fp2_r1_screen	12878.0	6100.0	2450.0	1422.0	842.0	254.0	271.0	51.0	1.0	0.0	52075.0	1517474.0
Zdi-ADup_047-Ex1-3C-lcwgs-1-1.clmp.fp2_r2_screen	12834.0	6106.0	2448.0	1479.0	877.0	296.0	254.0	60.0	0.0	0.0	52150.0	1517314.0
Zdi-CDup_001-Ex1-5D-lcwgs-1-1.clmp.fp2_r1_screen	10912.0	1829.0	1973.0	1192.0	889.0	205.0	137.0	71.0	1.0	0.0	60439.0	1242884.0
Zdi-CDup_001-Ex1-5D-lcwgs-1-1.clmp.fp2_r2_screen	11079.0	1801.0	1895.0	1208.0	893.0	202.0	158.0	73.0	2.0	0.0	60601.0	1242620.0
Zdi-CDup_002-Ex1-5E-lcwgs-1-1.clmp.fp2_r1_screen	1166.0	153.0	238.0	101.0	110.0	17.0	16.0	4.0	0.0	0.0	5578.0	137941.0
Zdi-CDup_002-Ex1-5E-lcwgs-1-1.clmp.fp2_r2_screen	1133.0	149.0	223.0	120.0	107.0	28.0	17.0	6.0	0.0	0.0	5702.0	137839.0
Zdi-CDup_003-Ex1-5F-lcwgs-1-1.clmp.fp2_r1_screen	6581.0	866.0	1117.0	742.0	551.0	95.0	81.0	68.0	1.0	0.0	36289.0	705480.0
Zdi-CDup_003-Ex1-5F-lcwgs-1-1.clmp.fp2_r2_screen	6534.0	814.0	1084.0	668.0	572.0	123.0	77.0	65.0	2.0	0.0	36828.0	705104.0
Zdi-CDup_004-Ex1-5G-lcwgs-1-1.clmp.fp2_r1_screen	1220.0	138.0	221.0	135.0	93.0	25.0	22.0	6.0	0.0	0.0	6258.0	138681.0
Zdi-CDup_004-Ex1-5G-lcwgs-1-1.clmp.fp2_r2_screen	1200.0	145.0	220.0	143.0	102.0	25.0	17.0	8.0	0.0	0.0	6273.0	138666.0
Zdi-CDup_005-Ex1-5H-lcwgs-1-1.clmp.fp2_r1_screen	19249.0	5645.0	3716.0	2148.0	1755.0	346.0	312.0	118.0	5.0	0.0	90274.0	2248166.0
Zdi-CDup_005-Ex1-5H-lcwgs-1-1.clmp.fp2_r2_screen	19260.0	5663.0	3760.0	2168.0	1691.0	362.0	258.0	131.0	0.0	0.0	90749.0	2247692.0
Zdi-CDup_006-Ex1-6A-lcwgs-1-1.clmp.fp2_r1_screen	40496.0	5215.0	7968.0	4598.0	3738.0	883.0	700.0	303.0	12.0	0.0	195778.0	4903136.0
Zdi-CDup_006-Ex1-6A-lcwgs-1-1.clmp.fp2_r2_screen	41073.0	5255.0	8051.0	4680.0	3787.0	876.0	698.0	266.0	9.0	0.0	198093.0	4900039.0
Zdi-CDup_007-Ex1-6B-lcwgs-1-1.clmp.fp2_r1_screen	10636.0	1360.0	1882.0	1196.0	910.0	192.0	141.0	61.0	1.0	0.0	51789.0	1247814.0
Zdi-CDup_007-Ex1-6B-lcwgs-1-1.clmp.fp2_r2_screen	10671.0	1372.0	1879.0	1136.0	856.0	171.0	142.0	66.0	2.0	0.0	52005.0	1247682.0
Zdi-CDup_008-Ex1-6C-lcwgs-1-1.clmp.fp2_r1_screen	4547.0	733.0	747.0	441.0	389.0	91.0	64.0	23.0	0.0	0.0	21119.0	524953.0
Zdi-CDup_008-Ex1-6C-lcwgs-1-1.clmp.fp2_r2_screen	4450.0	705.0	799.0	486.0	369.0	79.0	63.0	27.0	2.0	0.0	21506.0	524621.0
Zdi-CDup_010-Ex1-6D-lcwgs-1-1.clmp.fp2_r1_screen	33656.0	4904.0	6131.0	3690.0	2868.0	612.0	498.0	170.0	7.0	0.0	158173.0	3620357.0
Zdi-CDup_010-Ex1-6D-lcwgs-1-1.clmp.fp2_r2_screen	33620.0	4964.0	5976.0	3727.0	2715.0	572.0	534.0	153.0	5.0	0.0	159976.0	3618824.0
Zdi-CDup_011-Ex1-6E-lcwgs-1-1.clmp.fp2_r1_screen	21751.0	2463.0	3994.0	2300.0	1927.0	459.0	363.0	104.0	3.0	0.0	92747.0	2645548.0
Zdi-CDup_011-Ex1-6E-lcwgs-1-1.clmp.fp2_r2_screen	21554.0	2438.0	4078.0	2364.0	1816.0	396.0	369.0	108.0	3.0	0.0	94648.0	2643885.0
Zdi-CDup_012-Ex1-6F-lcwgs-1-1.clmp.fp2_r1_screen	5224.0	1405.0	916.0	538.0	433.0	95.0	83.0	31.0	0.0	0.0	33879.0	598050.0
Zdi-CDup_012-Ex1-6F-lcwgs-1-1.clmp.fp2_r2_screen	5327.0	1430.0	898.0	575.0	446.0	89.0	77.0	33.0	1.0	0.0	33920.0	597858.0
Zdi-CDup_013-Ex1-6G-lcwgs-1-1.clmp.fp2_r1_screen	2681.0	300.0	496.0	273.0	190.0	42.0	42.0	14.0	1.0	0.0	12243.0	314641.0
Zdi-CDup_013-Ex1-6G-lcwgs-1-1.clmp.fp2_r2_screen	2805.0	311.0	450.0	260.0	229.0	52.0	44.0	14.0	0.0	0.0	12415.0	314343.0
Zdi-CDup_014-Ex1-6H-lcwgs-1-1.clmp.fp2_r1_screen	28827.0	2663.0	5647.0	3149.0	2289.0	537.0	529.0	101.0	3.0	0.0	123771.0	3506069.0
Zdi-CDup_014-Ex1-6H-lcwgs-1-1.clmp.fp2_r2_screen	29083.0	2694.0	5673.0	3187.0	2359.0	523.0	453.0	109.0	4.0	0.0	124900.0	3504600.0
Zdi-CDup_015-Ex1-7A-lcwgs-1-1.clmp.fp2_r1_screen	2732.0	329.0	495.0	282.0	243.0	43.0	52.0	20.0	1.0	0.0	12927.0	318628.0
Zdi-CDup_015-Ex1-7A-lcwgs-1-1.clmp.fp2_r2_screen	2703.0	312.0	474.0	320.0	229.0	54.0	53.0	15.0	1.0	0.0	13131.0	318460.0
Zdi-CDup_016-Ex1-7B-lcwgs-1-1.clmp.fp2_r1_screen	22128.0	2598.0	4076.0	2478.0	1846.0	424.0	315.0	147.0	8.0	0.0	106794.0	2620235.0
Zdi-CDup_016-Ex1-7B-lcwgs-1-1.clmp.fp2_r2_screen	22303.0	2610.0	4122.0	2380.0	1753.0	412.0	331.0	156.0	5.0	0.0	107846.0	2619131.0
Zdi-CDup_017-Ex1-7C-lcwgs-1-1.clmp.fp2_r1_screen	5838.0	1424.0	1048.0	653.0	463.0	124.0	78.0	25.0	1.0	0.0	26854.0	704005.0
Zdi-CDup_017-Ex1-7C-lcwgs-1-1.clmp.fp2_r2_screen	5762.0	1395.0	1051.0	611.0	504.0	102.0	78.0	27.0	0.0	0.0	27200.0	703783.0
Zdi-CDup_018-Ex1-7D-lcwgs-1-1.clmp.fp2_r1_screen	21904.0	4026.0	3933.0	2479.0	1823.0	424.0	272.0	204.0	2.0	0.0	119980.0	2416207.0
Zdi-CDup_018-Ex1-7D-lcwgs-1-1.clmp.fp2_r2_screen	22095.0	3989.0	3971.0	2469.0	1838.0	446.0	272.0	220.0	2.0	0.0	121288.0	2414664.0
Zdi-CDup_019-Ex1-7E-lcwgs-1-1.clmp.fp2_r1_screen	38035.0	2997.0	7348.0	4246.0	3203.0	714.0	670.0	188.0	10.0	0.0	171995.0	4559851.0
Zdi-CDup_019-Ex1-7E-lcwgs-1-1.clmp.fp2_r2_screen	38201.0	2967.0	7311.0	4194.0	3330.0	745.0	648.0	200.0	4.0	0.0	173722.0	4557935.0
Zdi-CDup_020-Ex1-7F-lcwgs-1-1.clmp.fp2_r1_screen	1301.0	151.0	236.0	142.0	97.0	32.0	12.0	9.0	0.0	0.0	7231.0	149316.0
Zdi-CDup_020-Ex1-7F-lcwgs-1-1.clmp.fp2_r2_screen	1358.0	155.0	254.0	130.0	94.0	27.0	24.0	9.0	0.0	0.0	7223.0	149253.0
Zdi-CDup_021-Ex1-7G-lcwgs-1-1.clmp.fp2_r1_screen	41867.0	3594.0	8312.0	4604.0	3517.0	817.0	685.0	193.0	16.0	0.0	176726.0	5053297.0
Zdi-CDup_021-Ex1-7G-lcwgs-1-1.clmp.fp2_r2_screen	42551.0	3631.0	8156.0	4648.0	3396.0	797.0	719.0	190.0	6.0	0.0	179413.0	5050121.0
Zdi-CDup_022-Ex1-7H-lcwgs-1-1.clmp.fp2_r1_screen	5071.0	351.0	975.0	571.0	401.0	102.0	71.0	19.0	1.0	0.0	21176.0	662069.0
Zdi-CDup_022-Ex1-7H-lcwgs-1-1.clmp.fp2_r2_screen	5270.0	363.0	965.0	582.0	423.0	97.0	80.0	32.0	2.0	0.0	21477.0	661516.0
Zdi-CDup_023-Ex1-8A-lcwgs-1-1.clmp.fp2_r1_screen	439.0	50.0	77.0	44.0	41.0	11.0	5.0	5.0	0.0	0.0	2312.0	51854.0
Zdi-CDup_023-Ex1-8A-lcwgs-1-1.clmp.fp2_r2_screen	497.0	42.0	80.0	48.0	47.0	4.0	6.0	7.0	0.0	0.0	2308.0	51799.0
Zdi-CDup_024-Ex1-8B-lcwgs-1-1.clmp.fp2_r1_screen	295.0	40.0	59.0	45.0	29.0	2.0	4.0	2.0	0.0	0.0	2201.0	38253.0
Zdi-CDup_024-Ex1-8B-lcwgs-1-1.clmp.fp2_r2_screen	345.0	41.0	53.0	32.0	25.0	6.0	8.0	3.0	0.0	0.0	2181.0	38236.0
Zdi-CDup_025-Ex1-8C-lcwgs-1-1.clmp.fp2_r1_screen	782.0	73.0	148.0	93.0	48.0	14.0	3.0	3.0	0.0	0.0	3831.0	89958.0
Zdi-CDup_025-Ex1-8C-lcwgs-1-1.clmp.fp2_r2_screen	772.0	80.0	152.0	73.0	49.0	24.0	16.0	0.0	0.0	0.0	3848.0	89939.0
Zdi-CDup_026-Ex1-8D-lcwgs-1-1.clmp.fp2_r1_screen	4039.0	478.0	751.0	430.0	333.0	77.0	63.0	21.0	0.0	0.0	20134.0	523273.0
Zdi-CDup_026-Ex1-8D-lcwgs-1-1.clmp.fp2_r2_screen	4153.0	508.0	718.0	458.0	359.0	83.0	64.0	26.0	0.0	0.0	20287.0	522943.0
Zdi-CDup_027-Ex1-8E-lcwgs-1-1.clmp.fp2_r1_screen	428.0	52.0	64.0	33.0	25.0	11.0	2.0	4.0	0.0	0.0	2137.0	50026.0
Zdi-CDup_027-Ex1-8E-lcwgs-1-1.clmp.fp2_r2_screen	405.0	53.0	79.0	38.0	30.0	13.0	5.0	2.0	0.0	0.0	2162.0	49995.0
Zdi-CDup_028-Ex1-8F-lcwgs-1-1.clmp.fp2_r1_screen	1003.0	122.0	202.0	104.0	81.0	18.0	20.0	4.0	0.0	0.0	5458.0	121396.0
Zdi-CDup_028-Ex1-8F-lcwgs-1-1.clmp.fp2_r2_screen	1019.0	124.0	200.0	133.0	71.0	15.0	17.0	9.0	0.0	0.0	5513.0	121307.0
Zdi-CDup_029-Ex1-8G-lcwgs-1-1.clmp.fp2_r1_screen	755.0	101.0	155.0	93.0	82.0	17.0	19.0	13.0	1.0	0.0	3275.0	103656.0
Zdi-CDup_029-Ex1-8G-lcwgs-1-1.clmp.fp2_r2_screen	778.0	82.0	151.0	75.0	65.0	18.0	15.0	6.0	1.0	0.0	3363.0	103613.0
Zdi-CDup_030-Ex1-8H-lcwgs-1-1.clmp.fp2_r1_screen	194.0	25.0	35.0	20.0	15.0	5.0	5.0	1.0	0.0	0.0	927.0	23211.0
Zdi-CDup_030-Ex1-8H-lcwgs-1-1.clmp.fp2_r2_screen	179.0	31.0	33.0	20.0	17.0	5.0	3.0	2.0	0.0	0.0	991.0	23157.0
Zdi-CDup_031-Ex1-9A-lcwgs-1-1.clmp.fp2_r1_screen	22135.0	2055.0	4287.0	2413.0	1844.0	447.0	357.0	153.0	6.0	0.0	101430.0	2685883.0
Zdi-CDup_031-Ex1-9A-lcwgs-1-1.clmp.fp2_r2_screen	22253.0	2069.0	4189.0	2416.0	1849.0	458.0	348.0	139.0	3.0	0.0	102813.0	2684473.0
Zdi-CDup_032-Ex1-9B-lcwgs-1-1.clmp.fp2_r1_screen	1577.0	188.0	316.0	170.0	153.0	30.0	27.0	21.0	0.0	0.0	9119.0	177332.0
Zdi-CDup_032-Ex1-9B-lcwgs-1-1.clmp.fp2_r2_screen	1606.0	187.0	268.0	188.0	168.0	22.0	26.0	16.0	0.0	0.0	9063.0	177389.0
Zdi-CDup_033-Ex1-9C-lcwgs-1-1.clmp.fp2_r1_screen	7856.0	1053.0	1420.0	824.0	653.0	126.0	96.0	35.0	2.0	0.0	36379.0	940209.0
Zdi-CDup_033-Ex1-9C-lcwgs-1-1.clmp.fp2_r2_screen	7702.0	1040.0	1413.0	871.0	613.0	125.0	99.0	37.0	0.0	0.0	36841.0	939912.0
Zdi-CDup_034-Ex1-9D-lcwgs-1-1.clmp.fp2_r1_screen	19095.0	1924.0	3523.0	2088.0	1594.0	358.0	295.0	101.0	1.0	0.0	87842.0	2252756.0
Zdi-CDup_034-Ex1-9D-lcwgs-1-1.clmp.fp2_r2_screen	19437.0	1888.0	3628.0	2102.0	1591.0	352.0	301.0	104.0	3.0	0.0	88362.0	2251809.0
Zdi-CDup_035-Ex1-9E-lcwgs-1-1.clmp.fp2_r1_screen	3169.0	378.0	598.0	307.0	251.0	52.0	56.0	17.0	1.0	0.0	14114.0	389310.0
Zdi-CDup_035-Ex1-9E-lcwgs-1-1.clmp.fp2_r2_screen	3180.0	382.0	601.0	331.0	241.0	52.0	34.0	18.0	0.0	0.0	14349.0	389065.0
Zdi-CDup_036-Ex1-9F-lcwgs-1-1.clmp.fp2_r1_screen	967.0	109.0	172.0	121.0	64.0	18.0	19.0	2.0	0.0	0.0	4847.0	116610.0
Zdi-CDup_036-Ex1-9F-lcwgs-1-1.clmp.fp2_r2_screen	932.0	116.0	177.0	116.0	59.0	12.0	13.0	0.0	0.0	0.0	4882.0	116622.0
Zdi-CDup_037-Ex1-9G-lcwgs-1-1.clmp.fp2_r1_screen	3491.0	494.0	647.0	384.0	275.0	71.0	62.0	18.0	3.0	0.0	18124.0	420276.0
Zdi-CDup_037-Ex1-9G-lcwgs-1-1.clmp.fp2_r2_screen	3575.0	511.0	584.0	390.0	268.0	60.0	37.0	20.0	0.0	0.0	18346.0	420054.0
Zdi-CDup_038-Ex1-9H-lcwgs-1-1.clmp.fp2_r1_screen	1532.0	158.0	252.0	137.0	119.0	32.0	20.0	11.0	1.0	0.0	8288.0	180910.0
Zdi-CDup_038-Ex1-9H-lcwgs-1-1.clmp.fp2_r2_screen	1509.0	148.0	294.0	148.0	123.0	33.0	22.0	11.0	0.0	0.0	8205.0	180967.0
Zdi-CDup_039-Ex1-10A-lcwgs-1-1.clmp.fp2_r1_screen	1700.0	177.0	372.0	231.0	160.0	42.0	22.0	8.0	1.0	0.0	8902.0	218370.0
Zdi-CDup_039-Ex1-10A-lcwgs-1-1.clmp.fp2_r2_screen	1824.0	197.0	358.0	193.0	155.0	33.0	28.0	15.0	2.0	0.0	8948.0	218232.0
Zdi-CDup_040-Ex1-10B-lcwgs-1-1.clmp.fp2_r1_screen	1632.0	133.0	296.0	150.0	143.0	25.0	24.0	10.0	0.0	0.0	7664.0	202055.0
Zdi-CDup_040-Ex1-10B-lcwgs-1-1.clmp.fp2_r2_screen	1640.0	131.0	316.0	178.0	133.0	34.0	28.0	12.0	0.0	0.0	7690.0	201970.0
Zdi-CDup_041-Ex1-10C-lcwgs-1-1.clmp.fp2_r1_screen	4161.0	415.0	754.0	444.0	319.0	77.0	52.0	29.0	1.0	0.0	20067.0	486706.0
Zdi-CDup_041-Ex1-10C-lcwgs-1-1.clmp.fp2_r2_screen	4229.0	416.0	724.0	462.0	340.0	86.0	55.0	31.0	1.0	0.0	20129.0	486552.0
Zdi-CDup_042-Ex1-10D-lcwgs-1-1.clmp.fp2_r1_screen	19760.0	1804.0	3503.0	2198.0	1707.0	389.0	353.0	225.0	1.0	0.0	93689.0	2399393.0
Zdi-CDup_042-Ex1-10D-lcwgs-1-1.clmp.fp2_r2_screen	19888.0	1795.0	3636.0	2147.0	1681.0	381.0	309.0	198.0	2.0	0.0	94601.0	2398384.0
Zdi-CDup_043-Ex1-10E-lcwgs-1-1.clmp.fp2_r1_screen	39778.0	5286.0	7772.0	4577.0	3723.0	726.0	594.0	344.0	19.0	0.0	215806.0	4451834.0
Zdi-CDup_043-Ex1-10E-lcwgs-1-1.clmp.fp2_r2_screen	40092.0	5244.0	7598.0	4583.0	3824.0	761.0	587.0	306.0	3.0	0.0	217992.0	4449469.0
Zdi-CDup_044-Ex1-10F-lcwgs-1-1.clmp.fp2_r1_screen	1043.0	141.0	165.0	104.0	79.0	20.0	14.0	8.0	0.0	0.0	5692.0	114639.0
Zdi-CDup_044-Ex1-10F-lcwgs-1-1.clmp.fp2_r2_screen	1010.0	129.0	179.0	109.0	84.0	15.0	18.0	3.0	0.0	0.0	5756.0	114602.0
Zdi-CDup_045-Ex1-10G-lcwgs-1-1.clmp.fp2_r1_screen	6470.0	786.0	1188.0	656.0	500.0	136.0	103.0	36.0	1.0	0.0	26999.0	795516.0
Zdi-CDup_045-Ex1-10G-lcwgs-1-1.clmp.fp2_r2_screen	6438.0	752.0	1174.0	698.0	509.0	117.0	99.0	30.0	1.0	0.0	27141.0	795432.0
Zdi-CDup_046-Ex1-10H-lcwgs-1-1.clmp.fp2_r1_screen	3241.0	497.0	639.0	350.0	257.0	48.0	61.0	14.0	0.0	0.0	14384.0	397859.0
Zdi-CDup_046-Ex1-10H-lcwgs-1-1.clmp.fp2_r2_screen	3182.0	513.0	568.0	340.0	269.0	51.0	35.0	17.0	0.0	0.0	14599.0	397776.0
Zdi-CDup_047-Ex1-11A-lcwgs-1-1.clmp.fp2_r1_screen	60774.0	4093.0	11083.0	6694.0	4895.0	1142.0	1004.0	413.0	14.0	0.0	268236.0	7060847.0
Zdi-CDup_047-Ex1-11A-lcwgs-1-1.clmp.fp2_r2_screen	61137.0	4012.0	11261.0	6586.0	4734.0	1150.0	939.0	388.0	9.0	0.0	270357.0	7058622.0
Zdi-CDup_048-Ex1-11B-lcwgs-1-1.clmp.fp2_r1_screen	1110.0	112.0	163.0	123.0	87.0	30.0	14.0	5.0	0.0	0.0	5931.0	132439.0
Zdi-CDup_048-Ex1-11B-lcwgs-1-1.clmp.fp2_r2_screen	1127.0	110.0	174.0	120.0	85.0	22.0	13.0	7.0	0.0	0.0	6015.0	132341.0
Zdi-CDup_049-Ex1-11C-lcwgs-1-1.clmp.fp2_r1_screen	1395.0	138.0	264.0	158.0	129.0	20.0	20.0	10.0	0.0	0.0	7323.0	168299.0
Zdi-CDup_049-Ex1-11C-lcwgs-1-1.clmp.fp2_r2_screen	1420.0	121.0	279.0	166.0	113.0	18.0	20.0	8.0	1.0	0.0	7311.0	168299.0
Zdi-CDup_050-Ex1-11D-lcwgs-1-1.clmp.fp2_r1_screen	1957.0	264.0	353.0	224.0	185.0	34.0	30.0	14.0	0.0	0.0	10346.0	235789.0
Zdi-CDup_050-Ex1-11D-lcwgs-1-1.clmp.fp2_r2_screen	1928.0	252.0	370.0	242.0	184.0	38.0	34.0	10.0	1.0	0.0	10373.0	235764.0
Zdi-CDup_051-Ex1-11E-lcwgs-1-1.clmp.fp2_r1_screen	1458.0	216.0	259.0	173.0	123.0	22.0	15.0	8.0	3.0	0.0	7169.0	167774.0
Zdi-CDup_051-Ex1-11E-lcwgs-1-1.clmp.fp2_r2_screen	1440.0	230.0	281.0	151.0	137.0	21.0	14.0	12.0	0.0	0.0	7267.0	167667.0
Zdi-CDup_053-Ex1-11F-lcwgs-1-1.clmp.fp2_r1_screen	449.0	65.0	72.0	57.0	32.0	8.0	5.0	5.0	0.0	0.0	2328.0	54075.0
Zdi-CDup_053-Ex1-11F-lcwgs-1-1.clmp.fp2_r2_screen	489.0	62.0	69.0	50.0	38.0	8.0	1.0	5.0	0.0	0.0	2385.0	53989.0
Zdi-CDup_054-Ex1-11G-lcwgs-1-1.clmp.fp2_r1_screen	3817.0	313.0	625.0	413.0	278.0	62.0	52.0	13.0	2.0	0.0	20376.0	437448.0
Zdi-CDup_054-Ex1-11G-lcwgs-1-1.clmp.fp2_r2_screen	3933.0	312.0	677.0	383.0	279.0	52.0	28.0	11.0	1.0	0.0	20414.0	437309.0
Zdi-CDup_055-Ex1-11H-lcwgs-1-1.clmp.fp2_r1_screen	472.0	62.0	83.0	52.0	38.0	7.0	8.0	2.0	0.0	0.0	2487.0	54431.0
Zdi-CDup_055-Ex1-11H-lcwgs-1-1.clmp.fp2_r2_screen	437.0	56.0	89.0	44.0	36.0	4.0	5.0	7.0	0.0	0.0	2550.0	54414.0
Zdi-CDup_056-Ex1-12A-lcwgs-1-1.clmp.fp2_r1_screen	33477.0	6339.0	6812.0	3818.0	3085.0	712.0	631.0	165.0	7.0	0.0	149559.0	4224059.0
Zdi-CDup_056-Ex1-12A-lcwgs-1-1.clmp.fp2_r2_screen	33633.0	6246.0	7062.0	3921.0	3044.0	705.0	599.0	160.0	9.0	0.0	151440.0	4221845.0
Zdi-CDup_057-Ex1-12B-lcwgs-1-1.clmp.fp2_r1_screen	6713.0	1283.0	1223.0	757.0	560.0	131.0	118.0	57.0	0.0	0.0	33076.0	776978.0
Zdi-CDup_057-Ex1-12B-lcwgs-1-1.clmp.fp2_r2_screen	6657.0	1259.0	1220.0	729.0	551.0	132.0	103.0	48.0	0.0	0.0	33548.0	776649.0
Zdi-CDup_058-Ex1-12C-lcwgs-1-1.clmp.fp2_r1_screen	31672.0	2922.0	5824.0	3363.0	2457.0	593.0	502.0	129.0	5.0	0.0	133301.0	3881424.0
Zdi-CDup_058-Ex1-12C-lcwgs-1-1.clmp.fp2_r2_screen	32131.0	2930.0	5747.0	3361.0	2408.0	548.0	496.0	134.0	5.0	0.0	134227.0	3880205.0
Zdi-CDup_059-Ex1-12D-lcwgs-1-1.clmp.fp2_r1_screen	5124.0	4125.0	1046.0	579.0	443.0	94.0	92.0	27.0	1.0	0.0	23636.0	627108.0
Zdi-CDup_059-Ex1-12D-lcwgs-1-1.clmp.fp2_r2_screen	5122.0	4167.0	1055.0	573.0	460.0	104.0	89.0	33.0	0.0	0.0	23895.0	626777.0
Zdi-CDup_060-Ex1-12E-lcwgs-1-1.clmp.fp2_r1_screen	1118.0	294.0	210.0	115.0	95.0	26.0	6.0	8.0	0.0	0.0	5420.0	136236.0
Zdi-CDup_060-Ex1-12E-lcwgs-1-1.clmp.fp2_r2_screen	1119.0	283.0	210.0	130.0	96.0	20.0	14.0	11.0	1.0	0.0	5408.0	136236.0
Zdi-CDup_061-Ex1-12F-lcwgs-1-1.clmp.fp2_r1_screen	12446.0	1394.0	2126.0	1228.0	879.0	187.0	172.0	37.0	1.0	0.0	57688.0	1490871.0
Zdi-CDup_061-Ex1-12F-lcwgs-1-1.clmp.fp2_r2_screen	12361.0	1354.0	2204.0	1262.0	905.0	181.0	189.0	57.0	0.0	0.0	57959.0	1490557.0
Zdi-CDup_062-Ex1-12G-lcwgs-1-1.clmp.fp2_r1_screen	1311.0	168.0	252.0	141.0	96.0	25.0	26.0	7.0	0.0	0.0	6599.0	167022.0
Zdi-CDup_062-Ex1-12G-lcwgs-1-1.clmp.fp2_r2_screen	1290.0	162.0	242.0	125.0	104.0	16.0	21.0	8.0	1.0	0.0	6638.0	167040.0
Zdi-CDup_064-Ex1-5A-lcwgs-1-1.clmp.fp2_r1_screen	9747.0	693.0	2087.0	1098.0	1048.0	213.0	170.0	51.0	3.0	0.0	41525.0	1403029.0
Zdi-CDup_064-Ex1-5A-lcwgs-1-1.clmp.fp2_r2_screen	9882.0	684.0	2062.0	1167.0	968.0	223.0	180.0	39.0	2.0	0.0	42158.0	1402299.0
Zdi-CDup_065-Ex1-5B-lcwgs-1-1.clmp.fp2_r1_screen	2306.0	219.0	461.0	258.0	214.0	58.0	38.0	24.0	0.0	0.0	11062.0	286586.0
Zdi-CDup_065-Ex1-5B-lcwgs-1-1.clmp.fp2_r2_screen	2280.0	202.0	411.0	231.0	182.0	46.0	39.0	25.0	1.0	0.0	11163.0	286646.0
Zdi-CDup_066-Ex1-5C-lcwgs-1-1.clmp.fp2_r1_screen	22712.0	5182.0	3878.0	2447.0	1877.0	372.0	241.0	172.0	4.0	0.0	129454.0	2440844.0
Zdi-CDup_066-Ex1-5C-lcwgs-1-1.clmp.fp2_r2_screen	22865.0	5218.0	3870.0	2494.0	1838.0	389.0	256.0	157.0	3.0	0.0	130292.0	2439801.0
Zdi-CDup_071-Ex1-12H-lcwgs-1-1.clmp.fp2_r1_screen	2304.0	328.0	423.0	227.0	239.0	50.0	42.0	25.0	0.0	0.0	11637.0	281887.0
Zdi-CDup_071-Ex1-12H-lcwgs-1-1.clmp.fp2_r2_screen	2348.0	333.0	436.0	232.0	197.0	48.0	33.0	15.0	1.0	0.0	11869.0	281650.0
