Sample	total_reads	Human counts	Human percentage	Ecoli counts	Ecoli percentage	PhiX counts	PhiX percentage	Contamnts_Adaptrs counts	Contamnts_Adaptrs percentage	Vectors counts	Vectors percentage	Bacteria_24k counts	Bacteria_24k percentage	Protists_1k counts	Protists_1k percentage	Viruses counts	Viruses percentage	Fungi_RefSeq_release counts	Fungi_RefSeq_release percentage	Coral counts	Coral percentage	Bird counts	Bird percentage	Plant counts	Plant percentage	No hits counts	No hits percentage
Zdi-ADup_001-Ex1-11B-lcwgs-1-1.clmp.fp2_r1_screen	15291176	466205.0	3.0500000000000003	219.0	0.0	0.0	0.0	102.0	0.0	48510.0	0.32	477943.0	3.12	654525.0	4.279999999999999	238211.0	1.5499999999999998	429493.0	2.81	294451.0	1.92	371906.0	2.4299999999999997	282645.0	1.8399999999999999	14395113	94.14
Zdi-ADup_001-Ex1-11B-lcwgs-1-1.clmp.fp2_r2_screen	15291176	469472.0	3.07	207.0	0.0	0.0	0.0	21.0	0.0	49629.0	0.33	478923.0	3.13	657934.0	4.29	239128.0	1.5599999999999998	432391.0	2.8200000000000003	295366.0	1.92	374099.0	2.45	283347.0	1.8499999999999999	14392054	94.12
Zdi-ADup_002-Ex1-9G-lcwgs-1-1.clmp.fp2_r1_screen	14321859	290497.0	2.0300000000000002	394.0	0.0	0.0	0.0	80.0	0.0	23668.0	0.16999999999999998	197322.0	1.37	411059.0	2.87	113842.0	0.79	256581.0	1.79	158261.0	1.1	214747.0	1.5	145199.0	1.01	13787653	96.27
Zdi-ADup_002-Ex1-9G-lcwgs-1-1.clmp.fp2_r2_screen	14321859	293103.0	2.04	398.0	0.0	0.0	0.0	17.0	0.0	24505.0	0.16999999999999998	198708.0	1.38	413702.0	2.8899999999999997	114976.0	0.7999999999999999	259630.0	1.81	159732.0	1.11	216245.0	1.51	146332.0	1.01	13784789	96.25
Zdi-ADup_003-Ex1-9H-lcwgs-1-1.clmp.fp2_r1_screen	16041443	346364.0	2.16	128.0	0.0	0.0	0.0	88.0	0.0	27461.0	0.17	233670.0	1.47	467147.0	2.92	137036.0	0.85	299486.0	1.86	186509.0	1.16	250955.0	1.56	174339.0	1.08	15427055	96.17
Zdi-ADup_003-Ex1-9H-lcwgs-1-1.clmp.fp2_r2_screen	16041443	347969.0	2.1799999999999997	117.0	0.0	0.0	0.0	14.0	0.0	28060.0	0.17	234466.0	1.47	470419.0	2.9399999999999995	137807.0	0.86	301289.0	1.8800000000000001	187511.0	1.16	252652.0	1.58	175532.0	1.09	15423847	96.15
Zdi-ADup_004-Ex1-10A-lcwgs-1-1.clmp.fp2_r1_screen	22698	599.0	2.65	1.0	0.0	0.0	0.0	0.0	0.0	53.0	0.23	672.0	2.96	930.0	4.09	259.0	1.1400000000000001	530.0	2.34	312.0	1.38	433.0	1.9100000000000001	278.0	1.2200000000000002	21376	94.18
Zdi-ADup_004-Ex1-10A-lcwgs-1-1.clmp.fp2_r2_screen	22698	569.0	2.5	1.0	0.0	0.0	0.0	0.0	0.0	49.0	0.22	653.0	2.8899999999999997	896.0	3.9400000000000004	252.0	1.1099999999999999	506.0	2.23	297.0	1.3099999999999998	412.0	1.81	293.0	1.2899999999999998	21417	94.36
Zdi-ADup_005-Ex1-10B-lcwgs-1-1.clmp.fp2_r1_screen	692847	19193.0	2.76	11.0	0.0	0.0	0.0	3.0	0.0	2055.0	0.29000000000000004	12140.0	1.7600000000000002	25093.0	3.63	9664.0	1.39	17496.0	2.53	11417.0	1.64	14838.0	2.14	10418.0	1.5	662985	95.69
Zdi-ADup_005-Ex1-10B-lcwgs-1-1.clmp.fp2_r2_screen	692847	19274.0	2.79	12.0	0.0	0.0	0.0	0.0	0.0	2092.0	0.3	12142.0	1.75	25093.0	3.62	9672.0	1.4	17526.0	2.53	11281.0	1.63	14855.0	2.15	10396.0	1.49	663054	95.7
Zdi-ADup_006-Ex1-10C-lcwgs-1-1.clmp.fp2_r1_screen	19231082	457866.0	2.38	439.0	0.0	0.0	0.0	117.0	0.0	43350.0	0.22999999999999998	362611.0	1.8900000000000001	650490.0	3.3899999999999997	199837.0	1.03	419161.0	2.18	271014.0	1.4	354648.0	1.85	251913.0	1.3	18377221	95.56
Zdi-ADup_006-Ex1-10C-lcwgs-1-1.clmp.fp2_r2_screen	19231082	463022.0	2.42	431.0	0.0	0.0	0.0	18.0	0.0	44716.0	0.22999999999999998	364382.0	1.9	655926.0	3.42	202022.0	1.04	423780.0	2.21	273934.0	1.42	359105.0	1.87	254534.0	1.3199999999999998	18371452	95.53
Zdi-ADup_007-Ex1-10D-lcwgs-1-1.clmp.fp2_r1_screen	18213822	545084.0	2.9899999999999998	1343.0	0.01	0.0	0.0	158.0	0.0	69935.0	0.38	414419.0	2.28	725442.0	3.99	293559.0	1.6099999999999999	510898.0	2.81	327016.0	1.8	419096.0	2.3	323935.0	1.78	17330451	95.15
Zdi-ADup_007-Ex1-10D-lcwgs-1-1.clmp.fp2_r2_screen	18213822	544930.0	2.9899999999999998	1346.0	0.01	0.0	0.0	31.0	0.0	69978.0	0.38	412599.0	2.27	726283.0	3.9800000000000004	292270.0	1.5999999999999999	511159.0	2.81	326297.0	1.8	418284.0	2.3	322657.0	1.77	17330451	95.15
Zdi-ADup_008-Ex1-10E-lcwgs-1-1.clmp.fp2_r1_screen	3311695	64278.0	1.95	115.0	0.0	0.0	0.0	22.0	0.0	3711.0	0.11	138565.0	4.18	123076.0	3.71	20950.0	0.63	54366.0	1.6400000000000001	33036.0	0.99	46122.0	1.3900000000000001	28671.0	0.86	3086499	93.2
Zdi-ADup_008-Ex1-10E-lcwgs-1-1.clmp.fp2_r2_screen	3311695	64579.0	1.96	132.0	0.0	0.0	0.0	4.0	0.0	3910.0	0.12000000000000001	139042.0	4.2	123607.0	3.73	21370.0	0.64	54895.0	1.6600000000000001	33384.0	1.01	46337.0	1.4000000000000001	29001.0	0.87	3085837	93.18
Zdi-ADup_009-Ex1-10F-lcwgs-1-1.clmp.fp2_r1_screen	853062	20202.0	2.37	9.0	0.0	0.0	0.0	5.0	0.0	1136.0	0.13	12210.0	1.44	22474.0	2.64	6283.0	0.74	13208.0	1.54	7432.0	0.87	10318.0	1.2	7299.0	0.86	818768	95.98
Zdi-ADup_009-Ex1-10F-lcwgs-1-1.clmp.fp2_r2_screen	853062	20314.0	2.39	7.0	0.0	0.0	0.0	2.0	0.0	1209.0	0.14	12260.0	1.44	22572.0	2.63	6322.0	0.74	13363.0	1.57	7477.0	0.88	10489.0	1.23	7378.0	0.87	818598	95.96
Zdi-ADup_010-Ex1-10G-lcwgs-1-1.clmp.fp2_r1_screen	197917	5559.0	2.81	6.0	0.0	0.0	0.0	1.0	0.0	575.0	0.29000000000000004	3938.0	1.9900000000000002	6948.0	3.51	2612.0	1.3199999999999998	4565.0	2.3	2901.0	1.47	3736.0	1.88	2845.0	1.44	188674	95.33
Zdi-ADup_010-Ex1-10G-lcwgs-1-1.clmp.fp2_r2_screen	197917	5561.0	2.81	6.0	0.0	0.0	0.0	0.0	0.0	570.0	0.29000000000000004	3982.0	2.02	6961.0	3.52	2639.0	1.3399999999999999	4557.0	2.3	2889.0	1.45	3770.0	1.9000000000000001	2794.0	1.4100000000000001	188674	95.33
Zdi-ADup_011-Ex1-10H-lcwgs-1-1.clmp.fp2_r1_screen	14274672	304371.0	2.13	139.0	0.0	0.0	0.0	108.0	0.0	22956.0	0.16	239512.0	1.6800000000000002	434958.0	3.04	117206.0	0.8099999999999999	263721.0	1.84	152368.0	1.07	211732.0	1.49	149536.0	1.04	13682273	95.85
Zdi-ADup_011-Ex1-10H-lcwgs-1-1.clmp.fp2_r2_screen	14274672	306589.0	2.15	132.0	0.0	0.0	0.0	17.0	0.0	23901.0	0.16	241065.0	1.69	437751.0	3.0700000000000003	118859.0	0.83	266355.0	1.87	154740.0	1.08	213907.0	1.5	151393.0	1.06	13680845	95.84
Zdi-ADup_012-Ex1-11A-lcwgs-1-1.clmp.fp2_r1_screen	258516	2936.0	1.1500000000000001	79.0	0.03	0.0	0.0	0.0	0.0	226.0	0.09	77890.0	30.13	26171.0	10.120000000000001	1017.0	0.39	1751.0	0.6799999999999999	767.0	0.29000000000000004	958.0	0.37	809.0	0.31000000000000005	174601	67.54
Zdi-ADup_012-Ex1-11A-lcwgs-1-1.clmp.fp2_r2_screen	258516	3018.0	1.17	92.0	0.04	0.0	0.0	0.0	0.0	324.0	0.12	77862.0	30.12	25974.0	10.05	1139.0	0.44	1893.0	0.74	888.0	0.33999999999999997	1054.0	0.41	890.0	0.35	174756	67.6
Zdi-ADup_013-Ex1-12F-lcwgs-1-1.clmp.fp2_r1_screen	1203897	112967.0	9.38	184.0	0.01	0.0	0.0	8.0	0.0	1617.0	0.14	194537.0	16.15	98306.0	8.15	10087.0	0.8400000000000001	20627.0	1.71	9630.0	0.7999999999999999	12675.0	1.05	9005.0	0.75	891967	74.09
Zdi-ADup_013-Ex1-12F-lcwgs-1-1.clmp.fp2_r2_screen	1203897	113107.0	9.4	211.0	0.01	0.0	0.0	8.0	0.0	1776.0	0.15000000000000002	194646.0	16.17	98600.0	8.19	10301.0	0.8600000000000001	20934.0	1.74	9815.0	0.8099999999999999	12780.0	1.06	9230.0	0.77	892087	74.1
Zdi-ADup_014-Ex1-11C-lcwgs-1-1.clmp.fp2_r1_screen	6146406	222063.0	3.62	228.0	0.0	0.0	0.0	81.0	0.0	27969.0	0.45	405064.0	6.58	350233.0	5.71	125107.0	2.0300000000000002	206194.0	3.35	139417.0	2.27	171512.0	2.79	138877.0	2.26	5566185	90.56
Zdi-ADup_014-Ex1-11C-lcwgs-1-1.clmp.fp2_r2_screen	6146406	222321.0	3.62	245.0	0.0	0.0	0.0	17.0	0.0	28052.0	0.46	404084.0	6.58	350470.0	5.71	124783.0	2.02	206267.0	3.3600000000000003	139104.0	2.27	171713.0	2.8	138649.0	2.25	5566185	90.56
Zdi-ADup_015-Ex1-11D-lcwgs-1-1.clmp.fp2_r1_screen	12643783	285610.0	2.2600000000000002	52.0	0.0	0.0	0.0	80.0	0.0	21328.0	0.17	162143.0	1.28	392343.0	3.11	119523.0	0.9400000000000001	262144.0	2.08	154652.0	1.22	210628.0	1.6700000000000002	148716.0	1.17	12172169	96.27
Zdi-ADup_015-Ex1-11D-lcwgs-1-1.clmp.fp2_r2_screen	12643783	287145.0	2.27	50.0	0.0	0.0	0.0	15.0	0.0	21909.0	0.17	162850.0	1.29	394296.0	3.1199999999999997	120374.0	0.95	263477.0	2.09	156063.0	1.23	212473.0	1.6800000000000002	149584.0	1.17	12169641	96.25
Zdi-ADup_016-Ex1-11E-lcwgs-1-1.clmp.fp2_r1_screen	20101806	509764.0	2.54	439.0	0.0	0.0	0.0	149.0	0.0	42363.0	0.21	603823.0	2.99	790138.0	3.9400000000000004	211560.0	1.05	461327.0	2.29	298561.0	1.47	388355.0	1.94	275729.0	1.3699999999999999	18935901	94.2
Zdi-ADup_016-Ex1-11E-lcwgs-1-1.clmp.fp2_r2_screen	20101806	513953.0	2.55	412.0	0.0	0.0	0.0	28.0	0.0	44112.0	0.22	605238.0	3.01	793579.0	3.94	214096.0	1.06	465721.0	2.31	301231.0	1.49	392327.0	1.96	278748.0	1.38	18931880	94.18
Zdi-ADup_017-Ex1-11F-lcwgs-1-1.clmp.fp2_r1_screen	11912854	265803.0	2.23	49.0	0.0	0.0	0.0	64.0	0.0	19779.0	0.17	156080.0	1.32	350003.0	2.94	118437.0	0.99	237970.0	1.99	148456.0	1.24	198700.0	1.6700000000000002	144231.0	1.21	11487565	96.43
Zdi-ADup_017-Ex1-11F-lcwgs-1-1.clmp.fp2_r2_screen	11912854	266761.0	2.24	46.0	0.0	0.0	0.0	15.0	0.0	20198.0	0.17	156695.0	1.32	351405.0	2.95	118912.0	1.0	239146.0	2.0	149061.0	1.25	199378.0	1.68	144603.0	1.22	11486373	96.42
Zdi-ADup_018-Ex1-11G-lcwgs-1-1.clmp.fp2_r1_screen	19367172	714815.0	3.6900000000000004	162.0	0.0	0.0	0.0	119.0	0.0	30223.0	0.15000000000000002	300991.0	1.56	582132.0	3.01	148247.0	0.76	335167.0	1.73	186765.0	0.9600000000000001	257592.0	1.33	181638.0	0.9400000000000001	18309724	94.54
Zdi-ADup_018-Ex1-11G-lcwgs-1-1.clmp.fp2_r2_screen	19367172	718364.0	3.71	160.0	0.0	0.0	0.0	26.0	0.0	31330.0	0.16	303070.0	1.57	586332.0	3.0200000000000005	149912.0	0.77	339349.0	1.75	189554.0	0.9700000000000001	261195.0	1.36	184449.0	0.9500000000000001	18305850	94.52
Zdi-ADup_019-Ex1-11H-lcwgs-1-1.clmp.fp2_r1_screen	3624305	55921.0	1.54	16.0	0.0	0.0	0.0	18.0	0.0	3773.0	0.09999999999999999	35006.0	0.97	81419.0	2.25	19239.0	0.52	48208.0	1.33	27801.0	0.76	39574.0	1.1	25503.0	0.7	3517025	97.04
Zdi-ADup_019-Ex1-11H-lcwgs-1-1.clmp.fp2_r2_screen	3624305	56471.0	1.5699999999999998	16.0	0.0	0.0	0.0	2.0	0.0	3987.0	0.11	35493.0	0.98	82015.0	2.2600000000000002	19459.0	0.53	48805.0	1.34	28292.0	0.78	39954.0	1.1099999999999999	25924.0	0.71	3516663	97.03
Zdi-ADup_020-Ex1-12A-lcwgs-1-1.clmp.fp2_r1_screen	12057	380.0	3.15	1.0	0.01	0.0	0.0	0.0	0.0	58.0	0.48	608.0	5.04	591.0	4.9	233.0	1.92	334.0	2.7700000000000005	231.0	1.92	293.0	2.4299999999999997	243.0	2.02	11149	92.47
Zdi-ADup_020-Ex1-12A-lcwgs-1-1.clmp.fp2_r2_screen	12057	381.0	3.16	2.0	0.02	0.0	0.0	0.0	0.0	53.0	0.44	604.0	5.02	589.0	4.88	243.0	2.02	340.0	2.8200000000000003	233.0	1.94	287.0	2.37	242.0	2.0100000000000002	11150	92.48
Zdi-ADup_021-Ex1-12B-lcwgs-1-1.clmp.fp2_r1_screen	81483	2809.0	3.45	3.0	0.0	0.0	0.0	0.0	0.0	330.0	0.4	2566.0	3.16	3649.0	4.48	1551.0	1.89	2564.0	3.14	1741.0	2.13	2175.0	2.67	1682.0	2.07	76699	94.13
Zdi-ADup_021-Ex1-12B-lcwgs-1-1.clmp.fp2_r2_screen	81483	2831.0	3.4800000000000004	2.0	0.0	0.0	0.0	1.0	0.0	328.0	0.4	2540.0	3.12	3711.0	4.55	1550.0	1.9	2587.0	3.18	1709.0	2.09	2172.0	2.6599999999999997	1683.0	2.06	76651	94.07
Zdi-ADup_022-Ex1-12C-lcwgs-1-1.clmp.fp2_r1_screen	36509829	906762.0	2.48	243.0	0.0	0.0	0.0	241.0	0.0	88260.0	0.24000000000000002	676119.0	1.85	1272527.0	3.4799999999999995	404555.0	1.1	845757.0	2.31	511077.0	1.4	679523.0	1.87	504632.0	1.38	34896094	95.58
Zdi-ADup_022-Ex1-12C-lcwgs-1-1.clmp.fp2_r2_screen	36509829	911692.0	2.5	267.0	0.0	0.0	0.0	53.0	0.0	89788.0	0.24000000000000002	677036.0	1.85	1278871.0	3.5	405616.0	1.1	849881.0	2.32	513687.0	1.4	683632.0	1.88	507147.0	1.38	34888792	95.56
Zdi-ADup_023-Ex1-12D-lcwgs-1-1.clmp.fp2_r1_screen	5082706	204864.0	4.03	48.0	0.0	0.0	0.0	42.0	0.0	17374.0	0.34	127985.0	2.51	227867.0	4.4799999999999995	96407.0	1.89	163169.0	3.2199999999999998	112212.0	2.21	139701.0	2.75	110040.0	2.16	4786892	94.18
Zdi-ADup_023-Ex1-12D-lcwgs-1-1.clmp.fp2_r2_screen	5082706	204650.0	4.03	49.0	0.0	0.0	0.0	8.0	0.0	17364.0	0.34	127916.0	2.52	228179.0	4.49	96136.0	1.89	163204.0	3.21	112010.0	2.2	139752.0	2.75	109695.0	2.15	4786384	94.17
Zdi-ADup_024-Ex1-12E-lcwgs-1-1.clmp.fp2_r1_screen	3459804	194181.0	5.609999999999999	363.0	0.01	0.0	0.0	32.0	0.0	7021.0	0.2	488690.0	14.120000000000001	330271.0	9.55	106753.0	3.08	184222.0	5.32	126336.0	3.6500000000000004	161368.0	4.66	128614.0	3.7199999999999998	2847764	82.31
Zdi-ADup_024-Ex1-12E-lcwgs-1-1.clmp.fp2_r2_screen	3459804	194287.0	5.609999999999999	348.0	0.01	0.0	0.0	9.0	0.0	7341.0	0.21000000000000002	487930.0	14.11	329737.0	9.53	107134.0	3.09	184187.0	5.32	126211.0	3.65	161051.0	4.65	128337.0	3.71	2848110	82.32
Zdi-ADup_025-Ex1-2A-lcwgs-1-1.clmp.fp2_r1_screen	136248	3401.0	2.4899999999999998	2.0	0.0	0.0	0.0	0.0	0.0	365.0	0.27	2334.0	1.7	4847.0	3.5599999999999996	1627.0	1.2	3058.0	2.25	1885.0	1.38	2524.0	1.8599999999999999	1774.0	1.29	130389	95.7
Zdi-ADup_025-Ex1-2A-lcwgs-1-1.clmp.fp2_r2_screen	136248	3442.0	2.53	2.0	0.0	0.0	0.0	1.0	0.0	357.0	0.26	2328.0	1.7	4806.0	3.5300000000000002	1584.0	1.1600000000000001	3062.0	2.25	1869.0	1.3699999999999999	2494.0	1.8399999999999999	1764.0	1.3	130443	95.74
Zdi-ADup_026-Ex1-12G-lcwgs-1-1.clmp.fp2_r1_screen	1083374	26094.0	2.41	8.0	0.0	0.0	0.0	7.0	0.0	2666.0	0.24	18252.0	1.68	32448.0	3.0	12864.0	1.19	22757.0	2.09	14164.0	1.31	18328.0	1.69	14322.0	1.3199999999999998	1042422	96.22
Zdi-ADup_026-Ex1-12G-lcwgs-1-1.clmp.fp2_r2_screen	1083374	26096.0	2.41	8.0	0.0	0.0	0.0	4.0	0.0	2706.0	0.24	18223.0	1.69	32372.0	2.98	12835.0	1.19	22647.0	2.09	14094.0	1.2999999999999998	18235.0	1.68	14309.0	1.3199999999999998	1042422	96.22
Zdi-ADup_027-Ex1-12H-lcwgs-1-1.clmp.fp2_r1_screen	21737012	718547.0	3.31	255.0	0.0	0.0	0.0	152.0	0.0	50033.0	0.23	489138.0	2.24	841002.0	3.87	323110.0	1.49	583500.0	2.68	383598.0	1.77	487717.0	2.25	370130.0	1.7	20628424	94.9
Zdi-ADup_027-Ex1-12H-lcwgs-1-1.clmp.fp2_r2_screen	21737012	716599.0	3.3	262.0	0.0	0.0	0.0	44.0	0.0	49823.0	0.23	486495.0	2.23	840339.0	3.8699999999999997	320081.0	1.47	581093.0	2.67	380671.0	1.76	484870.0	2.2399999999999998	367076.0	1.69	20628424	94.9
Zdi-ADup_028-Ex1-9F-lcwgs-1-1.clmp.fp2_r1_screen	8698094	178850.0	2.05	33.0	0.0	0.0	0.0	50.0	0.0	10890.0	0.12	100825.0	1.15	248211.0	2.86	61745.0	0.71	150583.0	1.7300000000000002	87799.0	1.0	122664.0	1.4200000000000002	80965.0	0.93	8378873	96.33
Zdi-ADup_028-Ex1-9F-lcwgs-1-1.clmp.fp2_r2_screen	8698094	180035.0	2.06	31.0	0.0	0.0	0.0	15.0	0.0	11242.0	0.13	101462.0	1.1600000000000001	249168.0	2.86	62256.0	0.71	151539.0	1.74	88045.0	1.01	123032.0	1.4200000000000002	81862.0	0.9400000000000001	8378004	96.32
Zdi-ADup_029-Ex1-1A-lcwgs-1-1.clmp.fp2_r1_screen	45398	1381.0	3.05	2.0	0.0	0.0	0.0	0.0	0.0	349.0	0.77	1299.0	2.86	2072.0	4.57	791.0	1.75	1343.0	2.96	860.0	1.89	1080.0	2.38	829.0	1.8299999999999998	42828	94.34
Zdi-ADup_029-Ex1-1A-lcwgs-1-1.clmp.fp2_r2_screen	45398	1376.0	3.0300000000000002	2.0	0.0	0.0	0.0	0.0	0.0	351.0	0.77	1330.0	2.94	2078.0	4.58	794.0	1.75	1344.0	2.97	891.0	1.97	1095.0	2.4099999999999997	853.0	1.88	42842	94.37
Zdi-ADup_030-Ex1-1B-lcwgs-1-1.clmp.fp2_r1_screen	128354	2961.0	2.3	2.0	0.0	0.0	0.0	1.0	0.0	400.0	0.31	2382.0	1.85	4203.0	3.27	1555.0	1.21	2672.0	2.0700000000000003	1741.0	1.35	2183.0	1.71	1635.0	1.27	123117	95.92
Zdi-ADup_030-Ex1-1B-lcwgs-1-1.clmp.fp2_r2_screen	128354	2959.0	2.3	1.0	0.0	0.0	0.0	0.0	0.0	405.0	0.32	2396.0	1.87	4229.0	3.29	1493.0	1.1600000000000001	2665.0	2.08	1751.0	1.3599999999999999	2155.0	1.69	1624.0	1.2600000000000002	123104	95.91
Zdi-ADup_031-Ex1-1C-lcwgs-1-1.clmp.fp2_r1_screen	184122	5061.0	2.7399999999999998	7.0	0.0	0.0	0.0	1.0	0.0	815.0	0.45	4822.0	2.6100000000000003	8024.0	4.35	2748.0	1.48	5182.0	2.8200000000000003	3150.0	1.7	3903.0	2.12	3023.0	1.64	174179	94.6
Zdi-ADup_031-Ex1-1C-lcwgs-1-1.clmp.fp2_r2_screen	184122	5141.0	2.79	7.0	0.0	0.0	0.0	1.0	0.0	827.0	0.45	4860.0	2.64	8095.0	4.4	2784.0	1.52	5296.0	2.8800000000000003	3219.0	1.75	3891.0	2.1100000000000003	3085.0	1.67	174179	94.6
Zdi-ADup_032-Ex1-1D-lcwgs-1-1.clmp.fp2_r1_screen	2219029	55995.0	2.52	119.0	0.0	0.0	0.0	5.0	0.0	5515.0	0.25	100433.0	4.52	89095.0	4.01	23325.0	1.04	45212.0	2.03	27472.0	1.24	35784.0	1.61	26704.0	1.2	2059702	92.82
Zdi-ADup_032-Ex1-1D-lcwgs-1-1.clmp.fp2_r2_screen	2219029	56492.0	2.55	101.0	0.0	0.0	0.0	2.0	0.0	5601.0	0.26	100291.0	4.52	89762.0	4.05	23456.0	1.05	45613.0	2.06	27813.0	1.25	36099.0	1.6300000000000001	26980.0	1.21	2059480	92.81
Zdi-ADup_033-Ex1-1E-lcwgs-1-1.clmp.fp2_r1_screen	269001	5850.0	2.17	5.0	0.0	0.0	0.0	0.0	0.0	645.0	0.24000000000000002	4474.0	1.6600000000000001	8981.0	3.34	2457.0	0.91	5268.0	1.96	3196.0	1.19	4320.0	1.6099999999999999	2920.0	1.08	257407	95.69
Zdi-ADup_033-Ex1-1E-lcwgs-1-1.clmp.fp2_r2_screen	269001	5986.0	2.2199999999999998	2.0	0.0	0.0	0.0	1.0	0.0	667.0	0.25	4506.0	1.6800000000000002	9165.0	3.41	2451.0	0.92	5307.0	1.9700000000000002	3167.0	1.18	4328.0	1.62	2866.0	1.06	257272	95.64
Zdi-ADup_034-Ex1-1F-lcwgs-1-1.clmp.fp2_r1_screen	286309	6266.0	2.19	2.0	0.0	0.0	0.0	0.0	0.0	812.0	0.28	4873.0	1.7000000000000002	9612.0	3.36	2740.0	0.96	5671.0	1.97	3578.0	1.24	4681.0	1.6400000000000001	3219.0	1.1199999999999999	274198	95.77
Zdi-ADup_034-Ex1-1F-lcwgs-1-1.clmp.fp2_r2_screen	286309	6201.0	2.17	3.0	0.0	0.0	0.0	0.0	0.0	830.0	0.29000000000000004	4906.0	1.7100000000000002	9611.0	3.36	2802.0	0.97	5754.0	2.02	3620.0	1.26	4730.0	1.6600000000000001	3272.0	1.13	274169	95.76
Zdi-ADup_035-Ex1-1G-lcwgs-1-1.clmp.fp2_r1_screen	1174273	26584.0	2.26	3.0	0.0	0.0	0.0	5.0	0.0	2278.0	0.19	15578.0	1.32	38520.0	3.2800000000000002	10359.0	0.88	23819.0	2.03	15038.0	1.27	20160.0	1.7200000000000002	13397.0	1.14	1127302	96.0
Zdi-ADup_035-Ex1-1G-lcwgs-1-1.clmp.fp2_r2_screen	1174273	26901.0	2.2800000000000002	0.0	0.0	0.0	0.0	1.0	0.0	2297.0	0.19	15751.0	1.35	38809.0	3.3099999999999996	10382.0	0.88	24033.0	2.05	15134.0	1.28	20240.0	1.73	13446.0	1.15	1126949	95.97
Zdi-ADup_036-Ex1-1H-lcwgs-1-1.clmp.fp2_r1_screen	338863	9290.0	2.74	7.0	0.0	0.0	0.0	2.0	0.0	1192.0	0.35000000000000003	10978.0	3.24	14565.0	4.29	4774.0	1.4100000000000001	8949.0	2.63	5903.0	1.74	7370.0	2.18	5415.0	1.5899999999999999	319005	94.14
Zdi-ADup_036-Ex1-1H-lcwgs-1-1.clmp.fp2_r2_screen	338863	9402.0	2.7800000000000002	8.0	0.0	0.0	0.0	1.0	0.0	1194.0	0.35000000000000003	10893.0	3.2199999999999998	14677.0	4.33	4717.0	1.3900000000000001	8987.0	2.64	5957.0	1.76	7440.0	2.1999999999999997	5439.0	1.6099999999999999	318937	94.12
Zdi-ADup_037-Ex1-3D-lcwgs-1-1.clmp.fp2_r1_screen	259420	7129.0	2.75	3.0	0.0	0.0	0.0	0.0	0.0	580.0	0.22	5556.0	2.13	10244.0	3.9400000000000004	2751.0	1.0699999999999998	6243.0	2.41	3820.0	1.47	4938.0	1.9	3187.0	1.23	245696	94.71
Zdi-ADup_037-Ex1-3D-lcwgs-1-1.clmp.fp2_r2_screen	259420	7121.0	2.75	4.0	0.0	0.0	0.0	0.0	0.0	609.0	0.24	5616.0	2.16	10345.0	3.99	2765.0	1.0699999999999998	6255.0	2.41	3894.0	1.51	4900.0	1.8900000000000001	3207.0	1.23	245670	94.7
Zdi-ADup_038-Ex1-2B-lcwgs-1-1.clmp.fp2_r1_screen	137838	3311.0	2.4	0.0	0.0	0.0	0.0	0.0	0.0	368.0	0.27	1997.0	1.4500000000000002	4561.0	3.31	1408.0	1.02	2920.0	2.11	1892.0	1.3699999999999999	2407.0	1.75	1716.0	1.24	132283	95.97
Zdi-ADup_038-Ex1-2B-lcwgs-1-1.clmp.fp2_r2_screen	137838	3283.0	2.38	0.0	0.0	0.0	0.0	0.0	0.0	408.0	0.29000000000000004	2008.0	1.46	4658.0	3.38	1477.0	1.0699999999999998	2986.0	2.16	1918.0	1.39	2479.0	1.8	1751.0	1.27	132200	95.91
Zdi-ADup_039-Ex1-2C-lcwgs-1-1.clmp.fp2_r1_screen	218803	5299.0	2.42	1.0	0.0	0.0	0.0	1.0	0.0	735.0	0.34	3638.0	1.6600000000000001	7852.0	3.59	2454.0	1.1099999999999999	5095.0	2.33	3204.0	1.46	4092.0	1.88	2848.0	1.2999999999999998	209372	95.69
Zdi-ADup_039-Ex1-2C-lcwgs-1-1.clmp.fp2_r2_screen	218803	5365.0	2.4499999999999997	3.0	0.0	0.0	0.0	1.0	0.0	791.0	0.36	3684.0	1.6800000000000002	7874.0	3.5999999999999996	2514.0	1.1400000000000001	5153.0	2.36	3255.0	1.48	4163.0	1.9	2929.0	1.3399999999999999	209350	95.68
Zdi-ADup_040-Ex1-2D-lcwgs-1-1.clmp.fp2_r1_screen	266320	7305.0	2.7399999999999998	3.0	0.0	0.0	0.0	4.0	0.0	804.0	0.31	4343.0	1.63	9484.0	3.5599999999999996	2978.0	1.12	6122.0	2.3	3784.0	1.42	4909.0	1.8399999999999999	3465.0	1.3	254229	95.46
Zdi-ADup_040-Ex1-2D-lcwgs-1-1.clmp.fp2_r2_screen	266320	7320.0	2.76	1.0	0.0	0.0	0.0	0.0	0.0	822.0	0.31	4388.0	1.6400000000000001	9445.0	3.55	3035.0	1.1400000000000001	6099.0	2.29	3788.0	1.42	4938.0	1.85	3518.0	1.3199999999999998	254282	95.48
Zdi-ADup_041-Ex1-2E-lcwgs-1-1.clmp.fp2_r1_screen	126577	3060.0	2.42	1.0	0.0	0.0	0.0	0.0	0.0	381.0	0.3	2036.0	1.6099999999999999	4482.0	3.54	1394.0	1.1	2871.0	2.27	1810.0	1.43	2376.0	1.88	1650.0	1.3	121172	95.73
Zdi-ADup_041-Ex1-2E-lcwgs-1-1.clmp.fp2_r2_screen	126577	3123.0	2.4699999999999998	0.0	0.0	0.0	0.0	0.0	0.0	391.0	0.31	2057.0	1.63	4435.0	3.5	1380.0	1.0899999999999999	2867.0	2.27	1816.0	1.43	2356.0	1.86	1669.0	1.3099999999999998	121172	95.73
Zdi-ADup_042-Ex1-2F-lcwgs-1-1.clmp.fp2_r1_screen	15885678	313470.0	1.98	220.0	0.0	0.0	0.0	72.0	0.0	26283.0	0.16	214832.0	1.35	458426.0	2.8899999999999997	112169.0	0.71	276660.0	1.7400000000000002	171958.0	1.08	235624.0	1.48	153285.0	0.9600000000000001	15283610	96.21
Zdi-ADup_042-Ex1-2F-lcwgs-1-1.clmp.fp2_r2_screen	15885678	316336.0	1.9900000000000002	230.0	0.0	0.0	0.0	7.0	0.0	26819.0	0.16	216047.0	1.36	462045.0	2.91	113197.0	0.71	279374.0	1.7599999999999998	173413.0	1.08	237595.0	1.5	155165.0	0.9700000000000001	15280433	96.19
Zdi-ADup_043-Ex1-2G-lcwgs-1-1.clmp.fp2_r1_screen	1185658	25130.0	2.12	13.0	0.0	0.0	0.0	4.0	0.0	2055.0	0.18	21310.0	1.8	38202.0	3.2199999999999998	9135.0	0.76	22188.0	1.8599999999999999	13736.0	1.1600000000000001	18447.0	1.56	12134.0	1.01	1133370	95.59
Zdi-ADup_043-Ex1-2G-lcwgs-1-1.clmp.fp2_r2_screen	1185658	25322.0	2.1399999999999997	11.0	0.0	0.0	0.0	0.0	0.0	2100.0	0.18	21346.0	1.7999999999999998	38289.0	3.2199999999999998	9193.0	0.77	22267.0	1.88	13705.0	1.1500000000000001	18571.0	1.57	12232.0	1.02	1133251	95.58
Zdi-ADup_044-Ex1-2H-lcwgs-1-1.clmp.fp2_r1_screen	6998691	193794.0	2.7700000000000005	57.0	0.0	0.0	0.0	28.0	0.0	16352.0	0.22999999999999998	150825.0	2.15	275658.0	3.93	80577.0	1.15	172831.0	2.4699999999999998	114064.0	1.6300000000000001	148172.0	2.12	103959.0	1.48	6638958	94.86
Zdi-ADup_044-Ex1-2H-lcwgs-1-1.clmp.fp2_r2_screen	6998691	194586.0	2.7800000000000002	57.0	0.0	0.0	0.0	7.0	0.0	16570.0	0.24	151139.0	2.17	276705.0	3.9499999999999997	80539.0	1.15	173856.0	2.48	114076.0	1.62	148788.0	2.13	104246.0	1.48	6638258	94.85
Zdi-ADup_045-Ex1-3A-lcwgs-1-1.clmp.fp2_r1_screen	268554	5444.0	2.02	2.0	0.0	0.0	0.0	0.0	0.0	428.0	0.15000000000000002	2981.0	1.11	7890.0	2.94	2139.0	0.7999999999999999	4984.0	1.85	2965.0	1.09	4049.0	1.51	2633.0	0.98	259047	96.46
Zdi-ADup_045-Ex1-3A-lcwgs-1-1.clmp.fp2_r2_screen	268554	5388.0	2.0	0.0	0.0	0.0	0.0	1.0	0.0	416.0	0.15000000000000002	2983.0	1.12	7910.0	2.94	2154.0	0.79	4886.0	1.82	2993.0	1.11	4056.0	1.51	2646.0	0.9800000000000001	259100	96.48
Zdi-ADup_046-Ex1-3B-lcwgs-1-1.clmp.fp2_r1_screen	130914	3648.0	2.8000000000000003	0.0	0.0	0.0	0.0	1.0	0.0	298.0	0.23	2552.0	1.94	5337.0	4.08	1586.0	1.21	3458.0	2.63	2206.0	1.69	2768.0	2.11	1858.0	1.42	124355	94.99
Zdi-ADup_046-Ex1-3B-lcwgs-1-1.clmp.fp2_r2_screen	130914	3651.0	2.79	1.0	0.0	0.0	0.0	1.0	0.0	301.0	0.23	2506.0	1.9100000000000001	5355.0	4.09	1623.0	1.24	3396.0	2.6	2167.0	1.65	2786.0	2.14	1841.0	1.41	124342	94.98
Zdi-ADup_047-Ex1-3C-lcwgs-1-1.clmp.fp2_r1_screen	1593818	45559.0	2.86	5.0	0.0	0.0	0.0	7.0	0.0	4486.0	0.28	31667.0	1.99	62952.0	3.95	21727.0	1.3599999999999999	42553.0	2.67	27351.0	1.72	35420.0	2.22	25628.0	1.6099999999999999	1517474	95.21
Zdi-ADup_047-Ex1-3C-lcwgs-1-1.clmp.fp2_r2_screen	1593818	45647.0	2.87	6.0	0.0	0.0	0.0	0.0	0.0	4500.0	0.28	31674.0	1.99	63044.0	3.96	21642.0	1.3599999999999999	42706.0	2.67	27383.0	1.71	35389.0	2.22	25557.0	1.5999999999999999	1517314	95.2
Zdi-CDup_001-Ex1-5D-lcwgs-1-1.clmp.fp2_r1_screen	1320532	56025.0	4.24	13.0	0.0	0.0	0.0	11.0	0.0	4371.0	0.33	32440.0	2.46	69570.0	5.2700000000000005	31629.0	2.3899999999999997	50176.0	3.8	30878.0	2.33	41493.0	3.14	33496.0	2.54	1242884	94.12
Zdi-CDup_001-Ex1-5D-lcwgs-1-1.clmp.fp2_r2_screen	1320532	56282.0	4.26	13.0	0.0	0.0	0.0	6.0	0.0	4600.0	0.35000000000000003	32470.0	2.47	69864.0	5.29	31751.0	2.4	50446.0	3.83	31138.0	2.35	41815.0	3.17	33586.0	2.54	1242620	94.1
Zdi-CDup_002-Ex1-5E-lcwgs-1-1.clmp.fp2_r1_screen	145324	5176.0	3.56	3.0	0.0	0.0	0.0	0.0	0.0	543.0	0.38	2645.0	1.82	6556.0	4.51	2577.0	1.77	4508.0	3.1	2584.0	1.78	3688.0	2.54	2861.0	1.96	137941	94.92
Zdi-CDup_002-Ex1-5E-lcwgs-1-1.clmp.fp2_r2_screen	145324	5220.0	3.59	3.0	0.0	0.0	0.0	0.0	0.0	540.0	0.37	2665.0	1.84	6612.0	4.55	2667.0	1.83	4700.0	3.23	2667.0	1.83	3776.0	2.6	2891.0	1.99	137839	94.85
Zdi-CDup_003-Ex1-5F-lcwgs-1-1.clmp.fp2_r1_screen	751871	33782.0	4.5	6.0	0.0	0.0	0.0	1.0	0.0	2694.0	0.36000000000000004	19183.0	2.54	41816.0	5.5600000000000005	19655.0	2.62	30079.0	4.0	17900.0	2.38	24394.0	3.2399999999999998	19790.0	2.6300000000000003	705480	93.83
Zdi-CDup_003-Ex1-5F-lcwgs-1-1.clmp.fp2_r2_screen	751871	34217.0	4.55	8.0	0.0	0.0	0.0	0.0	0.0	2719.0	0.36000000000000004	19369.0	2.58	42299.0	5.620000000000001	19778.0	2.63	30333.0	4.04	18270.0	2.42	24796.0	3.29	20086.0	2.67	705104	93.78
Zdi-CDup_004-Ex1-5G-lcwgs-1-1.clmp.fp2_r1_screen	146799	5804.0	3.9499999999999997	6.0	0.0	0.0	0.0	0.0	0.0	517.0	0.36000000000000004	3196.0	2.17	7271.0	4.96	3125.0	2.12	5197.0	3.5300000000000002	3255.0	2.21	4352.0	2.97	3481.0	2.3600000000000003	138681	94.47
Zdi-CDup_004-Ex1-5G-lcwgs-1-1.clmp.fp2_r2_screen	146799	5787.0	3.94	6.0	0.0	0.0	0.0	0.0	0.0	541.0	0.36	3265.0	2.21	7270.0	4.94	3213.0	2.19	5308.0	3.62	3301.0	2.25	4441.0	3.03	3516.0	2.39	138666	94.46
Zdi-CDup_005-Ex1-5H-lcwgs-1-1.clmp.fp2_r1_screen	2371734	81975.0	3.46	16.0	0.0	0.0	0.0	2.0	0.0	8627.0	0.36000000000000004	48074.0	2.02	105851.0	4.46	41587.0	1.75	74182.0	3.13	43621.0	1.83	60882.0	2.57	47596.0	2.0	2248166	94.79
Zdi-CDup_005-Ex1-5H-lcwgs-1-1.clmp.fp2_r2_screen	2371734	82276.0	3.4699999999999998	16.0	0.0	0.0	0.0	3.0	0.0	9001.0	0.38	48478.0	2.04	106183.0	4.48	41973.0	1.76	74577.0	3.14	44267.0	1.8599999999999999	61421.0	2.59	47922.0	2.02	2247692	94.77
Zdi-CDup_006-Ex1-6A-lcwgs-1-1.clmp.fp2_r1_screen	5162827	180215.0	3.4899999999999998	34.0	0.0	0.0	0.0	15.0	0.0	18782.0	0.36000000000000004	94137.0	1.83	227318.0	4.41	93153.0	1.8	158826.0	3.07	90873.0	1.76	128764.0	2.4899999999999998	101507.0	1.96	4903136	94.97
Zdi-CDup_006-Ex1-6A-lcwgs-1-1.clmp.fp2_r2_screen	5162827	182534.0	3.54	35.0	0.0	0.0	0.0	6.0	0.0	19846.0	0.39	95405.0	1.84	230311.0	4.47	94072.0	1.82	161137.0	3.12	92333.0	1.79	131060.0	2.54	103185.0	2.0	4900039	94.91
Zdi-CDup_007-Ex1-6B-lcwgs-1-1.clmp.fp2_r1_screen	1315982	47641.0	3.6300000000000003	8.0	0.0	0.0	0.0	6.0	0.0	4835.0	0.37	26515.0	2.01	60594.0	4.6	25339.0	1.92	44048.0	3.3400000000000003	27383.0	2.08	36645.0	2.79	28995.0	2.2	1247814	94.82
Zdi-CDup_007-Ex1-6B-lcwgs-1-1.clmp.fp2_r2_screen	1315982	47841.0	3.6500000000000004	7.0	0.0	0.0	0.0	6.0	0.0	5057.0	0.39	26769.0	2.0300000000000002	60906.0	4.63	25621.0	1.94	44214.0	3.36	27665.0	2.1	36730.0	2.79	29205.0	2.22	1247682	94.81
Zdi-CDup_008-Ex1-6C-lcwgs-1-1.clmp.fp2_r1_screen	553107	19142.0	3.46	5.0	0.0	0.0	0.0	11.0	0.0	2028.0	0.36	11041.0	2.0	24937.0	4.51	10084.0	1.8199999999999998	17893.0	3.23	11025.0	1.99	14669.0	2.6500000000000004	11463.0	2.0700000000000003	524953	94.91
Zdi-CDup_008-Ex1-6C-lcwgs-1-1.clmp.fp2_r2_screen	553107	19605.0	3.5500000000000003	6.0	0.0	0.0	0.0	7.0	0.0	2172.0	0.39	11366.0	2.06	25189.0	4.56	10332.0	1.8599999999999999	18266.0	3.31	11361.0	2.0500000000000003	15059.0	2.73	11854.0	2.15	524621	94.85
Zdi-CDup_010-Ex1-6D-lcwgs-1-1.clmp.fp2_r1_screen	3831066	145388.0	3.8	65.0	0.0	0.0	0.0	27.0	0.0	15841.0	0.41000000000000003	79987.0	2.09	185646.0	4.85	74656.0	1.95	133360.0	3.47	81370.0	2.12	110354.0	2.8800000000000003	87630.0	2.29	3620357	94.5
Zdi-CDup_010-Ex1-6D-lcwgs-1-1.clmp.fp2_r2_screen	3831066	146926.0	3.84	69.0	0.0	0.0	0.0	15.0	0.0	16416.0	0.43	81327.0	2.12	187492.0	4.9	75716.0	1.98	135300.0	3.53	82719.0	2.16	111902.0	2.9200000000000004	89316.0	2.33	3618824	94.46
Zdi-CDup_011-Ex1-6E-lcwgs-1-1.clmp.fp2_r1_screen	2771659	84987.0	3.06	27.0	0.0	0.0	0.0	13.0	0.0	9314.0	0.34	44017.0	1.59	110248.0	3.98	40774.0	1.47	78336.0	2.83	47417.0	1.7	64977.0	2.34	50089.0	1.8	2645548	95.45
Zdi-CDup_011-Ex1-6E-lcwgs-1-1.clmp.fp2_r2_screen	2771659	86780.0	3.1300000000000003	29.0	0.0	0.0	0.0	3.0	0.0	9915.0	0.36000000000000004	44934.0	1.6199999999999999	111948.0	4.04	41556.0	1.5	79993.0	2.8800000000000003	48454.0	1.74	66264.0	2.4	51181.0	1.84	2643885	95.39
Zdi-CDup_012-Ex1-6F-lcwgs-1-1.clmp.fp2_r1_screen	640654	31296.0	4.89	11.0	0.0	0.0	0.0	12.0	0.0	2738.0	0.43	20108.0	3.14	38174.0	5.960000000000001	18422.0	2.87	29346.0	4.58	19345.0	3.02	25016.0	3.91	19912.0	3.1100000000000003	598050	93.35
Zdi-CDup_012-Ex1-6F-lcwgs-1-1.clmp.fp2_r2_screen	640654	31509.0	4.91	11.0	0.0	0.0	0.0	7.0	0.0	2849.0	0.45	20232.0	3.15	38379.0	5.99	18437.0	2.87	29386.0	4.59	19424.0	3.03	25297.0	3.95	20036.0	3.13	597858	93.32
Zdi-CDup_013-Ex1-6G-lcwgs-1-1.clmp.fp2_r1_screen	330923	11103.0	3.3600000000000003	2.0	0.0	0.0	0.0	2.0	0.0	1059.0	0.32	6280.0	1.9	14469.0	4.37	5754.0	1.73	10434.0	3.15	6465.0	1.95	8587.0	2.6	6660.0	2.0100000000000002	314641	95.08
Zdi-CDup_013-Ex1-6G-lcwgs-1-1.clmp.fp2_r2_screen	330923	11284.0	3.41	3.0	0.0	0.0	0.0	3.0	0.0	1105.0	0.33	6396.0	1.93	14807.0	4.47	5844.0	1.76	10575.0	3.19	6574.0	1.98	8695.0	2.62	6789.0	2.0500000000000003	314343	94.99
Zdi-CDup_014-Ex1-6H-lcwgs-1-1.clmp.fp2_r1_screen	3673585	113835.0	3.09	152.0	0.0	0.0	0.0	11.0	0.0	11997.0	0.33	57135.0	1.57	147110.0	4.0	53345.0	1.45	105272.0	2.87	63730.0	1.73	86779.0	2.36	66477.0	1.8	3506069	95.44
Zdi-CDup_014-Ex1-6H-lcwgs-1-1.clmp.fp2_r2_screen	3673585	115017.0	3.1399999999999997	148.0	0.0	0.0	0.0	4.0	0.0	12409.0	0.34	57874.0	1.58	148626.0	4.05	54035.0	1.47	106550.0	2.91	64434.0	1.75	88023.0	2.4	67409.0	1.83	3504600	95.4
Zdi-CDup_015-Ex1-7A-lcwgs-1-1.clmp.fp2_r1_screen	335752	11889.0	3.5500000000000003	8.0	0.0	0.0	0.0	1.0	0.0	1178.0	0.35000000000000003	6375.0	1.9	15165.0	4.5200000000000005	6154.0	1.8399999999999999	10764.0	3.2	6378.0	1.89	8808.0	2.62	6878.0	2.0500000000000003	318628	94.9
Zdi-CDup_015-Ex1-7A-lcwgs-1-1.clmp.fp2_r2_screen	335752	12019.0	3.58	7.0	0.0	0.0	0.0	0.0	0.0	1261.0	0.38	6502.0	1.93	15356.0	4.57	6273.0	1.8599999999999999	10969.0	3.26	6521.0	1.94	8889.0	2.6500000000000004	7007.0	2.08	318460	94.85
Zdi-CDup_016-Ex1-7B-lcwgs-1-1.clmp.fp2_r1_screen	2761049	98664.0	3.58	19.0	0.0	0.0	0.0	7.0	0.0	10662.0	0.39	52264.0	1.9	125121.0	4.53	51074.0	1.8499999999999999	89619.0	3.2399999999999998	53770.0	1.95	73098.0	2.65	58160.0	2.1	2620235	94.9
Zdi-CDup_016-Ex1-7B-lcwgs-1-1.clmp.fp2_r2_screen	2761049	99505.0	3.61	18.0	0.0	0.0	0.0	2.0	0.0	11073.0	0.4	52852.0	1.91	126157.0	4.57	51712.0	1.8699999999999999	90212.0	3.2800000000000002	54458.0	1.97	73927.0	2.6900000000000004	58815.0	2.13	2619131	94.86
Zdi-CDup_017-Ex1-7C-lcwgs-1-1.clmp.fp2_r1_screen	740513	24675.0	3.33	12.0	0.0	0.0	0.0	4.0	0.0	2626.0	0.36000000000000004	14080.0	1.9000000000000001	31820.0	4.3	12810.0	1.72	22804.0	3.08	13838.0	1.8599999999999999	18705.0	2.52	14707.0	1.98	704005	95.07
Zdi-CDup_017-Ex1-7C-lcwgs-1-1.clmp.fp2_r2_screen	740513	25062.0	3.3800000000000003	9.0	0.0	0.0	0.0	0.0	0.0	2655.0	0.36	14177.0	1.92	32020.0	4.33	12860.0	1.73	23009.0	3.1	13908.0	1.8699999999999999	18909.0	2.56	14803.0	2.0	703783	95.04
Zdi-CDup_018-Ex1-7D-lcwgs-1-1.clmp.fp2_r1_screen	2571254	110435.0	4.29	27.0	0.0	0.0	0.0	22.0	0.0	10040.0	0.39	60410.0	2.35	137796.0	5.35	60939.0	2.37	95894.0	3.7299999999999995	52590.0	2.04	75494.0	2.9400000000000004	60428.0	2.35	2416207	93.97
Zdi-CDup_018-Ex1-7D-lcwgs-1-1.clmp.fp2_r2_screen	2571254	111825.0	4.35	29.0	0.0	0.0	0.0	15.0	0.0	10459.0	0.41000000000000003	60869.0	2.38	139189.0	5.41	61682.0	2.41	96961.0	3.78	53429.0	2.08	76790.0	2.9899999999999998	61178.0	2.37	2414664	93.91
Zdi-CDup_019-Ex1-7E-lcwgs-1-1.clmp.fp2_r1_screen	4789257	158961.0	3.32	17.0	0.0	0.0	0.0	11.0	0.0	15947.0	0.33	82470.0	1.72	202954.0	4.24	79690.0	1.66	145834.0	3.04	90176.0	1.88	121079.0	2.53	95740.0	2.0	4559851	95.21
Zdi-CDup_019-Ex1-7E-lcwgs-1-1.clmp.fp2_r2_screen	4789257	160439.0	3.34	18.0	0.0	0.0	0.0	3.0	0.0	16554.0	0.34	83297.0	1.73	204717.0	4.26	80598.0	1.67	147242.0	3.0700000000000003	91297.0	1.9	122501.0	2.56	97039.0	2.0300000000000002	4557935	95.17
Zdi-CDup_020-Ex1-7F-lcwgs-1-1.clmp.fp2_r1_screen	158527	6672.0	4.21	2.0	0.0	0.0	0.0	1.0	0.0	610.0	0.39	3756.0	2.37	8295.0	5.2299999999999995	3754.0	2.37	6093.0	3.8400000000000003	3818.0	2.41	5078.0	3.2	3997.0	2.52	149316	94.19
Zdi-CDup_020-Ex1-7F-lcwgs-1-1.clmp.fp2_r2_screen	158527	6722.0	4.24	2.0	0.0	0.0	0.0	0.0	0.0	594.0	0.37	3805.0	2.41	8362.0	5.27	3736.0	2.35	6049.0	3.81	3858.0	2.43	5048.0	3.1799999999999997	4014.0	2.54	149253	94.15
Zdi-CDup_021-Ex1-7G-lcwgs-1-1.clmp.fp2_r1_screen	5293628	163089.0	3.09	16.0	0.0	0.0	0.0	19.0	0.0	17498.0	0.33	78115.0	1.48	210763.0	3.98	74226.0	1.4	148566.0	2.8000000000000003	87530.0	1.65	121848.0	2.31	92947.0	1.76	5053297	95.46
Zdi-CDup_021-Ex1-7G-lcwgs-1-1.clmp.fp2_r2_screen	5293628	164990.0	3.13	13.0	0.0	0.0	0.0	9.0	0.0	18301.0	0.35000000000000003	79792.0	1.5	213481.0	4.0200000000000005	75688.0	1.43	150650.0	2.85	89068.0	1.67	123661.0	2.34	94736.0	1.79	5050121	95.4
Zdi-CDup_022-Ex1-7H-lcwgs-1-1.clmp.fp2_r1_screen	690807	19495.0	2.8200000000000003	1.0	0.0	0.0	0.0	1.0	0.0	1915.0	0.28	9307.0	1.3499999999999999	25281.0	3.65	9019.0	1.2999999999999998	17645.0	2.55	10477.0	1.51	14458.0	2.09	11027.0	1.5999999999999999	662069	95.84
Zdi-CDup_022-Ex1-7H-lcwgs-1-1.clmp.fp2_r2_screen	690807	19818.0	2.87	1.0	0.0	0.0	0.0	0.0	0.0	1973.0	0.28	9363.0	1.3599999999999999	25807.0	3.7399999999999998	9166.0	1.3199999999999998	17902.0	2.59	10646.0	1.54	14652.0	2.12	11142.0	1.6099999999999999	661516	95.76
Zdi-CDup_023-Ex1-8A-lcwgs-1-1.clmp.fp2_r1_screen	54838	2125.0	3.88	3.0	0.01	0.0	0.0	0.0	0.0	162.0	0.30000000000000004	1149.0	2.1	2668.0	4.86	1153.0	2.1100000000000003	1900.0	3.46	1125.0	2.05	1536.0	2.79	1216.0	2.2199999999999998	51854	94.56
Zdi-CDup_023-Ex1-8A-lcwgs-1-1.clmp.fp2_r2_screen	54838	2155.0	3.93	3.0	0.0	0.0	0.0	0.0	0.0	161.0	0.29000000000000004	1150.0	2.0900000000000003	2719.0	4.95	1168.0	2.13	1880.0	3.43	1143.0	2.08	1560.0	2.84	1236.0	2.26	51799	94.46
Zdi-CDup_024-Ex1-8B-lcwgs-1-1.clmp.fp2_r1_screen	40930	2080.0	5.08	1.0	0.0	0.0	0.0	0.0	0.0	163.0	0.4	1282.0	3.14	2443.0	5.97	1253.0	3.05	1907.0	4.66	1284.0	3.13	1631.0	3.9800000000000004	1351.0	3.3	38253	93.46
Zdi-CDup_024-Ex1-8B-lcwgs-1-1.clmp.fp2_r2_screen	40930	2050.0	5.01	2.0	0.0	0.0	0.0	0.0	0.0	174.0	0.43	1299.0	3.1799999999999997	2471.0	6.029999999999999	1286.0	3.14	1863.0	4.5600000000000005	1313.0	3.21	1591.0	3.8899999999999997	1381.0	3.37	38236	93.42
Zdi-CDup_025-Ex1-8C-lcwgs-1-1.clmp.fp2_r1_screen	94953	3594.0	3.79	1.0	0.0	0.0	0.0	0.0	0.0	284.0	0.29000000000000004	1950.0	2.05	4491.0	4.74	1917.0	2.02	3286.0	3.46	2007.0	2.11	2678.0	2.8200000000000003	2130.0	2.2399999999999998	89958	94.74
Zdi-CDup_025-Ex1-8C-lcwgs-1-1.clmp.fp2_r2_screen	94953	3600.0	3.79	0.0	0.0	0.0	0.0	1.0	0.0	296.0	0.31	1957.0	2.0700000000000003	4494.0	4.7299999999999995	1937.0	2.04	3256.0	3.4299999999999997	2044.0	2.16	2672.0	2.81	2146.0	2.25	89939	94.72
Zdi-CDup_026-Ex1-8D-lcwgs-1-1.clmp.fp2_r1_screen	549599	18661.0	3.39	2.0	0.0	0.0	0.0	5.0	0.0	1966.0	0.36000000000000004	9853.0	1.79	23534.0	4.2700000000000005	9601.0	1.75	17081.0	3.1100000000000003	10458.0	1.9	14215.0	2.59	11260.0	2.0500000000000003	523273	95.21
Zdi-CDup_026-Ex1-8D-lcwgs-1-1.clmp.fp2_r2_screen	549599	18745.0	3.41	1.0	0.0	0.0	0.0	3.0	0.0	1990.0	0.36	10049.0	1.83	23789.0	4.33	9626.0	1.75	17223.0	3.13	10585.0	1.93	14332.0	2.61	11334.0	2.06	522943	95.15
Zdi-CDup_027-Ex1-8E-lcwgs-1-1.clmp.fp2_r1_screen	52782	1985.0	3.76	0.0	0.0	0.0	0.0	2.0	0.0	180.0	0.34	1176.0	2.23	2503.0	4.74	1125.0	2.13	1806.0	3.42	1166.0	2.2	1550.0	2.94	1231.0	2.33	50026	94.78
Zdi-CDup_027-Ex1-8E-lcwgs-1-1.clmp.fp2_r2_screen	52782	2020.0	3.8200000000000003	0.0	0.0	0.0	0.0	0.0	0.0	178.0	0.34	1158.0	2.19	2504.0	4.74	1135.0	2.15	1824.0	3.46	1192.0	2.27	1564.0	2.9699999999999998	1250.0	2.37	49995	94.72
Zdi-CDup_028-Ex1-8F-lcwgs-1-1.clmp.fp2_r1_screen	128408	5026.0	3.92	0.0	0.0	0.0	0.0	1.0	0.0	469.0	0.36000000000000004	2749.0	2.13	6244.0	4.87	2679.0	2.08	4573.0	3.56	2857.0	2.2199999999999998	3830.0	2.99	3058.0	2.38	121396	94.54
Zdi-CDup_028-Ex1-8F-lcwgs-1-1.clmp.fp2_r2_screen	128408	5102.0	3.9699999999999998	0.0	0.0	0.0	0.0	1.0	0.0	549.0	0.42000000000000004	2818.0	2.19	6312.0	4.91	2785.0	2.16	4679.0	3.64	2906.0	2.2600000000000002	3894.0	3.04	3109.0	2.42	121307	94.47
Zdi-CDup_029-Ex1-8G-lcwgs-1-1.clmp.fp2_r1_screen	108167	3027.0	2.79	1.0	0.0	0.0	0.0	0.0	0.0	306.0	0.28	1652.0	1.53	3878.0	3.5799999999999996	1497.0	1.38	2774.0	2.5500000000000003	1786.0	1.65	2386.0	2.2	1811.0	1.67	103656	95.83
Zdi-CDup_029-Ex1-8G-lcwgs-1-1.clmp.fp2_r2_screen	108167	3074.0	2.85	1.0	0.0	0.0	0.0	0.0	0.0	328.0	0.30000000000000004	1655.0	1.54	3970.0	3.67	1531.0	1.4100000000000001	2838.0	2.62	1801.0	1.67	2388.0	2.21	1855.0	1.71	103613	95.79
Zdi-CDup_030-Ex1-8H-lcwgs-1-1.clmp.fp2_r1_screen	24438	870.0	3.55	0.0	0.0	0.0	0.0	0.0	0.0	80.0	0.32	498.0	2.04	1092.0	4.47	473.0	1.93	768.0	3.1399999999999997	491.0	2.0	653.0	2.67	512.0	2.09	23211	94.98
Zdi-CDup_030-Ex1-8H-lcwgs-1-1.clmp.fp2_r2_screen	24438	913.0	3.74	1.0	0.0	0.0	0.0	0.0	0.0	77.0	0.31	489.0	2.0	1142.0	4.67	481.0	1.97	798.0	3.27	505.0	2.0700000000000003	687.0	2.8099999999999996	535.0	2.19	23157	94.76
Zdi-CDup_031-Ex1-9A-lcwgs-1-1.clmp.fp2_r1_screen	2821010	93792.0	3.3200000000000003	8.0	0.0	0.0	0.0	4.0	0.0	9389.0	0.33	46822.0	1.67	119344.0	4.23	46954.0	1.66	83592.0	2.9699999999999998	48386.0	1.71	67398.0	2.4	52968.0	1.88	2685883	95.21
Zdi-CDup_031-Ex1-9A-lcwgs-1-1.clmp.fp2_r2_screen	2821010	94885.0	3.3600000000000003	7.0	0.0	0.0	0.0	1.0	0.0	9870.0	0.35000000000000003	47564.0	1.69	120774.0	4.28	47528.0	1.68	84575.0	2.99	49323.0	1.74	68429.0	2.4299999999999997	53861.0	1.91	2684473	95.16
Zdi-CDup_032-Ex1-9B-lcwgs-1-1.clmp.fp2_r1_screen	188933	8526.0	4.52	5.0	0.0	0.0	0.0	1.0	0.0	749.0	0.39	4564.0	2.42	10399.0	5.51	4853.0	2.5700000000000003	7246.0	3.83	4231.0	2.24	5958.0	3.1500000000000004	4840.0	2.5599999999999996	177332	93.86
Zdi-CDup_032-Ex1-9B-lcwgs-1-1.clmp.fp2_r2_screen	188933	8418.0	4.45	5.0	0.0	0.0	0.0	0.0	0.0	757.0	0.4	4543.0	2.4000000000000004	10369.0	5.49	4765.0	2.52	7291.0	3.86	4203.0	2.22	5929.0	3.14	4855.0	2.57	177389	93.89
Zdi-CDup_033-Ex1-9C-lcwgs-1-1.clmp.fp2_r1_screen	988653	33591.0	3.4	14.0	0.0	0.0	0.0	9.0	0.0	3298.0	0.33	17839.0	1.8	43064.0	4.3500000000000005	16733.0	1.69	31024.0	3.1300000000000003	18715.0	1.89	25517.0	2.59	19885.0	2.0100000000000002	940209	95.1
Zdi-CDup_033-Ex1-9C-lcwgs-1-1.clmp.fp2_r2_screen	988653	33922.0	3.4299999999999997	13.0	0.0	0.0	0.0	2.0	0.0	3435.0	0.34	18109.0	1.84	43372.0	4.38	17041.0	1.72	31458.0	3.18	18986.0	1.92	25769.0	2.6100000000000003	20186.0	2.04	939912	95.07
Zdi-CDup_034-Ex1-9D-lcwgs-1-1.clmp.fp2_r1_screen	2369577	80698.0	3.4	10.0	0.0	0.0	0.0	20.0	0.0	8510.0	0.36000000000000004	41002.0	1.73	103180.0	4.36	39761.0	1.67	73229.0	3.09	43730.0	1.84	59871.0	2.5300000000000002	47118.0	1.98	2252756	95.07
Zdi-CDup_034-Ex1-9D-lcwgs-1-1.clmp.fp2_r2_screen	2369577	81553.0	3.45	10.0	0.0	0.0	0.0	6.0	0.0	8876.0	0.37	41432.0	1.75	104118.0	4.4	40292.0	1.69	73790.0	3.1100000000000003	44222.0	1.86	60544.0	2.5500000000000003	47795.0	2.02	2251809	95.03
Zdi-CDup_035-Ex1-9E-lcwgs-1-1.clmp.fp2_r1_screen	408253	13020.0	3.19	3.0	0.0	0.0	0.0	1.0	0.0	1302.0	0.32	6418.0	1.58	16749.0	4.1000000000000005	6133.0	1.5	11777.0	2.89	6722.0	1.64	9549.0	2.33	7196.0	1.76	389310	95.36
Zdi-CDup_035-Ex1-9E-lcwgs-1-1.clmp.fp2_r2_screen	408253	13235.0	3.2399999999999998	2.0	0.0	0.0	0.0	1.0	0.0	1396.0	0.35000000000000003	6590.0	1.6199999999999999	17002.0	4.17	6180.0	1.51	12013.0	2.94	6904.0	1.69	9811.0	2.4	7367.0	1.81	389065	95.3
Zdi-CDup_036-Ex1-9F-lcwgs-1-1.clmp.fp2_r1_screen	122929	4504.0	3.6700000000000004	2.0	0.0	0.0	0.0	0.0	0.0	418.0	0.34	2494.0	2.0300000000000002	5620.0	4.57	2434.0	1.98	4112.0	3.35	2637.0	2.14	3513.0	2.87	2788.0	2.27	116610	94.86
Zdi-CDup_036-Ex1-9F-lcwgs-1-1.clmp.fp2_r2_screen	122929	4537.0	3.69	1.0	0.0	0.0	0.0	0.0	0.0	422.0	0.35000000000000003	2547.0	2.0700000000000003	5654.0	4.6000000000000005	2491.0	2.0300000000000002	4179.0	3.39	2632.0	2.14	3502.0	2.86	2822.0	2.29	116622	94.87
Zdi-CDup_037-Ex1-9G-lcwgs-1-1.clmp.fp2_r1_screen	443845	16921.0	3.81	4.0	0.0	0.0	0.0	0.0	0.0	1488.0	0.34	9700.0	2.1799999999999997	21031.0	4.74	9337.0	2.1	15451.0	3.48	9923.0	2.23	13021.0	2.93	10549.0	2.37	420276	94.69
Zdi-CDup_037-Ex1-9G-lcwgs-1-1.clmp.fp2_r2_screen	443845	17014.0	3.83	4.0	0.0	0.0	0.0	0.0	0.0	1615.0	0.37	9872.0	2.2199999999999998	21343.0	4.8	9641.0	2.17	15637.0	3.52	10143.0	2.2800000000000002	13186.0	2.9699999999999998	10792.0	2.43	420054	94.64
Zdi-CDup_038-Ex1-9H-lcwgs-1-1.clmp.fp2_r1_screen	191460	7755.0	4.05	2.0	0.0	0.0	0.0	3.0	0.0	654.0	0.34	4433.0	2.31	9555.0	4.989999999999999	4394.0	2.3000000000000003	7063.0	3.69	4592.0	2.39	6049.0	3.16	4822.0	2.52	180910	94.49
Zdi-CDup_038-Ex1-9H-lcwgs-1-1.clmp.fp2_r2_screen	191460	7734.0	4.03	3.0	0.0	0.0	0.0	1.0	0.0	640.0	0.34	4419.0	2.31	9502.0	4.96	4390.0	2.29	7099.0	3.71	4613.0	2.41	5987.0	3.12	4806.0	2.51	180967	94.52
Zdi-CDup_039-Ex1-10A-lcwgs-1-1.clmp.fp2_r1_screen	229985	8290.0	3.61	2.0	0.0	0.0	0.0	2.0	0.0	823.0	0.36000000000000004	4194.0	1.83	10235.0	4.45	4194.0	1.82	7336.0	3.19	4213.0	1.83	5956.0	2.59	4641.0	2.01	218370	94.95
Zdi-CDup_039-Ex1-10A-lcwgs-1-1.clmp.fp2_r2_screen	229985	8357.0	3.62	3.0	0.0	0.0	0.0	1.0	0.0	845.0	0.37	4226.0	1.83	10432.0	4.55	4236.0	1.84	7334.0	3.1799999999999997	4273.0	1.85	6009.0	2.61	4659.0	2.0300000000000002	218232	94.89
Zdi-CDup_040-Ex1-10B-lcwgs-1-1.clmp.fp2_r1_screen	212132	7106.0	3.35	3.0	0.0	0.0	0.0	1.0	0.0	649.0	0.31	3519.0	1.65	9021.0	4.26	3481.0	1.64	6295.0	2.9699999999999998	3750.0	1.77	5244.0	2.4699999999999998	4013.0	1.89	202055	95.25
Zdi-CDup_040-Ex1-10B-lcwgs-1-1.clmp.fp2_r2_screen	212132	7150.0	3.37	3.0	0.0	0.0	0.0	2.0	0.0	671.0	0.31	3575.0	1.69	9038.0	4.25	3530.0	1.66	6384.0	3.01	3780.0	1.78	5224.0	2.47	3974.0	1.8699999999999999	201970	95.21
Zdi-CDup_041-Ex1-10C-lcwgs-1-1.clmp.fp2_r1_screen	513025	18581.0	3.63	12.0	0.0	0.0	0.0	2.0	0.0	1719.0	0.34	9397.0	1.83	23519.0	4.59	9532.0	1.8499999999999999	16277.0	3.17	9412.0	1.83	13057.0	2.54	10350.0	2.02	486706	94.87
Zdi-CDup_041-Ex1-10C-lcwgs-1-1.clmp.fp2_r2_screen	513025	18581.0	3.62	14.0	0.0	0.0	0.0	1.0	0.0	1773.0	0.35000000000000003	9467.0	1.85	23633.0	4.62	9635.0	1.89	16452.0	3.2	9395.0	1.84	13191.0	2.5799999999999996	10433.0	2.0300000000000002	486552	94.84
Zdi-CDup_042-Ex1-10D-lcwgs-1-1.clmp.fp2_r1_screen	2523022	86421.0	3.42	252.0	0.01	0.0	0.0	9.0	0.0	8193.0	0.33	42497.0	1.68	109462.0	4.35	44068.0	1.75	75449.0	2.9899999999999998	41877.0	1.66	60437.0	2.4	47325.0	1.8699999999999999	2399393	95.1
Zdi-CDup_042-Ex1-10D-lcwgs-1-1.clmp.fp2_r2_screen	2523022	87208.0	3.47	252.0	0.01	0.0	0.0	4.0	0.0	8629.0	0.34	43140.0	1.71	110436.0	4.38	44570.0	1.76	76247.0	3.0100000000000002	42369.0	1.67	61170.0	2.43	48066.0	1.9	2398384	95.06
Zdi-CDup_043-Ex1-10E-lcwgs-1-1.clmp.fp2_r1_screen	4730459	200060.0	4.2299999999999995	20.0	0.0	0.0	0.0	13.0	0.0	20269.0	0.43	105069.0	2.2199999999999998	247383.0	5.23	108427.0	2.29	172108.0	3.63	95610.0	2.0100000000000002	138199.0	2.93	110067.0	2.32	4451834	94.11
Zdi-CDup_043-Ex1-10E-lcwgs-1-1.clmp.fp2_r2_screen	4730459	202143.0	4.27	17.0	0.0	0.0	0.0	7.0	0.0	21038.0	0.44	106565.0	2.25	249950.0	5.279999999999999	109877.0	2.33	174427.0	3.68	97272.0	2.05	140668.0	2.9699999999999998	111530.0	2.35	4449469	94.06
Zdi-CDup_044-Ex1-10F-lcwgs-1-1.clmp.fp2_r1_screen	121905	5312.0	4.37	2.0	0.0	0.0	0.0	1.0	0.0	466.0	0.38	3093.0	2.54	6593.0	5.41	2988.0	2.4499999999999997	4888.0	4.01	3116.0	2.55	4048.0	3.3200000000000003	3330.0	2.73	114639	94.04
Zdi-CDup_044-Ex1-10F-lcwgs-1-1.clmp.fp2_r2_screen	121905	5390.0	4.41	2.0	0.0	0.0	0.0	0.0	0.0	494.0	0.4	3134.0	2.5599999999999996	6591.0	5.41	3055.0	2.51	4922.0	4.04	3153.0	2.58	4138.0	3.3899999999999997	3412.0	2.8	114602	94.01
Zdi-CDup_045-Ex1-10G-lcwgs-1-1.clmp.fp2_r1_screen	832391	24454.0	2.95	111.0	0.01	0.0	0.0	2.0	0.0	2684.0	0.32	12142.0	1.45	32212.0	3.87	11100.0	1.3299999999999998	22179.0	2.6599999999999997	12786.0	1.53	17905.0	2.15	13617.0	1.63	795516	95.57
Zdi-CDup_045-Ex1-10G-lcwgs-1-1.clmp.fp2_r2_screen	832391	24629.0	2.96	110.0	0.01	0.0	0.0	1.0	0.0	2807.0	0.34	12224.0	1.47	32403.0	3.89	11246.0	1.3499999999999999	22469.0	2.6999999999999997	12949.0	1.55	18088.0	2.17	13845.0	1.67	795432	95.56
Zdi-CDup_046-Ex1-10H-lcwgs-1-1.clmp.fp2_r1_screen	417350	13334.0	3.1999999999999997	5.0	0.0	0.0	0.0	1.0	0.0	1312.0	0.32	6605.0	1.58	17099.0	4.1000000000000005	6120.0	1.46	11939.0	2.87	6754.0	1.6199999999999999	9670.0	2.31	7271.0	1.74	397859	95.33
Zdi-CDup_046-Ex1-10H-lcwgs-1-1.clmp.fp2_r2_screen	417350	13429.0	3.21	5.0	0.0	0.0	0.0	1.0	0.0	1445.0	0.34	6757.0	1.62	17186.0	4.12	6224.0	1.49	12046.0	2.89	6910.0	1.65	9825.0	2.36	7315.0	1.76	397776	95.31
Zdi-CDup_047-Ex1-11A-lcwgs-1-1.clmp.fp2_r1_screen	7419195	245880.0	3.3099999999999996	520.0	0.01	0.0	0.0	22.0	0.0	24914.0	0.33	118018.0	1.5999999999999999	317234.0	4.2700000000000005	116728.0	1.5699999999999998	222488.0	3.0	128305.0	1.72	179904.0	2.4299999999999997	138707.0	1.8699999999999999	7060847	95.17
Zdi-CDup_047-Ex1-11A-lcwgs-1-1.clmp.fp2_r2_screen	7419195	247897.0	3.3499999999999996	522.0	0.01	0.0	0.0	8.0	0.0	25691.0	0.34	119302.0	1.6199999999999999	319468.0	4.31	117952.0	1.5899999999999999	224371.0	3.03	129956.0	1.75	181578.0	2.45	140094.0	1.88	7058622	95.14
Zdi-CDup_048-Ex1-11B-lcwgs-1-1.clmp.fp2_r1_screen	140014	5528.0	3.9499999999999997	3.0	0.0	0.0	0.0	2.0	0.0	490.0	0.35000000000000003	3138.0	2.24	6875.0	4.9	3190.0	2.27	5009.0	3.58	3176.0	2.27	4252.0	3.05	3448.0	2.47	132439	94.59
Zdi-CDup_048-Ex1-11B-lcwgs-1-1.clmp.fp2_r2_screen	140014	5624.0	4.01	3.0	0.0	0.0	0.0	1.0	0.0	487.0	0.35000000000000003	3208.0	2.29	6943.0	4.96	3219.0	2.29	5099.0	3.63	3264.0	2.33	4337.0	3.09	3552.0	2.54	132341	94.52
Zdi-CDup_049-Ex1-11C-lcwgs-1-1.clmp.fp2_r1_screen	177756	6869.0	3.87	4.0	0.0	0.0	0.0	1.0	0.0	606.0	0.34	3732.0	2.1	8448.0	4.76	3714.0	2.09	6208.0	3.5	3936.0	2.21	5241.0	2.95	4166.0	2.3400000000000003	168299	94.68
Zdi-CDup_049-Ex1-11C-lcwgs-1-1.clmp.fp2_r2_screen	177756	6885.0	3.86	5.0	0.0	0.0	0.0	0.0	0.0	636.0	0.35000000000000003	3816.0	2.15	8514.0	4.8	3758.0	2.11	6289.0	3.54	3923.0	2.21	5244.0	2.96	4265.0	2.4	168299	94.68
Zdi-CDup_050-Ex1-11D-lcwgs-1-1.clmp.fp2_r1_screen	249196	9588.0	3.85	2.0	0.0	0.0	0.0	0.0	0.0	867.0	0.35000000000000003	5394.0	2.17	11984.0	4.8100000000000005	5323.0	2.13	8730.0	3.5	5394.0	2.16	7233.0	2.91	5732.0	2.3000000000000003	235789	94.62
Zdi-CDup_050-Ex1-11D-lcwgs-1-1.clmp.fp2_r2_screen	249196	9623.0	3.87	2.0	0.0	0.0	0.0	0.0	0.0	870.0	0.35000000000000003	5337.0	2.14	11976.0	4.8	5325.0	2.13	8714.0	3.5	5404.0	2.17	7265.0	2.92	5810.0	2.3200000000000003	235764	94.61
Zdi-CDup_051-Ex1-11E-lcwgs-1-1.clmp.fp2_r1_screen	177220	6636.0	3.75	3.0	0.0	0.0	0.0	1.0	0.0	656.0	0.37	3567.0	2.02	8377.0	4.72	3388.0	1.9	6016.0	3.39	3511.0	1.99	4890.0	2.76	3717.0	2.1	167774	94.67
Zdi-CDup_051-Ex1-11E-lcwgs-1-1.clmp.fp2_r2_screen	177220	6706.0	3.78	3.0	0.0	0.0	0.0	1.0	0.0	651.0	0.37	3564.0	2.01	8435.0	4.76	3402.0	1.92	5971.0	3.3600000000000003	3443.0	1.94	4924.0	2.78	3708.0	2.09	167667	94.61
Zdi-CDup_053-Ex1-11F-lcwgs-1-1.clmp.fp2_r1_screen	57096	2151.0	3.77	1.0	0.0	0.0	0.0	1.0	0.0	186.0	0.32	1129.0	1.98	2698.0	4.7299999999999995	1143.0	2.0	1939.0	3.39	1123.0	1.96	1552.0	2.7199999999999998	1230.0	2.15	54075	94.71
Zdi-CDup_053-Ex1-11F-lcwgs-1-1.clmp.fp2_r2_screen	57096	2194.0	3.8400000000000003	1.0	0.0	0.0	0.0	1.0	0.0	182.0	0.32	1111.0	1.94	2774.0	4.85	1129.0	1.97	1939.0	3.4000000000000004	1131.0	1.98	1565.0	2.73	1220.0	2.13	53989	94.56
Zdi-CDup_054-Ex1-11G-lcwgs-1-1.clmp.fp2_r1_screen	463399	18963.0	4.08	5.0	0.0	0.0	0.0	5.0	0.0	1669.0	0.36000000000000004	10620.0	2.29	23641.0	5.1000000000000005	10406.0	2.2399999999999998	17759.0	3.83	11313.0	2.4400000000000004	14902.0	3.2199999999999998	11792.0	2.55	437448	94.4
Zdi-CDup_054-Ex1-11G-lcwgs-1-1.clmp.fp2_r2_screen	463399	19094.0	4.12	5.0	0.0	0.0	0.0	3.0	0.0	1727.0	0.38	10653.0	2.31	23785.0	5.140000000000001	10435.0	2.25	17858.0	3.8600000000000003	11278.0	2.43	14778.0	3.19	11802.0	2.56	437309	94.37
Zdi-CDup_055-Ex1-11H-lcwgs-1-1.clmp.fp2_r1_screen	57642	2299.0	4.0	5.0	0.01	0.0	0.0	2.0	0.0	184.0	0.32	1326.0	2.29	2886.0	5.01	1338.0	2.3200000000000003	2064.0	3.58	1259.0	2.18	1705.0	2.96	1403.0	2.43	54431	94.43
Zdi-CDup_055-Ex1-11H-lcwgs-1-1.clmp.fp2_r2_screen	57642	2406.0	4.17	5.0	0.01	0.0	0.0	0.0	0.0	206.0	0.35000000000000003	1357.0	2.36	2901.0	5.03	1370.0	2.37	2112.0	3.6700000000000004	1312.0	2.2800000000000002	1794.0	3.1199999999999997	1437.0	2.49	54414	94.4
Zdi-CDup_056-Ex1-12A-lcwgs-1-1.clmp.fp2_r1_screen	4428664	137383.0	3.1	49.0	0.0	0.0	0.0	41.0	0.0	17221.0	0.39	73694.0	1.66	175834.0	3.97	65555.0	1.47	124947.0	2.8200000000000003	75717.0	1.7	104325.0	2.36	81306.0	1.83	4224059	95.38
Zdi-CDup_056-Ex1-12A-lcwgs-1-1.clmp.fp2_r2_screen	4428664	139249.0	3.14	49.0	0.0	0.0	0.0	14.0	0.0	18056.0	0.41000000000000003	74909.0	1.69	178032.0	4.0200000000000005	66526.0	1.5	126952.0	2.87	77266.0	1.74	105906.0	2.39	82882.0	1.8699999999999999	4221845	95.33
Zdi-CDup_057-Ex1-12B-lcwgs-1-1.clmp.fp2_r1_screen	820896	30334.0	3.69	11.0	0.0	0.0	0.0	13.0	0.0	3095.0	0.38	15943.0	1.9400000000000002	38528.0	4.69	15187.0	1.86	26989.0	3.29	15280.0	1.85	21652.0	2.64	16861.0	2.05	776978	94.65
Zdi-CDup_057-Ex1-12B-lcwgs-1-1.clmp.fp2_r2_screen	820896	30702.0	3.7399999999999998	11.0	0.0	0.0	0.0	5.0	0.0	3262.0	0.39	16188.0	1.96	38861.0	4.74	15333.0	1.8599999999999999	27351.0	3.33	15544.0	1.88	21992.0	2.6799999999999997	17139.0	2.08	776649	94.61
Zdi-CDup_058-Ex1-12C-lcwgs-1-1.clmp.fp2_r1_screen	4062192	122443.0	3.02	33.0	0.0	0.0	0.0	33.0	0.0	13321.0	0.33	59931.0	1.48	159595.0	3.9299999999999997	55942.0	1.3699999999999999	112914.0	2.77	66815.0	1.64	92264.0	2.27	70848.0	1.74	3881424	95.55
Zdi-CDup_058-Ex1-12C-lcwgs-1-1.clmp.fp2_r2_screen	4062192	123536.0	3.04	29.0	0.0	0.0	0.0	8.0	0.0	13899.0	0.34	60574.0	1.5	160811.0	3.96	56941.0	1.4	113850.0	2.81	67883.0	1.67	93338.0	2.3	71796.0	1.77	3880205	95.52
Zdi-CDup_059-Ex1-12D-lcwgs-1-1.clmp.fp2_r1_screen	662275	20737.0	3.13	42.0	0.01	0.0	0.0	34.0	0.0	2588.0	0.39	15395.0	2.33	27776.0	4.1899999999999995	9979.0	1.5	18764.0	2.8400000000000003	11053.0	1.67	15461.0	2.34	11790.0	1.78	627108	94.69
Zdi-CDup_059-Ex1-12D-lcwgs-1-1.clmp.fp2_r2_screen	662275	21017.0	3.17	37.0	0.0	0.0	0.0	20.0	0.0	2700.0	0.41000000000000003	15574.0	2.35	27949.0	4.21	10082.0	1.51	18879.0	2.85	11286.0	1.7	15782.0	2.38	12098.0	1.82	626777	94.64
Zdi-CDup_060-Ex1-12E-lcwgs-1-1.clmp.fp2_r1_screen	143528	4948.0	3.44	6.0	0.0	0.0	0.0	0.0	0.0	480.0	0.33	2683.0	1.8599999999999999	6323.0	4.4	2519.0	1.75	4353.0	3.03	2465.0	1.71	3602.0	2.51	2764.0	1.92	136236	94.92
Zdi-CDup_060-Ex1-12E-lcwgs-1-1.clmp.fp2_r2_screen	143528	4996.0	3.48	6.0	0.0	0.0	0.0	0.0	0.0	487.0	0.34	2687.0	1.88	6355.0	4.43	2525.0	1.75	4410.0	3.07	2474.0	1.72	3594.0	2.51	2813.0	1.96	136236	94.92
Zdi-CDup_061-Ex1-12F-lcwgs-1-1.clmp.fp2_r1_screen	1567029	53141.0	3.39	64.0	0.0	0.0	0.0	16.0	0.0	4939.0	0.31	27775.0	1.78	68161.0	4.3500000000000005	26289.0	1.68	49232.0	3.1500000000000004	29867.0	1.9	40512.0	2.59	31420.0	2.0	1490871	95.14
Zdi-CDup_061-Ex1-12F-lcwgs-1-1.clmp.fp2_r2_screen	1567029	53632.0	3.42	60.0	0.0	0.0	0.0	7.0	0.0	5129.0	0.33	28004.0	1.78	68332.0	4.36	26496.0	1.68	49782.0	3.17	30139.0	1.93	41033.0	2.62	31798.0	2.0300000000000002	1490557	95.12
Zdi-CDup_062-Ex1-12G-lcwgs-1-1.clmp.fp2_r1_screen	175647	6119.0	3.4899999999999998	3.0	0.0	0.0	0.0	3.0	0.0	547.0	0.31	3409.0	1.95	7676.0	4.36	3226.0	1.8299999999999998	5604.0	3.19	3517.0	2.0	4707.0	2.69	3745.0	2.12	167022	95.09
Zdi-CDup_062-Ex1-12G-lcwgs-1-1.clmp.fp2_r2_screen	175647	6160.0	3.51	3.0	0.0	0.0	0.0	0.0	0.0	584.0	0.34	3397.0	1.95	7712.0	4.39	3325.0	1.89	5678.0	3.23	3578.0	2.04	4742.0	2.71	3712.0	2.12	167040	95.1
Zdi-CDup_064-Ex1-5A-lcwgs-1-1.clmp.fp2_r1_screen	1459664	38394.0	2.64	5.0	0.0	0.0	0.0	1.0	0.0	4587.0	0.31	18779.0	1.29	48994.0	3.3600000000000003	17921.0	1.2200000000000002	34524.0	2.37	20943.0	1.43	28982.0	1.9900000000000002	22184.0	1.52	1403029	96.12
Zdi-CDup_064-Ex1-5A-lcwgs-1-1.clmp.fp2_r2_screen	1459664	38993.0	2.68	6.0	0.0	0.0	0.0	1.0	0.0	4830.0	0.33	19070.0	1.2999999999999998	49727.0	3.41	18209.0	1.2400000000000002	35221.0	2.4099999999999997	21415.0	1.47	29533.0	2.03	22603.0	1.54	1402299	96.07
Zdi-CDup_065-Ex1-5B-lcwgs-1-1.clmp.fp2_r1_screen	301226	10344.0	3.4299999999999997	23.0	0.01	0.0	0.0	1.0	0.0	977.0	0.33	5344.0	1.78	12869.0	4.28	5497.0	1.82	8946.0	2.97	5354.0	1.78	7377.0	2.4499999999999997	5820.0	1.93	286586	95.14
Zdi-CDup_065-Ex1-5B-lcwgs-1-1.clmp.fp2_r2_screen	301226	10328.0	3.4299999999999997	22.0	0.01	0.0	0.0	1.0	0.0	958.0	0.32	5338.0	1.78	12993.0	4.32	5575.0	1.8499999999999999	8967.0	2.98	5381.0	1.78	7384.0	2.46	5890.0	1.95	286646	95.16
Zdi-CDup_066-Ex1-5C-lcwgs-1-1.clmp.fp2_r1_screen	2607183	119017.0	4.57	41.0	0.0	0.0	0.0	25.0	0.0	11355.0	0.44	69587.0	2.67	148576.0	5.7	65749.0	2.53	107633.0	4.140000000000001	62230.0	2.38	87382.0	3.35	67846.0	2.5999999999999996	2440844	93.62
Zdi-CDup_066-Ex1-5C-lcwgs-1-1.clmp.fp2_r2_screen	2607183	119602.0	4.59	42.0	0.0	0.0	0.0	15.0	0.0	11666.0	0.45	70349.0	2.7	149567.0	5.73	66349.0	2.54	108518.0	4.17	62786.0	2.41	87988.0	3.38	68340.0	2.62	2439801	93.58
Zdi-CDup_071-Ex1-12H-lcwgs-1-1.clmp.fp2_r1_screen	297162	10776.0	3.62	3.0	0.0	0.0	0.0	4.0	0.0	992.0	0.34	5787.0	1.95	13518.0	4.55	5758.0	1.94	9591.0	3.23	5731.0	1.92	7909.0	2.66	6229.0	2.0900000000000003	281887	94.86
Zdi-CDup_071-Ex1-12H-lcwgs-1-1.clmp.fp2_r2_screen	297162	11032.0	3.71	3.0	0.0	0.0	0.0	1.0	0.0	1101.0	0.37	5953.0	2.01	13733.0	4.62	5860.0	1.97	9741.0	3.28	5846.0	1.98	8093.0	2.73	6447.0	2.17	281650	94.78
