Sample	32	37	42	47	52	57	62	67	72	77	82	87	92	97	102	107	112	117	122	127	132	137	142	147	150
Zdi-ADup_001-Ex1-11B-lcwgs-1-1.clmp.fp2_repr.R1	54645.0	218722.0	336896.0	458290.0	565391.0	650300.0	720432.0	781462.0	815875.0	830581.0	831986.0	792282.0	745676.0	690370.0	637547.0	588259.0	535514.0	476943.0	426727.0	379407.0	340910.0	306707.0	274237.0	265469.0	1499720.0
Zdi-ADup_001-Ex1-11B-lcwgs-1-1.clmp.fp2_repr.R2	56270.0	222198.0	338568.0	458375.0	565562.0	650161.0	721230.0	782077.0	816742.0	831661.0	833156.0	792979.0	745943.0	691149.0	637979.0	588847.0	535371.0	476943.0	426419.0	379170.0	341170.0	305688.0	272932.0	276300.0	1477458.0
Zdi-ADup_002-Ex1-9G-lcwgs-1-1.clmp.fp2_repr.R1	92405.0	369925.0	549099.0	708407.0	823615.0	889376.0	924263.0	937236.0	922841.0	888200.0	838333.0	763131.0	685510.0	605785.0	533491.0	471063.0	410096.0	351192.0	300477.0	256097.0	219756.0	187837.0	160081.0	144650.0	625592.0
Zdi-ADup_002-Ex1-9G-lcwgs-1-1.clmp.fp2_repr.R2	93507.0	372231.0	550113.0	708597.0	822916.0	888970.0	924978.0	937722.0	923537.0	888655.0	838680.0	763461.0	685731.0	606095.0	533488.0	470772.0	409699.0	350918.0	300441.0	255828.0	219289.0	187438.0	159327.0	147287.0	618778.0
Zdi-ADup_003-Ex1-9H-lcwgs-1-1.clmp.fp2_repr.R1	110871.0	447479.0	660406.0	839919.0	957628.0	1016763.0	1040858.0	1043257.0	1014150.0	969330.0	911396.0	829384.0	746536.0	661260.0	585221.0	515617.0	448614.0	385646.0	329883.0	281651.0	240627.0	206607.0	176735.0	158675.0	708021.0
Zdi-ADup_003-Ex1-9H-lcwgs-1-1.clmp.fp2_repr.R2	112049.0	449927.0	661179.0	840148.0	957093.0	1017063.0	1041251.0	1043751.0	1014780.0	969832.0	912160.0	829816.0	746837.0	661215.0	585140.0	515561.0	448390.0	385415.0	329650.0	281364.0	240389.0	206367.0	175865.0	162098.0	699194.0
Zdi-ADup_004-Ex1-10A-lcwgs-1-1.clmp.fp2_repr.R1	196.0	898.0	1356.0	1719.0	1763.0	1709.0	1628.0	1396.0	1308.0	1149.0	1046.0	881.0	782.0	666.0	581.0	488.0	476.0	406.0	344.0	306.0	261.0	204.0	196.0	179.0	1220.0
Zdi-ADup_004-Ex1-10A-lcwgs-1-1.clmp.fp2_repr.R2	199.0	900.0	1358.0	1736.0	1761.0	1686.0	1634.0	1411.0	1303.0	1139.0	1044.0	880.0	793.0	669.0	581.0	486.0	468.0	412.0	341.0	308.0	255.0	201.0	199.0	196.0	1198.0
Zdi-ADup_005-Ex1-10B-lcwgs-1-1.clmp.fp2_repr.R1	5377.0	20919.0	31242.0	40516.0	46884.0	50227.0	51378.0	50766.0	48430.0	45097.0	41387.0	36100.0	31435.0	26793.0	22753.0	19274.0	16103.0	13178.0	10990.0	9103.0	7484.0	6121.0	5021.0	4416.0	16227.0
Zdi-ADup_005-Ex1-10B-lcwgs-1-1.clmp.fp2_repr.R2	5409.0	21008.0	31326.0	40489.0	46870.0	50295.0	51390.0	50718.0	48470.0	45062.0	41440.0	36075.0	31383.0	26832.0	22743.0	19213.0	16095.0	13218.0	10977.0	9085.0	7466.0	6134.0	5010.0	4428.0	16085.0
Zdi-ADup_006-Ex1-10C-lcwgs-1-1.clmp.fp2_repr.R1	89245.0	361467.0	546281.0	714876.0	837630.0	915570.0	968132.0	1004587.0	1020977.0	1011978.0	989841.0	936915.0	875604.0	809956.0	744515.0	686329.0	620523.0	555334.0	494603.0	440543.0	392928.0	353513.0	315919.0	320519.0	2171146.0
Zdi-ADup_006-Ex1-10C-lcwgs-1-1.clmp.fp2_repr.R2	91684.0	366628.0	549107.0	716385.0	837746.0	916161.0	969294.0	1005284.0	1022642.0	1012893.0	991106.0	938148.0	876383.0	810255.0	744563.0	686559.0	620413.0	555217.0	494478.0	440685.0	393173.0	353015.0	314478.0	341341.0	2131293.0
Zdi-ADup_007-Ex1-10D-lcwgs-1-1.clmp.fp2_repr.R1	173513.0	624513.0	826067.0	990140.0	1103279.0	1164687.0	1189410.0	1196707.0	1168413.0	1115030.0	1041363.0	939461.0	831517.0	726223.0	632140.0	548389.0	468342.0	398536.0	337018.0	283999.0	239893.0	203747.0	170948.0	156866.0	647971.0
Zdi-ADup_007-Ex1-10D-lcwgs-1-1.clmp.fp2_repr.R2	176028.0	629393.0	827711.0	989965.0	1101603.0	1164138.0	1189234.0	1196912.0	1168778.0	1115306.0	1042152.0	939813.0	831358.0	725947.0	632155.0	548155.0	468163.0	398199.0	336632.0	283666.0	239479.0	203002.0	170358.0	158465.0	641560.0
Zdi-ADup_008-Ex1-10E-lcwgs-1-1.clmp.fp2_repr.R1	4739.0	23449.0	49899.0	87735.0	128103.0	163704.0	188316.0	207081.0	214541.0	212790.0	205412.0	190458.0	173163.0	153489.0	138029.0	123766.0	108816.0	94323.0	81266.0	70518.0	61177.0	53055.0	45979.0	43321.0	221339.0
Zdi-ADup_008-Ex1-10E-lcwgs-1-1.clmp.fp2_repr.R2	5138.0	24183.0	50449.0	87845.0	128024.0	163790.0	188514.0	207413.0	214710.0	212810.0	205553.0	190595.0	173089.0	153456.0	137935.0	123672.0	108884.0	94231.0	81156.0	70511.0	61112.0	52826.0	45722.0	44497.0	218353.0
Zdi-ADup_009-Ex1-10F-lcwgs-1-1.clmp.fp2_repr.R1	6818.0	27293.0	39036.0	47507.0	53791.0	56628.0	57208.0	57157.0	55192.0	52450.0	47989.0	43338.0	38263.0	33454.0	29087.0	25192.0	21748.0	18962.0	15880.0	13447.0	11260.0	9641.0	8199.0	7735.0	34966.0
Zdi-ADup_009-Ex1-10F-lcwgs-1-1.clmp.fp2_repr.R2	6925.0	27442.0	39104.0	47486.0	53787.0	56631.0	57133.0	57215.0	55179.0	52521.0	48040.0	43375.0	38238.0	33473.0	29108.0	25184.0	21691.0	18981.0	15849.0	13425.0	11252.0	9600.0	8153.0	7864.0	34585.0
Zdi-ADup_010-Ex1-10G-lcwgs-1-1.clmp.fp2_repr.R1	1396.0	5463.0	7559.0	9345.0	10690.0	11283.0	11608.0	11853.0	11622.0	11217.0	10437.0	9743.0	8841.0	7851.0	7180.0	6541.0	5591.0	4873.0	4340.0	3750.0	3320.0	2882.0	2569.0	2767.0	14254.0
Zdi-ADup_010-Ex1-10G-lcwgs-1-1.clmp.fp2_repr.R2	1393.0	5515.0	7571.0	9336.0	10641.0	11309.0	11622.0	11825.0	11617.0	11219.0	10462.0	9748.0	8843.0	7871.0	7191.0	6520.0	5617.0	4875.0	4341.0	3749.0	3312.0	2916.0	2565.0	2827.0	14090.0
Zdi-ADup_011-Ex1-10H-lcwgs-1-1.clmp.fp2_repr.R1	89730.0	347480.0	501346.0	651026.0	768320.0	855917.0	911146.0	945197.0	945968.0	913428.0	859946.0	778481.0	692912.0	607222.0	529811.0	462627.0	399282.0	340533.0	289814.0	246792.0	211427.0	181853.0	155850.0	145552.0	718076.0
Zdi-ADup_011-Ex1-10H-lcwgs-1-1.clmp.fp2_repr.R2	91206.0	350752.0	502970.0	651533.0	768180.0	855824.0	911809.0	945987.0	946574.0	913745.0	860236.0	778246.0	693137.0	606927.0	529963.0	462314.0	398820.0	340215.0	289479.0	246503.0	211298.0	181367.0	155132.0	149580.0	707939.0
Zdi-ADup_012-Ex1-11A-lcwgs-1-1.clmp.fp2_repr.R1	324.0	1186.0	1754.0	2232.0	2858.0	3428.0	4056.0	4734.0	5219.0	5672.0	5788.0	5690.0	5670.0	5473.0	5410.0	5100.0	5099.0	4725.0	4463.0	4267.0	4048.0	3903.0	3822.0	5131.0	66663.0
Zdi-ADup_012-Ex1-11A-lcwgs-1-1.clmp.fp2_repr.R2	375.0	1299.0	1815.0	2268.0	2888.0	3441.0	4073.0	4720.0	5233.0	5692.0	5829.0	5700.0	5675.0	5506.0	5389.0	5114.0	5101.0	4781.0	4483.0	4285.0	4073.0	3924.0	3850.0	6892.0	64309.0
Zdi-ADup_013-Ex1-12F-lcwgs-1-1.clmp.fp2_repr.R1	6269.0	21759.0	29709.0	35789.0	40157.0	42865.0	43690.0	44314.0	43993.0	41875.0	40790.0	37502.0	34981.0	32271.0	29874.0	27917.0	26161.0	23636.0	21793.0	19825.0	18671.0	17050.0	15939.0	18122.0	155145.0
Zdi-ADup_013-Ex1-12F-lcwgs-1-1.clmp.fp2_repr.R2	6408.0	22072.0	29848.0	35886.0	40087.0	42896.0	43672.0	44392.0	44075.0	42041.0	40852.0	37467.0	35035.0	32345.0	29881.0	27953.0	26189.0	23608.0	21819.0	19852.0	18648.0	17121.0	15850.0	20220.0	151880.0
Zdi-ADup_014-Ex1-11C-lcwgs-1-1.clmp.fp2_repr.R1	41324.0	146998.0	197335.0	240654.0	272749.0	292429.0	304933.0	315986.0	316323.0	310814.0	301103.0	282758.0	261244.0	238156.0	217967.0	197721.0	178238.0	158387.0	142498.0	126232.0	112578.0	100957.0	90229.0	90173.0	554934.0
Zdi-ADup_014-Ex1-11C-lcwgs-1-1.clmp.fp2_repr.R2	42201.0	148822.0	198245.0	240601.0	272503.0	292557.0	304723.0	316392.0	316502.0	311209.0	301489.0	282941.0	261390.0	238354.0	217847.0	197690.0	178265.0	158421.0	142465.0	126036.0	112741.0	100743.0	89797.0	97031.0	543755.0
Zdi-ADup_015-Ex1-11D-lcwgs-1-1.clmp.fp2_repr.R1	106559.0	408411.0	570022.0	686639.0	752637.0	777475.0	779795.0	772521.0	747600.0	713117.0	674845.0	617410.0	561095.0	505273.0	454026.0	404684.0	358972.0	312656.0	272578.0	235831.0	205961.0	179551.0	155342.0	143377.0	666204.0
Zdi-ADup_015-Ex1-11D-lcwgs-1-1.clmp.fp2_repr.R2	107702.0	410536.0	570617.0	686331.0	752160.0	776949.0	780010.0	772785.0	748309.0	713567.0	675404.0	617762.0	561381.0	505580.0	454189.0	404965.0	358869.0	312581.0	272351.0	235628.0	205912.0	179437.0	154641.0	145959.0	658956.0
Zdi-ADup_016-Ex1-11E-lcwgs-1-1.clmp.fp2_repr.R1	60607.0	262817.0	440212.0	631255.0	799517.0	928503.0	1027823.0	1102668.0	1142451.0	1147250.0	1122663.0	1056177.0	980116.0	895494.0	816416.0	745340.0	672294.0	597251.0	528755.0	467201.0	417804.0	372674.0	331149.0	317649.0	1826387.0
Zdi-ADup_016-Ex1-11E-lcwgs-1-1.clmp.fp2_repr.R2	62926.0	267776.0	442788.0	631868.0	799078.0	928467.0	1028393.0	1103623.0	1143732.0	1148092.0	1123493.0	1057760.0	980583.0	895715.0	816758.0	745557.0	672415.0	596770.0	528776.0	467367.0	417776.0	372081.0	329443.0	332366.0	1796870.0
Zdi-ADup_017-Ex1-11F-lcwgs-1-1.clmp.fp2_repr.R1	81095.0	304379.0	430178.0	547903.0	642909.0	712413.0	755639.0	782727.0	782822.0	762323.0	723435.0	659727.0	591559.0	522521.0	457448.0	400363.0	346550.0	296417.0	253100.0	216209.0	183765.0	157306.0	135024.0	121166.0	527632.0
Zdi-ADup_017-Ex1-11F-lcwgs-1-1.clmp.fp2_repr.R2	82204.0	306932.0	431009.0	547689.0	642159.0	712233.0	755892.0	783140.0	783445.0	762705.0	724023.0	659803.0	591729.0	522526.0	457695.0	400168.0	346455.0	296236.0	252867.0	216022.0	183440.0	156775.0	134591.0	123835.0	521037.0
Zdi-ADup_018-Ex1-11G-lcwgs-1-1.clmp.fp2_repr.R1	127754.0	472942.0	647411.0	802396.0	929768.0	1029912.0	1105563.0	1160467.0	1180581.0	1166637.0	1122124.0	1039839.0	944093.0	845357.0	750931.0	667145.0	585663.0	505253.0	439167.0	377449.0	328667.0	284412.0	246406.0	230416.0	1158862.0
Zdi-ADup_018-Ex1-11G-lcwgs-1-1.clmp.fp2_repr.R2	129769.0	476517.0	648828.0	802311.0	928705.0	1029844.0	1105984.0	1161683.0	1181695.0	1166886.0	1122641.0	1040389.0	944772.0	845559.0	750905.0	667046.0	585702.0	505269.0	439037.0	377359.0	328215.0	283674.0	245372.0	238309.0	1142744.0
Zdi-ADup_019-Ex1-11H-lcwgs-1-1.clmp.fp2_repr.R1	11893.0	53546.0	92702.0	135924.0	174605.0	207543.0	229950.0	247405.0	254329.0	250764.0	239855.0	219786.0	195877.0	172619.0	150863.0	131419.0	113353.0	96046.0	81041.0	68936.0	58688.0	49852.0	42439.0	38513.0	170766.0
Zdi-ADup_019-Ex1-11H-lcwgs-1-1.clmp.fp2_repr.R2	12180.0	54042.0	92889.0	135906.0	174463.0	207473.0	230052.0	247565.0	254524.0	250976.0	240022.0	219988.0	195796.0	172524.0	150935.0	131413.0	113308.0	96028.0	81067.0	68823.0	58689.0	49700.0	42258.0	39559.0	168534.0
Zdi-ADup_020-Ex1-12A-lcwgs-1-1.clmp.fp2_repr.R1	57.0	247.0	344.0	386.0	447.0	494.0	498.0	474.0	502.0	512.0	474.0	427.0	401.0	414.0	388.0	416.0	375.0	349.0	331.0	299.0	242.0	234.0	217.0	294.0	2196.0
Zdi-ADup_020-Ex1-12A-lcwgs-1-1.clmp.fp2_repr.R2	60.0	250.0	331.0	395.0	453.0	489.0	492.0	486.0	502.0	513.0	471.0	427.0	407.0	424.0	393.0	407.0	370.0	357.0	332.0	293.0	243.0	233.0	214.0	335.0	2141.0
Zdi-ADup_021-Ex1-12B-lcwgs-1-1.clmp.fp2_repr.R1	481.0	1741.0	2443.0	3223.0	3603.0	3958.0	4165.0	4168.0	4057.0	4119.0	4090.0	3661.0	3481.0	3199.0	2969.0	2620.0	2476.0	2225.0	1928.0	1760.0	1640.0	1494.0	1369.0	1652.0	9334.0
Zdi-ADup_021-Ex1-12B-lcwgs-1-1.clmp.fp2_repr.R2	474.0	1760.0	2445.0	3218.0	3561.0	3956.0	4182.0	4181.0	4091.0	4131.0	4089.0	3692.0	3486.0	3212.0	2960.0	2626.0	2459.0	2241.0	1909.0	1773.0	1647.0	1498.0	1390.0	1700.0	9175.0
Zdi-ADup_022-Ex1-12C-lcwgs-1-1.clmp.fp2_repr.R1	275387.0	1046792.0	1462582.0	1795889.0	2014842.0	2133864.0	2196386.0	2221397.0	2187557.0	2111248.0	2007990.0	1844123.0	1674407.0	1498865.0	1337184.0	1195738.0	1053319.0	916054.0	796660.0	690694.0	600103.0	525439.0	456392.0	425650.0	2077744.0
Zdi-ADup_022-Ex1-12C-lcwgs-1-1.clmp.fp2_repr.R2	279629.0	1054701.0	1465244.0	1795937.0	2013116.0	2132097.0	2196721.0	2222001.0	2189350.0	2112926.0	2009360.0	1845572.0	1675250.0	1499155.0	1337004.0	1195161.0	1053100.0	916306.0	796632.0	689951.0	599627.0	523713.0	454390.0	437336.0	2052027.0
Zdi-ADup_023-Ex1-12D-lcwgs-1-1.clmp.fp2_repr.R1	35733.0	132370.0	184166.0	232172.0	266753.0	290481.0	301651.0	308397.0	307682.0	298375.0	284107.0	261467.0	236626.0	212208.0	187783.0	167308.0	146012.0	127265.0	109933.0	95200.0	81733.0	71192.0	62068.0	57844.0	281877.0
Zdi-ADup_023-Ex1-12D-lcwgs-1-1.clmp.fp2_repr.R2	36167.0	133412.0	184544.0	232113.0	266693.0	290280.0	301739.0	308561.0	307793.0	298505.0	284474.0	261653.0	236688.0	212341.0	187650.0	167208.0	146101.0	127201.0	109905.0	95088.0	81668.0	71124.0	61728.0	59532.0	278235.0
Zdi-ADup_024-Ex1-12E-lcwgs-1-1.clmp.fp2_repr.R1	25946.0	98590.0	140684.0	175275.0	198905.0	207717.0	207604.0	202949.0	189298.0	171711.0	150075.0	128164.0	108667.0	90689.0	75662.0	63771.0	54479.0	45685.0	38293.0	32798.0	28887.0	25819.0	23943.0	27426.0	275312.0
Zdi-ADup_024-Ex1-12E-lcwgs-1-1.clmp.fp2_repr.R2	26270.0	99225.0	141003.0	175201.0	198774.0	207723.0	207659.0	203135.0	189460.0	171794.0	150295.0	128227.0	108653.0	90762.0	75736.0	63956.0	54484.0	45678.0	38270.0	32918.0	29014.0	25923.0	23862.0	32491.0	267836.0
Zdi-ADup_025-Ex1-2A-lcwgs-1-1.clmp.fp2_repr.R1	1158.0	5360.0	8510.0	10463.0	11598.0	11382.0	10420.0	9580.0	8381.0	7288.0	6394.0	5411.0	4401.0	3761.0	3271.0	2801.0	2506.0	2083.0	1784.0	1569.0	1430.0	1245.0	1131.0	1091.0	6154.0
Zdi-ADup_025-Ex1-2A-lcwgs-1-1.clmp.fp2_repr.R2	1176.0	5354.0	8467.0	10518.0	11619.0	11358.0	10414.0	9579.0	8378.0	7243.0	6426.0	5433.0	4411.0	3769.0	3274.0	2818.0	2500.0	2087.0	1784.0	1567.0	1429.0	1260.0	1095.0	1143.0	6070.0
Zdi-ADup_026-Ex1-12G-lcwgs-1-1.clmp.fp2_repr.R1	10003.0	37846.0	53116.0	65439.0	74480.0	80054.0	82603.0	82455.0	79512.0	73102.0	66264.0	57074.0	47874.0	39733.0	32491.0	26510.0	21457.0	17208.0	13617.0	11250.0	9050.0	7632.0	6327.0	6549.0	34341.0
Zdi-ADup_026-Ex1-12G-lcwgs-1-1.clmp.fp2_repr.R2	10093.0	38028.0	53113.0	65315.0	74414.0	80019.0	82690.0	82422.0	79487.0	73160.0	66256.0	57092.0	47881.0	39797.0	32496.0	26524.0	21457.0	17169.0	13608.0	11269.0	9065.0	7619.0	6277.0	6722.0	34014.0
Zdi-ADup_027-Ex1-12H-lcwgs-1-1.clmp.fp2_repr.R1	190666.0	677263.0	898872.0	1102930.0	1276634.0	1403614.0	1502535.0	1562957.0	1564213.0	1514843.0	1417848.0	1269480.0	1105487.0	944092.0	792665.0	662325.0	544721.0	439174.0	352382.0	280593.0	221885.0	173730.0	135458.0	110299.0	325153.0
Zdi-ADup_027-Ex1-12H-lcwgs-1-1.clmp.fp2_repr.R2	192831.0	681559.0	900356.0	1102664.0	1275316.0	1402968.0	1502775.0	1563491.0	1564619.0	1515171.0	1418008.0	1269837.0	1105507.0	943548.0	792233.0	661850.0	544053.0	438603.0	351680.0	280087.0	221406.0	173229.0	134909.0	111860.0	321259.0
Zdi-ADup_028-Ex1-9F-lcwgs-1-1.clmp.fp2_repr.R1	84222.0	330191.0	470963.0	572505.0	622381.0	632403.0	617565.0	593910.0	558927.0	514334.0	469340.0	413115.0	361774.0	314275.0	271643.0	234719.0	200303.0	169763.0	143616.0	120303.0	101963.0	86502.0	72977.0	65402.0	278177.0
Zdi-ADup_028-Ex1-9F-lcwgs-1-1.clmp.fp2_repr.R2	84907.0	331582.0	471421.0	572513.0	622030.0	632494.0	617845.0	593723.0	559447.0	514807.0	469392.0	413208.0	361932.0	314040.0	271517.0	234619.0	200260.0	169533.0	143245.0	120187.0	101902.0	86346.0	72696.0	66776.0	274851.0
Zdi-ADup_029-Ex1-1A-lcwgs-1-1.clmp.fp2_repr.R1	134.0	623.0	960.0	1409.0	1658.0	1820.0	1798.0	1855.0	1818.0	1790.0	1760.0	1776.0	1629.0	1632.0	1560.0	1487.0	1446.0	1357.0	1326.0	1274.0	1102.0	1075.0	1041.0	1201.0	8798.0
Zdi-ADup_029-Ex1-1A-lcwgs-1-1.clmp.fp2_repr.R2	135.0	641.0	965.0	1401.0	1642.0	1836.0	1799.0	1861.0	1819.0	1789.0	1783.0	1788.0	1639.0	1622.0	1558.0	1485.0	1457.0	1359.0	1330.0	1266.0	1105.0	1077.0	1042.0	1336.0	8594.0
Zdi-ADup_030-Ex1-1B-lcwgs-1-1.clmp.fp2_repr.R1	584.0	2850.0	4891.0	6777.0	8150.0	9005.0	8598.0	8458.0	8120.0	7414.0	6695.0	5972.0	5080.0	4513.0	3894.0	3410.0	3046.0	2579.0	2230.0	1930.0	1783.0	1633.0	1448.0	1771.0	11237.0
Zdi-ADup_030-Ex1-1B-lcwgs-1-1.clmp.fp2_repr.R2	584.0	2873.0	4886.0	6780.0	8164.0	9005.0	8568.0	8446.0	8128.0	7455.0	6675.0	5953.0	5109.0	4534.0	3914.0	3409.0	3037.0	2593.0	2207.0	1928.0	1792.0	1656.0	1435.0	1937.0	11000.0
Zdi-ADup_031-Ex1-1C-lcwgs-1-1.clmp.fp2_repr.R1	594.0	2710.0	4468.0	6225.0	7620.0	8434.0	8572.0	8813.0	8589.0	8349.0	8268.0	7760.0	7261.0	6955.0	6427.0	6058.0	5851.0	5212.0	5030.0	4464.0	4200.0	4021.0	3661.0	4340.0	28198.0
Zdi-ADup_031-Ex1-1C-lcwgs-1-1.clmp.fp2_repr.R2	590.0	2727.0	4485.0	6241.0	7594.0	8435.0	8569.0	8846.0	8590.0	8341.0	8282.0	7775.0	7257.0	6975.0	6431.0	6066.0	5896.0	5217.0	5000.0	4495.0	4220.0	3997.0	3644.0	4749.0	27658.0
Zdi-ADup_032-Ex1-1D-lcwgs-1-1.clmp.fp2_repr.R1	6222.0	27264.0	45935.0	63917.0	81579.0	94884.0	104236.0	114688.0	119381.0	121852.0	121158.0	116085.0	109278.0	100430.0	92746.0	84617.0	76254.0	67261.0	60049.0	52963.0	46876.0	41364.0	36675.0	36368.0	213065.0
Zdi-ADup_032-Ex1-1D-lcwgs-1-1.clmp.fp2_repr.R2	6465.0	27716.0	46132.0	63943.0	81467.0	94771.0	104297.0	114863.0	119567.0	121850.0	121421.0	116175.0	109284.0	100468.0	92841.0	84696.0	76326.0	67239.0	60064.0	52953.0	46960.0	41346.0	36527.0	38979.0	208797.0
Zdi-ADup_033-Ex1-1E-lcwgs-1-1.clmp.fp2_repr.R1	1178.0	5409.0	9723.0	14064.0	17354.0	18844.0	18842.0	18643.0	17389.0	16159.0	14857.0	13046.0	11680.0	10012.0	8793.0	7597.0	6561.0	5621.0	4906.0	4202.0	3604.0	3059.0	2741.0	3005.0	17319.0
Zdi-ADup_033-Ex1-1E-lcwgs-1-1.clmp.fp2_repr.R2	1164.0	5437.0	9740.0	14104.0	17344.0	18821.0	18813.0	18625.0	17373.0	16167.0	14887.0	13070.0	11699.0	9995.0	8797.0	7596.0	6585.0	5613.0	4908.0	4198.0	3631.0	3067.0	2768.0	3215.0	16991.0
Zdi-ADup_034-Ex1-1F-lcwgs-1-1.clmp.fp2_repr.R1	1026.0	4753.0	8212.0	11784.0	14883.0	16235.0	16948.0	17154.0	16838.0	16192.0	15148.0	14015.0	12578.0	11274.0	10144.0	9347.0	8290.0	7267.0	6639.0	5846.0	5108.0	4695.0	4270.0	4661.0	28011.0
Zdi-ADup_034-Ex1-1F-lcwgs-1-1.clmp.fp2_repr.R2	1029.0	4773.0	8204.0	11763.0	14900.0	16209.0	16953.0	17160.0	16870.0	16213.0	15125.0	14062.0	12583.0	11299.0	10184.0	9312.0	8334.0	7296.0	6605.0	5846.0	5120.0	4693.0	4293.0	5050.0	27442.0
Zdi-ADup_035-Ex1-1G-lcwgs-1-1.clmp.fp2_repr.R1	8585.0	38873.0	62411.0	80661.0	90434.0	93120.0	89584.0	86042.0	79097.0	71527.0	63837.0	54764.0	46802.0	39409.0	33431.0	28157.0	23537.0	19279.0	16036.0	13549.0	11366.0	9648.0	8225.0	7898.0	39142.0
Zdi-ADup_035-Ex1-1G-lcwgs-1-1.clmp.fp2_repr.R2	8656.0	38989.0	62436.0	80619.0	90314.0	93250.0	89631.0	86040.0	79077.0	71564.0	63914.0	54722.0	46797.0	39334.0	33410.0	28192.0	23535.0	19345.0	15993.0	13567.0	11374.0	9657.0	8201.0	8300.0	38497.0
Zdi-ADup_036-Ex1-1H-lcwgs-1-1.clmp.fp2_repr.R1	2161.0	10006.0	15657.0	20110.0	22429.0	22791.0	22389.0	20980.0	19170.0	17370.0	15504.0	13608.0	11875.0	10631.0	9492.0	8302.0	7485.0	6518.0	5997.0	5264.0	4603.0	4335.0	4077.0	4764.0	30037.0
Zdi-ADup_036-Ex1-1H-lcwgs-1-1.clmp.fp2_repr.R2	2196.0	10046.0	15636.0	20068.0	22428.0	22768.0	22348.0	21005.0	19205.0	17369.0	15491.0	13643.0	11892.0	10639.0	9469.0	8314.0	7534.0	6540.0	6011.0	5254.0	4623.0	4342.0	4091.0	5166.0	29477.0
Zdi-ADup_037-Ex1-3D-lcwgs-1-1.clmp.fp2_repr.R1	689.0	3447.0	6529.0	10093.0	12928.0	14658.0	15014.0	15175.0	15040.0	14097.0	13643.0	13033.0	12189.0	11182.0	10127.0	8990.0	8093.0	6973.0	6194.0	5456.0	4836.0	4325.0	3825.0	4001.0	22335.0
Zdi-ADup_037-Ex1-3D-lcwgs-1-1.clmp.fp2_repr.R2	686.0	3465.0	6538.0	10088.0	12933.0	14623.0	15034.0	15204.0	15015.0	14136.0	13633.0	13037.0	12242.0	11229.0	10112.0	8957.0	8100.0	6975.0	6218.0	5429.0	4862.0	4318.0	3836.0	4145.0	22057.0
Zdi-ADup_038-Ex1-2B-lcwgs-1-1.clmp.fp2_repr.R1	756.0	3240.0	5512.0	7508.0	8723.0	9417.0	9324.0	9118.0	8604.0	7964.0	7258.0	6616.0	5850.0	5095.0	4639.0	4163.0	3597.0	3074.0	2750.0	2312.0	2054.0	1777.0	1553.0	1612.0	8439.0
Zdi-ADup_038-Ex1-2B-lcwgs-1-1.clmp.fp2_repr.R2	765.0	3252.0	5518.0	7527.0	8730.0	9415.0	9333.0	9104.0	8603.0	7946.0	7250.0	6610.0	5861.0	5111.0	4633.0	4163.0	3589.0	3070.0	2747.0	2320.0	2066.0	1791.0	1535.0	1660.0	8356.0
Zdi-ADup_039-Ex1-2C-lcwgs-1-1.clmp.fp2_repr.R1	681.0	3155.0	5632.0	7913.0	10063.0	11015.0	11747.0	11934.0	11814.0	11612.0	11103.0	10626.0	9856.0	9278.0	8646.0	7938.0	7239.0	6304.0	5810.0	5077.0	4677.0	4252.0	3886.0	4152.0	22742.0
Zdi-ADup_039-Ex1-2C-lcwgs-1-1.clmp.fp2_repr.R2	675.0	3181.0	5650.0	7932.0	10089.0	11028.0	11740.0	11896.0	11823.0	11622.0	11112.0	10638.0	9915.0	9285.0	8596.0	7942.0	7237.0	6325.0	5796.0	5097.0	4668.0	4269.0	3880.0	4331.0	22425.0
Zdi-ADup_040-Ex1-2D-lcwgs-1-1.clmp.fp2_repr.R1	918.0	4556.0	7723.0	10958.0	13489.0	14795.0	15335.0	15556.0	15134.0	14748.0	13867.0	12867.0	12006.0	11027.0	9929.0	9215.0	8139.0	7449.0	6565.0	5872.0	5440.0	4660.0	4223.0	4283.0	22960.0
Zdi-ADup_040-Ex1-2D-lcwgs-1-1.clmp.fp2_repr.R2	939.0	4636.0	7733.0	10955.0	13489.0	14816.0	15318.0	15512.0	15131.0	14770.0	13866.0	12874.0	12035.0	11046.0	9942.0	9214.0	8178.0	7424.0	6580.0	5896.0	5392.0	4665.0	4202.0	4494.0	22607.0
Zdi-ADup_041-Ex1-2E-lcwgs-1-1.clmp.fp2_repr.R1	461.0	2045.0	3702.0	5191.0	6327.0	7045.0	7287.0	7301.0	7398.0	6924.0	6747.0	6491.0	5806.0	5242.0	4805.0	4294.0	3902.0	3459.0	3164.0	2779.0	2434.0	2231.0	1948.0	2019.0	10893.0
Zdi-ADup_041-Ex1-2E-lcwgs-1-1.clmp.fp2_repr.R2	466.0	2067.0	3702.0	5188.0	6343.0	7067.0	7296.0	7281.0	7387.0	6951.0	6751.0	6475.0	5809.0	5238.0	4806.0	4304.0	3933.0	3450.0	3171.0	2777.0	2426.0	2202.0	1940.0	2189.0	10676.0
Zdi-ADup_042-Ex1-2F-lcwgs-1-1.clmp.fp2_repr.R1	50921.0	243120.0	427002.0	621503.0	791674.0	907861.0	992365.0	1048041.0	1070115.0	1050405.0	1007795.0	924657.0	830579.0	736483.0	648365.0	567902.0	492136.0	419234.0	357885.0	301991.0	257871.0	221790.0	189104.0	171277.0	797575.0
Zdi-ADup_042-Ex1-2F-lcwgs-1-1.clmp.fp2_repr.R2	52018.0	245402.0	427883.0	621824.0	791671.0	907871.0	992469.0	1048581.0	1070680.0	1051131.0	1008489.0	925237.0	830603.0	736683.0	648455.0	567630.0	491802.0	419226.0	357504.0	301658.0	257723.0	221294.0	188228.0	175023.0	788566.0
Zdi-ADup_043-Ex1-2G-lcwgs-1-1.clmp.fp2_repr.R1	3976.0	19484.0	34610.0	51453.0	65004.0	73046.0	78497.0	81202.0	80758.0	77856.0	72977.0	66161.0	58966.0	51901.0	45598.0	39781.0	34217.0	29024.0	24480.0	20877.0	17342.0	15124.0	13057.0	11848.0	53948.0
Zdi-ADup_043-Ex1-2G-lcwgs-1-1.clmp.fp2_repr.R2	4014.0	19602.0	34676.0	51444.0	65041.0	72964.0	78660.0	81313.0	80723.0	77917.0	73072.0	66107.0	58965.0	51909.0	45573.0	39781.0	34212.0	29013.0	24411.0	20821.0	17377.0	15053.0	12984.0	12292.0	53263.0
Zdi-ADup_044-Ex1-2H-lcwgs-1-1.clmp.fp2_repr.R1	35352.0	159587.0	262746.0	354430.0	421351.0	457846.0	469884.0	476004.0	463423.0	440540.0	411617.0	368354.0	326651.0	286658.0	248889.0	217323.0	186796.0	157799.0	133406.0	112380.0	95280.0	81312.0	68342.0	61915.0	262255.0
Zdi-ADup_044-Ex1-2H-lcwgs-1-1.clmp.fp2_repr.R2	35872.0	160769.0	263057.0	354283.0	421151.0	457587.0	470091.0	476421.0	463540.0	440682.0	411870.0	368526.0	326804.0	286595.0	248886.0	217225.0	186489.0	157796.0	133461.0	112211.0	95086.0	81200.0	68300.0	63195.0	259043.0
Zdi-ADup_045-Ex1-3A-lcwgs-1-1.clmp.fp2_repr.R1	2249.0	10352.0	16406.0	21333.0	23574.0	23232.0	22199.0	20227.0	18168.0	15817.0	13858.0	11685.0	9604.0	8022.0	6552.0	5508.0	4701.0	3793.0	3048.0	2556.0	2124.0	1815.0	1543.0	1393.0	6881.0
Zdi-ADup_045-Ex1-3A-lcwgs-1-1.clmp.fp2_repr.R2	2264.0	10360.0	16427.0	21274.0	23535.0	23323.0	22204.0	20178.0	18182.0	15827.0	13937.0	11695.0	9587.0	8003.0	6575.0	5498.0	4703.0	3774.0	3009.0	2560.0	2138.0	1796.0	1533.0	1442.0	6816.0
Zdi-ADup_046-Ex1-3B-lcwgs-1-1.clmp.fp2_repr.R1	596.0	2659.0	4874.0	7031.0	8486.0	9105.0	8904.0	8683.0	8038.0	7588.0	7037.0	6276.0	5664.0	4973.0	4343.0	3771.0	3366.0	2863.0	2507.0	2125.0	1834.0	1706.0	1434.0	1463.0	7596.0
Zdi-ADup_046-Ex1-3B-lcwgs-1-1.clmp.fp2_repr.R2	595.0	2713.0	4880.0	7012.0	8468.0	9118.0	8886.0	8680.0	8004.0	7603.0	7054.0	6261.0	5656.0	4989.0	4344.0	3796.0	3372.0	2858.0	2509.0	2133.0	1831.0	1704.0	1431.0	1514.0	7511.0
Zdi-ADup_047-Ex1-3C-lcwgs-1-1.clmp.fp2_repr.R1	8534.0	38203.0	63447.0	86585.0	104336.0	112739.0	114330.0	112578.0	107932.0	100443.0	92127.0	81859.0	71497.0	62325.0	53626.0	46685.0	39473.0	33142.0	27940.0	23253.0	19886.0	16941.0	14338.0	12933.0	56504.0
Zdi-ADup_047-Ex1-3C-lcwgs-1-1.clmp.fp2_repr.R2	8636.0	38417.0	63539.0	86361.0	104027.0	112539.0	114205.0	112485.0	108026.0	100581.0	92318.0	81825.0	71554.0	62364.0	53699.0	46770.0	39612.0	33202.0	27938.0	23308.0	19855.0	16897.0	14317.0	13266.0	55915.0
Zdi-CDup_001-Ex1-5D-lcwgs-1-1.clmp.fp2_repr.R1	9704.0	37532.0	49299.0	58055.0	61406.0	61402.0	58934.0	57189.0	54672.0	51892.0	49178.0	46909.0	44099.0	42260.0	39867.0	38050.0	36140.0	33458.0	31760.0	29743.0	28518.0	26484.0	25238.0	28279.0	227840.0
Zdi-CDup_001-Ex1-5D-lcwgs-1-1.clmp.fp2_repr.R2	9829.0	37910.0	49455.0	58096.0	61322.0	61347.0	58982.0	57225.0	54918.0	52019.0	49347.0	47026.0	44267.0	42477.0	39971.0	38230.0	36198.0	33593.0	31868.0	29837.0	28618.0	26511.0	25159.0	30800.0	222903.0
Zdi-CDup_002-Ex1-5E-lcwgs-1-1.clmp.fp2_repr.R1	817.0	3150.0	4368.0	5264.0	5598.0	5880.0	5901.0	5673.0	5593.0	5694.0	5333.0	5290.0	4993.0	4917.0	4792.0	4563.0	4308.0	4071.0	3865.0	3589.0	3389.0	3334.0	3171.0	3697.0	28999.0
Zdi-CDup_002-Ex1-5E-lcwgs-1-1.clmp.fp2_repr.R2	821.0	3187.0	4389.0	5280.0	5568.0	5854.0	5941.0	5694.0	5602.0	5676.0	5340.0	5305.0	5009.0	4956.0	4772.0	4592.0	4337.0	4080.0	3855.0	3614.0	3430.0	3376.0	3140.0	4127.0	28304.0
Zdi-CDup_003-Ex1-5F-lcwgs-1-1.clmp.fp2_repr.R1	5931.0	21034.0	26036.0	29913.0	31418.0	31222.0	30249.0	29467.0	28955.0	27460.0	26679.0	25604.0	24926.0	24169.0	23482.0	22856.0	21576.0	20714.0	19594.0	18646.0	17610.0	17021.0	16035.0	17458.0	138512.0
Zdi-CDup_003-Ex1-5F-lcwgs-1-1.clmp.fp2_repr.R2	6036.0	21274.0	26033.0	29971.0	31458.0	31214.0	30301.0	29569.0	29031.0	27583.0	26759.0	25645.0	25079.0	24321.0	23526.0	22978.0	21587.0	20734.0	19630.0	18738.0	17700.0	16969.0	16005.0	18782.0	135644.0
Zdi-CDup_004-Ex1-5G-lcwgs-1-1.clmp.fp2_repr.R1	923.0	3454.0	4530.0	5205.0	5625.0	5890.0	5632.0	5743.0	5654.0	5578.0	5383.0	5254.0	5053.0	4955.0	4669.0	4516.0	4391.0	4088.0	3934.0	3641.0	3468.0	3279.0	3176.0	3618.0	29349.0
Zdi-CDup_004-Ex1-5G-lcwgs-1-1.clmp.fp2_repr.R2	935.0	3486.0	4555.0	5191.0	5646.0	5898.0	5651.0	5741.0	5664.0	5588.0	5416.0	5278.0	5076.0	4960.0	4666.0	4546.0	4399.0	4114.0	3947.0	3652.0	3486.0	3253.0	3162.0	4012.0	28686.0
Zdi-CDup_005-Ex1-5H-lcwgs-1-1.clmp.fp2_repr.R1	5827.0	23230.0	33442.0	43667.0	52991.0	59789.0	64325.0	68948.0	71852.0	74946.0	77139.0	79477.0	81319.0	82891.0	83623.0	84482.0	82826.0	81328.0	77943.0	74785.0	72170.0	69330.0	66568.0	73545.0	632350.0
Zdi-CDup_005-Ex1-5H-lcwgs-1-1.clmp.fp2_repr.R2	6143.0	23938.0	33916.0	43818.0	53070.0	59857.0	64415.0	69255.0	72332.0	75214.0	77509.0	79818.0	81606.0	83285.0	83953.0	84751.0	83125.0	81613.0	78149.0	75112.0	72508.0	69545.0	66359.0	80240.0	619262.0
Zdi-CDup_006-Ex1-6A-lcwgs-1-1.clmp.fp2_repr.R1	7347.0	31964.0	51405.0	72999.0	93450.0	108202.0	120560.0	131246.0	139849.0	147527.0	154076.0	158159.0	162156.0	166164.0	168240.0	171280.0	170089.0	167538.0	162706.0	158796.0	154559.0	152288.0	148348.0	174811.0	1659373.0
Zdi-CDup_006-Ex1-6A-lcwgs-1-1.clmp.fp2_repr.R2	8248.0	33842.0	52722.0	73560.0	93805.0	108777.0	121285.0	131745.0	140734.0	148282.0	154818.0	158931.0	163142.0	166920.0	169164.0	172285.0	171267.0	168151.0	163518.0	159750.0	155418.0	152646.0	147788.0	198179.0	1618155.0
Zdi-CDup_007-Ex1-6B-lcwgs-1-1.clmp.fp2_repr.R1	7490.0	31029.0	43600.0	55233.0	62691.0	65311.0	64574.0	63761.0	61861.0	59222.0	56149.0	52327.0	49150.0	46267.0	43399.0	40898.0	38244.0	35049.0	32456.0	30075.0	27808.0	26152.0	23880.0	25562.0	192110.0
Zdi-CDup_007-Ex1-6B-lcwgs-1-1.clmp.fp2_repr.R2	7604.0	31300.0	43747.0	55340.0	62647.0	65313.0	64633.0	64005.0	62056.0	59325.0	56282.0	52501.0	49244.0	46322.0	43387.0	40932.0	38334.0	35225.0	32460.0	30149.0	27885.0	26215.0	23849.0	28011.0	187532.0
Zdi-CDup_008-Ex1-6C-lcwgs-1-1.clmp.fp2_repr.R1	2560.0	9807.0	13217.0	15831.0	17337.0	17711.0	17765.0	17818.0	17469.0	17339.0	17203.0	16998.0	16430.0	16604.0	16386.0	16081.0	15958.0	15296.0	14761.0	14003.0	13671.0	13300.0	13061.0	16314.0	155178.0
Zdi-CDup_008-Ex1-6C-lcwgs-1-1.clmp.fp2_repr.R2	2660.0	9960.0	13347.0	15857.0	17323.0	17790.0	17773.0	17882.0	17563.0	17387.0	17279.0	17091.0	16463.0	16674.0	16434.0	16144.0	16027.0	15404.0	14908.0	14105.0	13805.0	13336.0	13019.0	18986.0	150881.0
Zdi-CDup_010-Ex1-6D-lcwgs-1-1.clmp.fp2_repr.R1	14878.0	59194.0	82119.0	100036.0	112028.0	116127.0	116686.0	117483.0	116746.0	115451.0	115288.0	112677.0	112217.0	110692.0	109832.0	109030.0	106411.0	102997.0	100359.0	96282.0	94247.0	93888.0	91474.0	111518.0	1150854.0
Zdi-CDup_010-Ex1-6D-lcwgs-1-1.clmp.fp2_repr.R2	15498.0	60378.0	82885.0	100405.0	112139.0	116349.0	117023.0	118107.0	117551.0	116106.0	115897.0	113339.0	112933.0	111320.0	110501.0	109688.0	106929.0	103700.0	100977.0	97028.0	95010.0	94241.0	90931.0	128602.0	1120977.0
Zdi-CDup_011-Ex1-6E-lcwgs-1-1.clmp.fp2_repr.R1	9991.0	40341.0	57189.0	70767.0	79230.0	82232.0	83833.0	84471.0	84251.0	84513.0	85284.0	84643.0	84552.0	84916.0	84363.0	84377.0	82673.0	80994.0	78499.0	75556.0	73220.0	71696.0	69547.0	81658.0	812325.0
Zdi-CDup_011-Ex1-6E-lcwgs-1-1.clmp.fp2_repr.R2	10412.0	41207.0	57605.0	71016.0	79505.0	82357.0	84085.0	84668.0	84673.0	85000.0	85631.0	85210.0	84967.0	85312.0	84739.0	84728.0	83145.0	81326.0	78812.0	75922.0	73774.0	71946.0	69162.0	93813.0	792106.0
Zdi-CDup_012-Ex1-6F-lcwgs-1-1.clmp.fp2_repr.R1	3482.0	12568.0	15481.0	18200.0	20100.0	21015.0	20984.0	21187.0	21461.0	21692.0	21574.0	21968.0	21859.0	21744.0	21597.0	21529.0	20845.0	19902.0	19006.0	17871.0	17011.0	16238.0	15654.0	17497.0	140067.0
Zdi-CDup_012-Ex1-6F-lcwgs-1-1.clmp.fp2_repr.R2	3555.0	12767.0	15558.0	18219.0	20159.0	21096.0	21042.0	21299.0	21551.0	21805.0	21665.0	22015.0	21922.0	21780.0	21654.0	21572.0	20930.0	19953.0	19041.0	17972.0	17084.0	16268.0	15413.0	19143.0	137069.0
Zdi-CDup_013-Ex1-6G-lcwgs-1-1.clmp.fp2_repr.R1	1352.0	5295.0	7022.0	8402.0	9096.0	9474.0	9664.0	9769.0	9702.0	9760.0	10115.0	10066.0	10195.0	9924.0	10086.0	9975.0	9619.0	9487.0	9457.0	9026.0	8581.0	8489.0	8357.0	10511.0	97097.0
Zdi-CDup_013-Ex1-6G-lcwgs-1-1.clmp.fp2_repr.R2	1400.0	5364.0	7067.0	8442.0	9127.0	9499.0	9671.0	9812.0	9750.0	9825.0	10153.0	10077.0	10257.0	9989.0	10127.0	10033.0	9654.0	9549.0	9460.0	9068.0	8667.0	8507.0	8337.0	12105.0	94581.0
Zdi-CDup_014-Ex1-6H-lcwgs-1-1.clmp.fp2_repr.R1	26172.0	100074.0	132951.0	157230.0	169570.0	171746.0	169466.0	167553.0	160391.0	153974.0	149031.0	140314.0	133792.0	126657.0	119795.0	113530.0	107447.0	99133.0	92581.0	86019.0	80506.0	75777.0	70918.0	76123.0	587097.0
Zdi-CDup_014-Ex1-6H-lcwgs-1-1.clmp.fp2_repr.R2	26655.0	101117.0	133396.0	157428.0	169681.0	171682.0	169765.0	167797.0	160769.0	154360.0	149332.0	140699.0	134130.0	126963.0	119933.0	113864.0	107703.0	99360.0	92724.0	86187.0	80761.0	75696.0	70456.0	82256.0	575133.0
Zdi-CDup_015-Ex1-7A-lcwgs-1-1.clmp.fp2_repr.R1	1289.0	5573.0	8095.0	10106.0	11356.0	12254.0	12238.0	12354.0	12153.0	12112.0	11983.0	11627.0	11237.0	10933.0	10937.0	10419.0	10045.0	9501.0	8925.0	8503.0	8292.0	7954.0	7733.0	9423.0	79583.0
Zdi-CDup_015-Ex1-7A-lcwgs-1-1.clmp.fp2_repr.R2	1345.0	5644.0	8119.0	10189.0	11358.0	12276.0	12221.0	12376.0	12177.0	12150.0	12040.0	11700.0	11247.0	10999.0	11003.0	10475.0	10072.0	9556.0	8939.0	8550.0	8305.0	7958.0	7671.0	11017.0	77238.0
Zdi-CDup_016-Ex1-7B-lcwgs-1-1.clmp.fp2_repr.R1	15963.0	66066.0	95815.0	119723.0	135005.0	138455.0	136389.0	133125.0	127846.0	121847.0	116263.0	109197.0	103184.0	96412.0	91263.0	85807.0	79895.0	73713.0	68215.0	63184.0	58810.0	54445.0	50215.0	53710.0	395969.0
Zdi-CDup_016-Ex1-7B-lcwgs-1-1.clmp.fp2_repr.R2	16324.0	66728.0	96091.0	119646.0	134951.0	138515.0	136449.0	133408.0	128125.0	122109.0	116496.0	109599.0	103492.0	96552.0	91494.0	86070.0	79999.0	73665.0	68375.0	63349.0	59050.0	54482.0	49765.0	58323.0	387459.0
Zdi-CDup_017-Ex1-7C-lcwgs-1-1.clmp.fp2_repr.R1	5939.0	22314.0	29067.0	33481.0	35464.0	34829.0	33910.0	32753.0	31599.0	29842.0	28535.0	27115.0	25792.0	24632.0	23840.0	22263.0	21247.0	19680.0	18480.0	17291.0	16247.0	15184.0	14106.0	15362.0	117564.0
Zdi-CDup_017-Ex1-7C-lcwgs-1-1.clmp.fp2_repr.R2	6029.0	22506.0	29185.0	33520.0	35559.0	34815.0	33956.0	32794.0	31606.0	29917.0	28583.0	27125.0	25863.0	24628.0	23914.0	22279.0	21326.0	19746.0	18527.0	17326.0	16354.0	15197.0	14144.0	16887.0	114750.0
Zdi-CDup_018-Ex1-7D-lcwgs-1-1.clmp.fp2_repr.R1	16269.0	58225.0	71969.0	82448.0	87025.0	87655.0	85629.0	84826.0	83190.0	81338.0	80521.0	79304.0	77633.0	76456.0	76046.0	74774.0	72737.0	70099.0	67716.0	64916.0	63374.0	61166.0	59831.0	70473.0	648084.0
Zdi-CDup_018-Ex1-7D-lcwgs-1-1.clmp.fp2_repr.R2	16655.0	59076.0	72432.0	82743.0	87097.0	87803.0	85887.0	85259.0	83611.0	81666.0	80886.0	79768.0	78055.0	76799.0	76465.0	75136.0	72995.0	70357.0	68248.0	65444.0	63825.0	61418.0	59577.0	80139.0	630363.0
Zdi-CDup_019-Ex1-7E-lcwgs-1-1.clmp.fp2_repr.R1	23837.0	95675.0	134944.0	166260.0	185789.0	192176.0	192749.0	191239.0	186602.0	181972.0	177011.0	170378.0	163932.0	157491.0	152344.0	147502.0	140038.0	131877.0	125960.0	119544.0	113502.0	109112.0	104310.0	117135.0	1023802.0
Zdi-CDup_019-Ex1-7E-lcwgs-1-1.clmp.fp2_repr.R2	24458.0	97022.0	135492.0	166578.0	185786.0	192371.0	192918.0	191828.0	187141.0	182575.0	177741.0	170829.0	164234.0	157782.0	152749.0	147872.0	140353.0	132362.0	126300.0	119835.0	113969.0	109285.0	103919.0	130871.0	1000911.0
Zdi-CDup_020-Ex1-7F-lcwgs-1-1.clmp.fp2_repr.R1	1268.0	4806.0	5715.0	6600.0	6984.0	6821.0	6799.0	6497.0	6455.0	6145.0	5787.0	5718.0	5390.0	5113.0	5010.0	4748.0	4488.0	4210.0	3921.0	3690.0	3405.0	3302.0	3091.0	3708.0	27817.0
Zdi-CDup_020-Ex1-7F-lcwgs-1-1.clmp.fp2_repr.R2	1286.0	4844.0	5729.0	6605.0	6994.0	6830.0	6777.0	6499.0	6453.0	6154.0	5843.0	5721.0	5410.0	5130.0	5045.0	4769.0	4493.0	4179.0	3938.0	3707.0	3390.0	3296.0	3084.0	4044.0	27268.0
Zdi-CDup_021-Ex1-7G-lcwgs-1-1.clmp.fp2_repr.R1	34665.0	131280.0	171681.0	199481.0	211762.0	211791.0	209371.0	204990.0	199918.0	193942.0	188788.0	182062.0	175596.0	169968.0	164935.0	159643.0	153649.0	145237.0	138451.0	131624.0	124885.0	119439.0	114712.0	128890.0	1125827.0
Zdi-CDup_021-Ex1-7G-lcwgs-1-1.clmp.fp2_repr.R2	35274.0	132713.0	172546.0	199939.0	211811.0	211990.0	209792.0	205414.0	200427.0	194522.0	189258.0	182787.0	176219.0	170399.0	165429.0	160030.0	153977.0	145633.0	138874.0	132125.0	125383.0	119766.0	114234.0	142428.0	1101617.0
Zdi-CDup_022-Ex1-7H-lcwgs-1-1.clmp.fp2_repr.R1	4242.0	17219.0	24188.0	29544.0	32826.0	33361.0	33149.0	32076.0	30961.0	29847.0	28546.0	26941.0	25742.0	24203.0	23403.0	21735.0	20471.0	18995.0	17603.0	16358.0	15293.0	14339.0	13267.0	14256.0	106332.0
Zdi-CDup_022-Ex1-7H-lcwgs-1-1.clmp.fp2_repr.R2	4323.0	17353.0	24286.0	29603.0	32742.0	33328.0	33233.0	32184.0	31072.0	29800.0	28621.0	26927.0	25842.0	24272.0	23390.0	21797.0	20473.0	19008.0	17643.0	16400.0	15339.0	14413.0	13149.0	15504.0	104195.0
Zdi-CDup_023-Ex1-8A-lcwgs-1-1.clmp.fp2_repr.R1	229.0	1044.0	1502.0	1893.0	2113.0	2199.0	2176.0	2199.0	2129.0	2010.0	2058.0	1946.0	1945.0	1822.0	1709.0	1689.0	1639.0	1521.0	1460.0	1337.0	1345.0	1201.0	1175.0	1346.0	11508.0
Zdi-CDup_023-Ex1-8A-lcwgs-1-1.clmp.fp2_repr.R2	239.0	1065.0	1512.0	1885.0	2108.0	2200.0	2185.0	2220.0	2112.0	2023.0	2058.0	1958.0	1966.0	1813.0	1718.0	1675.0	1639.0	1536.0	1474.0	1336.0	1350.0	1189.0	1171.0	1588.0	11175.0
Zdi-CDup_024-Ex1-8B-lcwgs-1-1.clmp.fp2_repr.R1	224.0	834.0	1188.0	1432.0	1562.0	1620.0	1582.0	1640.0	1601.0	1448.0	1449.0	1378.0	1291.0	1270.0	1281.0	1142.0	1128.0	1187.0	1042.0	1049.0	922.0	885.0	870.0	1020.0	8738.0
Zdi-CDup_024-Ex1-8B-lcwgs-1-1.clmp.fp2_repr.R2	231.0	851.0	1187.0	1457.0	1584.0	1604.0	1577.0	1651.0	1632.0	1449.0	1457.0	1388.0	1300.0	1288.0	1277.0	1154.0	1135.0	1182.0	1034.0	1054.0	937.0	888.0	852.0	1119.0	8495.0
Zdi-CDup_025-Ex1-8C-lcwgs-1-1.clmp.fp2_repr.R1	662.0	2593.0	3576.0	4214.0	4674.0	4489.0	4577.0	4232.0	4002.0	3965.0	3786.0	3487.0	3187.0	3071.0	3024.0	2805.0	2641.0	2365.0	2158.0	2145.0	1961.0	1961.0	1826.0	1904.0	15636.0
Zdi-CDup_025-Ex1-8C-lcwgs-1-1.clmp.fp2_repr.R2	676.0	2620.0	3627.0	4219.0	4666.0	4495.0	4577.0	4245.0	3983.0	3957.0	3807.0	3502.0	3183.0	3094.0	3027.0	2816.0	2646.0	2367.0	2171.0	2157.0	1964.0	1935.0	1791.0	2110.0	15306.0
Zdi-CDup_026-Ex1-8D-lcwgs-1-1.clmp.fp2_repr.R1	4296.0	16649.0	22448.0	25405.0	26483.0	26034.0	24864.0	23828.0	22314.0	21009.0	20055.0	18791.0	17772.0	16829.0	16083.0	15342.0	14451.0	13792.0	12668.0	12106.0	11532.0	10928.0	10331.0	11463.0	102263.0
Zdi-CDup_026-Ex1-8D-lcwgs-1-1.clmp.fp2_repr.R2	4380.0	16823.0	22533.0	25448.0	26500.0	26072.0	24959.0	23868.0	22346.0	21082.0	20132.0	18882.0	17842.0	16809.0	16116.0	15381.0	14482.0	13783.0	12681.0	12131.0	11605.0	10876.0	10248.0	12969.0	99788.0
Zdi-CDup_027-Ex1-8E-lcwgs-1-1.clmp.fp2_repr.R1	470.0	1778.0	2166.0	2547.0	2547.0	2431.0	2414.0	2344.0	2190.0	2026.0	1905.0	1724.0	1750.0	1667.0	1523.0	1511.0	1433.0	1341.0	1154.0	1059.0	1055.0	1021.0	984.0	1145.0	9283.0
Zdi-CDup_027-Ex1-8E-lcwgs-1-1.clmp.fp2_repr.R2	479.0	1785.0	2176.0	2555.0	2538.0	2419.0	2415.0	2345.0	2202.0	2028.0	1920.0	1732.0	1748.0	1662.0	1523.0	1525.0	1438.0	1366.0	1160.0	1060.0	1071.0	1021.0	983.0	1342.0	8975.0
Zdi-CDup_028-Ex1-8F-lcwgs-1-1.clmp.fp2_repr.R1	608.0	2207.0	2878.0	3502.0	4092.0	4310.0	4299.0	4395.0	4610.0	4418.0	4373.0	4332.0	4171.0	4094.0	4072.0	3923.0	3699.0	3640.0	3460.0	3348.0	3118.0	3150.0	2979.0	3324.0	32821.0
Zdi-CDup_028-Ex1-8F-lcwgs-1-1.clmp.fp2_repr.R2	626.0	2233.0	2900.0	3530.0	4103.0	4328.0	4320.0	4429.0	4610.0	4436.0	4409.0	4349.0	4197.0	4114.0	4068.0	3917.0	3707.0	3646.0	3485.0	3378.0	3160.0	3156.0	2982.0	3789.0	31951.0
Zdi-CDup_029-Ex1-8G-lcwgs-1-1.clmp.fp2_repr.R1	392.0	1445.0	1931.0	2467.0	2874.0	3096.0	3308.0	3422.0	3570.0	3456.0	3625.0	3534.0	3522.0	3629.0	3675.0	3617.0	3439.0	3455.0	3297.0	3117.0	3058.0	2942.0	2794.0	3233.0	29531.0
Zdi-CDup_029-Ex1-8G-lcwgs-1-1.clmp.fp2_repr.R2	409.0	1491.0	1949.0	2485.0	2889.0	3104.0	3309.0	3467.0	3603.0	3461.0	3622.0	3556.0	3534.0	3633.0	3684.0	3598.0	3451.0	3466.0	3296.0	3148.0	3056.0	2960.0	2799.0	3629.0	28830.0
Zdi-CDup_030-Ex1-8H-lcwgs-1-1.clmp.fp2_repr.R1	152.0	604.0	821.0	844.0	968.0	1038.0	1011.0	969.0	953.0	934.0	955.0	952.0	881.0	853.0	769.0	713.0	725.0	685.0	614.0	553.0	531.0	532.0	520.0	596.0	4750.0
Zdi-CDup_030-Ex1-8H-lcwgs-1-1.clmp.fp2_repr.R2	157.0	603.0	822.0	843.0	968.0	1042.0	1012.0	976.0	961.0	927.0	955.0	956.0	880.0	856.0	771.0	713.0	732.0	679.0	626.0	563.0	545.0	523.0	514.0	659.0	4640.0
Zdi-CDup_031-Ex1-9A-lcwgs-1-1.clmp.fp2_repr.R1	11601.0	48686.0	72424.0	93923.0	107457.0	112925.0	115425.0	116171.0	115033.0	111778.0	109627.0	106077.0	102097.0	97717.0	95390.0	91139.0	86507.0	81138.0	76164.0	72179.0	67977.0	64601.0	60908.0	67488.0	569251.0
Zdi-CDup_031-Ex1-9A-lcwgs-1-1.clmp.fp2_repr.R2	11876.0	49381.0	72816.0	93939.0	107434.0	112985.0	115465.0	116417.0	115223.0	112328.0	109812.0	106273.0	102369.0	98054.0	95610.0	91494.0	86875.0	81372.0	76454.0	72394.0	68174.0	64899.0	60729.0	73610.0	557700.0
Zdi-CDup_032-Ex1-9B-lcwgs-1-1.clmp.fp2_repr.R1	1323.0	5008.0	6938.0	8340.0	8935.0	9125.0	8757.0	8508.0	8232.0	7756.0	7474.0	7016.0	6615.0	6172.0	6004.0	5371.0	5109.0	4812.0	4350.0	3991.0	3597.0	3750.0	3390.0	3762.0	30821.0
Zdi-CDup_032-Ex1-9B-lcwgs-1-1.clmp.fp2_repr.R2	1334.0	5061.0	6956.0	8334.0	8894.0	9138.0	8780.0	8548.0	8242.0	7773.0	7530.0	7019.0	6638.0	6194.0	6026.0	5378.0	5114.0	4800.0	4354.0	3998.0	3641.0	3743.0	3358.0	3993.0	30310.0
Zdi-CDup_033-Ex1-9C-lcwgs-1-1.clmp.fp2_repr.R1	9101.0	34773.0	45834.0	52109.0	53958.0	52261.0	50084.0	47472.0	44589.0	41530.0	39288.0	36531.0	34273.0	31996.0	30563.0	28078.0	26277.0	24133.0	22457.0	20590.0	19687.0	17834.0	16789.0	17665.0	132748.0
Zdi-CDup_033-Ex1-9C-lcwgs-1-1.clmp.fp2_repr.R2	9221.0	34960.0	45937.0	52109.0	53929.0	52168.0	50126.0	47573.0	44628.0	41570.0	39388.0	36673.0	34357.0	32085.0	30633.0	28158.0	26334.0	24162.0	22440.0	20634.0	19683.0	17863.0	16701.0	18944.0	130344.0
Zdi-CDup_034-Ex1-9D-lcwgs-1-1.clmp.fp2_repr.R1	15876.0	63652.0	87948.0	102937.0	108631.0	107571.0	104633.0	100551.0	95694.0	91654.0	87086.0	81956.0	78241.0	74159.0	69912.0	66910.0	63898.0	60046.0	56171.0	53087.0	50220.0	48660.0	46152.0	51464.0	458217.0
Zdi-CDup_034-Ex1-9D-lcwgs-1-1.clmp.fp2_repr.R2	16163.0	64052.0	88069.0	102963.0	108650.0	107645.0	104694.0	100709.0	95842.0	91856.0	87343.0	82263.0	78458.0	74309.0	70288.0	67214.0	64143.0	60175.0	56352.0	53408.0	50498.0	48827.0	45839.0	55819.0	449747.0
Zdi-CDup_035-Ex1-9E-lcwgs-1-1.clmp.fp2_repr.R1	3384.0	11740.0	15307.0	17154.0	17807.0	17729.0	17066.0	16705.0	15993.0	15586.0	15244.0	14246.0	13880.0	13367.0	12676.0	12377.0	11717.0	11170.0	10320.0	9880.0	9247.0	8802.0	8441.0	9310.0	75913.0
Zdi-CDup_035-Ex1-9E-lcwgs-1-1.clmp.fp2_repr.R2	3406.0	11811.0	15362.0	17150.0	17786.0	17775.0	17123.0	16680.0	15998.0	15656.0	15226.0	14276.0	13927.0	13428.0	12756.0	12384.0	11747.0	11186.0	10371.0	9909.0	9265.0	8788.0	8409.0	10183.0	74459.0
Zdi-CDup_036-Ex1-9F-lcwgs-1-1.clmp.fp2_repr.R1	1038.0	3579.0	4718.0	5352.0	5611.0	5578.0	5396.0	5272.0	4963.0	4703.0	4589.0	4334.0	4120.0	3789.0	3607.0	3494.0	3303.0	3063.0	2993.0	2772.0	2650.0	2565.0	2371.0	2529.0	22931.0
Zdi-CDup_036-Ex1-9F-lcwgs-1-1.clmp.fp2_repr.R2	1037.0	3613.0	4723.0	5355.0	5614.0	5556.0	5422.0	5278.0	4980.0	4703.0	4579.0	4336.0	4149.0	3804.0	3598.0	3518.0	3316.0	3092.0	3015.0	2801.0	2655.0	2539.0	2370.0	2756.0	22511.0
Zdi-CDup_037-Ex1-9G-lcwgs-1-1.clmp.fp2_repr.R1	3088.0	11209.0	14720.0	16849.0	17500.0	17435.0	17457.0	16872.0	16593.0	16007.0	15470.0	15038.0	14777.0	14295.0	13883.0	13477.0	13203.0	12607.0	11783.0	11280.0	10755.0	10395.0	9586.0	10643.0	90561.0
Zdi-CDup_037-Ex1-9G-lcwgs-1-1.clmp.fp2_repr.R2	3142.0	11318.0	14784.0	16889.0	17469.0	17468.0	17471.0	16933.0	16695.0	16073.0	15534.0	15060.0	14815.0	14309.0	13924.0	13524.0	13213.0	12654.0	11802.0	11262.0	10808.0	10423.0	9585.0	11564.0	88764.0
Zdi-CDup_038-Ex1-9H-lcwgs-1-1.clmp.fp2_repr.R1	1901.0	6779.0	8452.0	9320.0	9647.0	9328.0	8955.0	8485.0	8058.0	7621.0	7239.0	6998.0	6444.0	6127.0	5762.0	5473.0	5264.0	4774.0	4452.0	4098.0	3856.0	3611.0	3376.0	3820.0	29190.0
Zdi-CDup_038-Ex1-9H-lcwgs-1-1.clmp.fp2_repr.R2	1921.0	6791.0	8462.0	9317.0	9656.0	9302.0	8967.0	8495.0	8048.0	7643.0	7281.0	7031.0	6463.0	6127.0	5755.0	5527.0	5289.0	4780.0	4436.0	4121.0	3864.0	3638.0	3316.0	4114.0	28686.0
Zdi-CDup_039-Ex1-10A-lcwgs-1-1.clmp.fp2_repr.R1	974.0	3983.0	5923.0	7421.0	8125.0	8650.0	8726.0	8575.0	8592.0	8355.0	8273.0	7968.0	7788.0	7427.0	7398.0	7086.0	6937.0	6478.0	6317.0	5843.0	5754.0	5395.0	5264.0	6179.0	52235.0
Zdi-CDup_039-Ex1-10A-lcwgs-1-1.clmp.fp2_repr.R2	1011.0	4050.0	5992.0	7438.0	8119.0	8694.0	8757.0	8599.0	8636.0	8397.0	8278.0	8018.0	7823.0	7438.0	7400.0	7128.0	6946.0	6507.0	6368.0	5872.0	5751.0	5434.0	5232.0	7378.0	50400.0
Zdi-CDup_040-Ex1-10B-lcwgs-1-1.clmp.fp2_repr.R1	1735.0	6688.0	9453.0	11110.0	11788.0	11375.0	11024.0	10524.0	9848.0	8992.0	8749.0	8102.0	7589.0	6969.0	6556.0	6073.0	5646.0	5230.0	4754.0	4484.0	3932.0	3804.0	3503.0	3825.0	28174.0
Zdi-CDup_040-Ex1-10B-lcwgs-1-1.clmp.fp2_repr.R2	1730.0	6788.0	9499.0	11119.0	11802.0	11426.0	11035.0	10523.0	9846.0	9023.0	8771.0	8116.0	7558.0	6961.0	6563.0	6079.0	5673.0	5236.0	4746.0	4477.0	3947.0	3804.0	3464.0	4216.0	27525.0
Zdi-CDup_041-Ex1-10C-lcwgs-1-1.clmp.fp2_repr.R1	5215.0	20019.0	26165.0	29461.0	29917.0	28901.0	27045.0	25345.0	23794.0	22045.0	20690.0	19122.0	17398.0	16449.0	15181.0	14445.0	12999.0	12109.0	11227.0	10096.0	9162.0	8647.0	7944.0	8291.0	59739.0
Zdi-CDup_041-Ex1-10C-lcwgs-1-1.clmp.fp2_repr.R2	5263.0	20178.0	26282.0	29570.0	30003.0	28830.0	27082.0	25446.0	23836.0	22090.0	20712.0	19213.0	17422.0	16479.0	15153.0	14405.0	13030.0	12091.0	11288.0	10080.0	9184.0	8632.0	7856.0	9225.0	58056.0
Zdi-CDup_042-Ex1-10D-lcwgs-1-1.clmp.fp2_repr.R1	15645.0	61021.0	83465.0	99400.0	105383.0	105921.0	103905.0	100604.0	97791.0	94106.0	90270.0	86944.0	83428.0	80485.0	77907.0	75241.0	71867.0	67833.0	64244.0	60506.0	58335.0	54981.0	53157.0	59462.0	518532.0
Zdi-CDup_042-Ex1-10D-lcwgs-1-1.clmp.fp2_repr.R2	16021.0	61916.0	84198.0	99775.0	105764.0	106034.0	104092.0	100690.0	98321.0	94505.0	90564.0	87314.0	83589.0	80743.0	78237.0	75418.0	72148.0	68166.0	64540.0	60668.0	58519.0	55082.0	52836.0	68075.0	503218.0
Zdi-CDup_043-Ex1-10E-lcwgs-1-1.clmp.fp2_repr.R1	20604.0	75272.0	97906.0	115024.0	123920.0	127697.0	129524.0	130324.0	130383.0	131136.0	132066.0	132819.0	133067.0	134552.0	135984.0	137473.0	136248.0	133828.0	131547.0	127280.0	125901.0	124730.0	122112.0	146299.0	1447316.0
Zdi-CDup_043-Ex1-10E-lcwgs-1-1.clmp.fp2_repr.R2	21663.0	77656.0	99410.0	115940.0	124817.0	128406.0	130438.0	131207.0	131301.0	132023.0	133019.0	133732.0	133941.0	135326.0	136762.0	138115.0	137038.0	134498.0	132291.0	128203.0	126965.0	124993.0	121223.0	172999.0	1401046.0
Zdi-CDup_044-Ex1-10F-lcwgs-1-1.clmp.fp2_repr.R1	1271.0	4403.0	5467.0	6041.0	6154.0	6049.0	5821.0	5418.0	5268.0	4976.0	4606.0	4356.0	4085.0	3800.0	3641.0	3560.0	3185.0	3137.0	2857.0	2514.0	2388.0	2211.0	2084.0	2251.0	17796.0
Zdi-CDup_044-Ex1-10F-lcwgs-1-1.clmp.fp2_repr.R2	1284.0	4452.0	5488.0	6034.0	6169.0	6101.0	5836.0	5418.0	5266.0	4967.0	4659.0	4350.0	4066.0	3806.0	3664.0	3560.0	3192.0	3144.0	2865.0	2516.0	2391.0	2211.0	2067.0	2563.0	17270.0
Zdi-CDup_045-Ex1-10G-lcwgs-1-1.clmp.fp2_repr.R1	8768.0	30796.0	37610.0	40509.0	40707.0	39305.0	36896.0	35390.0	33475.0	31951.0	30447.0	28660.0	27519.0	26377.0	25147.0	24311.0	22832.0	21734.0	20455.0	19175.0	17721.0	17019.0	15961.0	17352.0	136926.0
Zdi-CDup_045-Ex1-10G-lcwgs-1-1.clmp.fp2_repr.R2	8928.0	31018.0	37814.0	40627.0	40767.0	39350.0	36965.0	35545.0	33543.0	31918.0	30515.0	28772.0	27579.0	26446.0	25180.0	24276.0	22863.0	21792.0	20401.0	19242.0	17788.0	17025.0	15835.0	19488.0	133366.0
Zdi-CDup_046-Ex1-10H-lcwgs-1-1.clmp.fp2_repr.R1	4153.0	14226.0	17441.0	19076.0	19480.0	19155.0	18214.0	17545.0	16895.0	16341.0	15810.0	14881.0	14316.0	13649.0	13471.0	12669.0	11952.0	11338.0	10436.0	9892.0	9421.0	8858.0	8333.0	9194.0	66865.0
Zdi-CDup_046-Ex1-10H-lcwgs-1-1.clmp.fp2_repr.R2	4216.0	14350.0	17497.0	19136.0	19501.0	19208.0	18236.0	17574.0	16959.0	16370.0	15915.0	14949.0	14320.0	13680.0	13487.0	12713.0	11988.0	11349.0	10432.0	9940.0	9431.0	8790.0	8198.0	10118.0	65254.0
Zdi-CDup_047-Ex1-11A-lcwgs-1-1.clmp.fp2_repr.R1	43414.0	194832.0	301950.0	383017.0	425481.0	433498.0	423774.0	407522.0	383269.0	358693.0	335515.0	308538.0	284729.0	261911.0	240720.0	221899.0	203228.0	182354.0	165663.0	149283.0	135805.0	125484.0	114338.0	116745.0	780149.0
Zdi-CDup_047-Ex1-11A-lcwgs-1-1.clmp.fp2_repr.R2	44486.0	196990.0	303081.0	383324.0	425319.0	433538.0	423973.0	407787.0	383726.0	359379.0	336162.0	309190.0	285255.0	262390.0	240957.0	221916.0	203443.0	182727.0	165770.0	149503.0	136160.0	125356.0	113691.0	126371.0	761317.0
Zdi-CDup_048-Ex1-11B-lcwgs-1-1.clmp.fp2_repr.R1	1053.0	4228.0	5977.0	7181.0	7581.0	7511.0	7361.0	7156.0	6515.0	6252.0	5757.0	5354.0	5007.0	4479.0	4222.0	4111.0	3680.0	3483.0	3154.0	2867.0	2607.0	2487.0	2241.0	2439.0	18311.0
Zdi-CDup_048-Ex1-11B-lcwgs-1-1.clmp.fp2_repr.R2	1068.0	4253.0	5996.0	7160.0	7609.0	7552.0	7362.0	7133.0	6539.0	6266.0	5759.0	5320.0	4999.0	4514.0	4240.0	4125.0	3707.0	3491.0	3145.0	2882.0	2614.0	2521.0	2225.0	2661.0	17873.0
Zdi-CDup_049-Ex1-11C-lcwgs-1-1.clmp.fp2_repr.R1	1302.0	5287.0	7331.0	8834.0	9330.0	9399.0	9170.0	8837.0	8378.0	7795.0	7437.0	6952.0	6492.0	5886.0	5604.0	5185.0	4868.0	4381.0	3945.0	3646.0	3425.0	3159.0	2949.0	3259.0	23659.0
Zdi-CDup_049-Ex1-11C-lcwgs-1-1.clmp.fp2_repr.R2	1327.0	5342.0	7345.0	8867.0	9335.0	9404.0	9214.0	8856.0	8385.0	7775.0	7433.0	6963.0	6506.0	5875.0	5604.0	5179.0	4921.0	4390.0	3962.0	3652.0	3414.0	3193.0	2937.0	3567.0	23064.0
Zdi-CDup_050-Ex1-11D-lcwgs-1-1.clmp.fp2_repr.R1	2371.0	8639.0	11420.0	12971.0	13304.0	13125.0	12680.0	11866.0	11135.0	10439.0	9829.0	9239.0	8482.0	7979.0	7412.0	6894.0	6452.0	5958.0	5396.0	4999.0	4687.0	4510.0	4079.0	4504.0	34969.0
Zdi-CDup_050-Ex1-11D-lcwgs-1-1.clmp.fp2_repr.R2	2374.0	8712.0	11410.0	13009.0	13318.0	13062.0	12703.0	11900.0	11164.0	10467.0	9847.0	9220.0	8524.0	7990.0	7444.0	6924.0	6448.0	5932.0	5423.0	5004.0	4712.0	4458.0	4099.0	5118.0	34077.0
Zdi-CDup_051-Ex1-11E-lcwgs-1-1.clmp.fp2_repr.R1	1426.0	5181.0	6790.0	7527.0	8113.0	8141.0	7891.0	7736.0	7260.0	7218.0	6795.0	6371.0	6090.0	5721.0	5409.0	5180.0	5007.0	4522.0	4360.0	3919.0	3673.0	3496.0	3497.0	3936.0	30578.0
Zdi-CDup_051-Ex1-11E-lcwgs-1-1.clmp.fp2_repr.R2	1444.0	5230.0	6791.0	7501.0	8139.0	8146.0	7911.0	7750.0	7265.0	7250.0	6835.0	6388.0	6148.0	5761.0	5420.0	5171.0	4999.0	4522.0	4335.0	3953.0	3707.0	3536.0	3404.0	4390.0	29841.0
Zdi-CDup_053-Ex1-11F-lcwgs-1-1.clmp.fp2_repr.R1	412.0	1660.0	2385.0	2725.0	2869.0	2947.0	2671.0	2633.0	2580.0	2410.0	2240.0	2090.0	1987.0	1944.0	1765.0	1673.0	1679.0	1422.0	1325.0	1228.0	1162.0	1042.0	1027.0	1123.0	8441.0
Zdi-CDup_053-Ex1-11F-lcwgs-1-1.clmp.fp2_repr.R2	409.0	1673.0	2374.0	2749.0	2879.0	2947.0	2668.0	2645.0	2582.0	2420.0	2278.0	2089.0	2000.0	1946.0	1772.0	1684.0	1664.0	1423.0	1329.0	1229.0	1170.0	1041.0	1017.0	1257.0	8195.0
Zdi-CDup_054-Ex1-11G-lcwgs-1-1.clmp.fp2_repr.R1	6211.0	23320.0	29979.0	32796.0	32935.0	31429.0	29481.0	27081.0	24553.0	22101.0	20033.0	17773.0	15812.0	13756.0	12228.0	11063.0	9777.0	8596.0	7596.0	6690.0	6048.0	5343.0	4825.0	4719.0	28993.0
Zdi-CDup_054-Ex1-11G-lcwgs-1-1.clmp.fp2_repr.R2	6267.0	23417.0	30022.0	32792.0	32966.0	31432.0	29544.0	27087.0	24543.0	22133.0	20030.0	17793.0	15847.0	13764.0	12278.0	11095.0	9702.0	8602.0	7565.0	6681.0	6058.0	5311.0	4803.0	5132.0	28274.0
Zdi-CDup_055-Ex1-11H-lcwgs-1-1.clmp.fp2_repr.R1	348.0	1444.0	1969.0	2423.0	2716.0	2653.0	2742.0	2687.0	2577.0	2525.0	2309.0	2215.0	2183.0	1985.0	1884.0	1828.0	1598.0	1475.0	1403.0	1365.0	1220.0	1162.0	1133.0	1180.0	8797.0
Zdi-CDup_055-Ex1-11H-lcwgs-1-1.clmp.fp2_repr.R2	357.0	1467.0	1974.0	2448.0	2694.0	2648.0	2762.0	2705.0	2581.0	2535.0	2300.0	2229.0	2185.0	1972.0	1879.0	1833.0	1618.0	1484.0	1404.0	1350.0	1208.0	1160.0	1119.0	1386.0	8523.0
Zdi-CDup_056-Ex1-12A-lcwgs-1-1.clmp.fp2_repr.R1	11311.0	41678.0	56755.0	69280.0	77372.0	82782.0	86214.0	89863.0	93177.0	96761.0	100472.0	102689.0	107603.0	110779.0	114895.0	118114.0	120649.0	118851.0	119072.0	118116.0	118842.0	119114.0	120311.0	150950.0	1815236.0
Zdi-CDup_056-Ex1-12A-lcwgs-1-1.clmp.fp2_repr.R2	12229.0	43519.0	57982.0	70130.0	77878.0	83089.0	86826.0	90553.0	94028.0	97468.0	101306.0	103366.0	108470.0	111596.0	115952.0	119208.0	121359.0	119894.0	120157.0	119244.0	119980.0	120015.0	119817.0	179392.0	1767428.0
Zdi-CDup_057-Ex1-12B-lcwgs-1-1.clmp.fp2_repr.R1	6417.0	20754.0	25196.0	27792.0	28009.0	28320.0	27498.0	27541.0	26696.0	25765.0	25508.0	24539.0	24340.0	23673.0	23785.0	22994.0	22553.0	21596.0	20552.0	19979.0	19417.0	18734.0	18365.0	21414.0	214946.0
Zdi-CDup_057-Ex1-12B-lcwgs-1-1.clmp.fp2_repr.R2	6534.0	20950.0	25282.0	27915.0	28048.0	28299.0	27510.0	27724.0	26781.0	25848.0	25636.0	24710.0	24424.0	23865.0	23936.0	23068.0	22589.0	21723.0	20692.0	20147.0	19536.0	18795.0	18112.0	24242.0	210017.0
Zdi-CDup_058-Ex1-12C-lcwgs-1-1.clmp.fp2_repr.R1	37599.0	143218.0	191117.0	217453.0	224524.0	218906.0	209963.0	199631.0	188057.0	176397.0	165867.0	154831.0	143298.0	133848.0	125937.0	117261.0	107519.0	99210.0	91400.0	83996.0	77610.0	73097.0	66701.0	70528.0	523084.0
Zdi-CDup_058-Ex1-12C-lcwgs-1-1.clmp.fp2_repr.R2	38131.0	144237.0	191746.0	217638.0	224569.0	218837.0	210036.0	199843.0	188357.0	176649.0	166263.0	155017.0	143448.0	133971.0	126048.0	117375.0	107775.0	99362.0	91513.0	84157.0	77783.0	73139.0	66516.0	75824.0	512818.0
Zdi-CDup_059-Ex1-12D-lcwgs-1-1.clmp.fp2_repr.R1	1885.0	7052.0	9300.0	10901.0	12046.0	12905.0	13523.0	14625.0	15272.0	16241.0	17407.0	17759.0	18717.0	19419.0	20231.0	20157.0	20820.0	19797.0	19779.0	19019.0	19130.0	18570.0	18570.0	22268.0	232649.0
Zdi-CDup_059-Ex1-12D-lcwgs-1-1.clmp.fp2_repr.R2	2015.0	7277.0	9439.0	11037.0	12089.0	12961.0	13590.0	14738.0	15382.0	16342.0	17525.0	17861.0	18845.0	19564.0	20356.0	20299.0	20942.0	19900.0	19893.0	19122.0	19309.0	18707.0	18478.0	25633.0	226738.0
Zdi-CDup_060-Ex1-12E-lcwgs-1-1.clmp.fp2_repr.R1	838.0	3191.0	4173.0	5113.0	5459.0	5665.0	5576.0	5613.0	5331.0	5339.0	5086.0	4862.0	4705.0	4664.0	4405.0	4271.0	4075.0	3880.0	3702.0	3493.0	3304.0	3282.0	3084.0	3784.0	31724.0
Zdi-CDup_060-Ex1-12E-lcwgs-1-1.clmp.fp2_repr.R2	866.0	3221.0	4195.0	5145.0	5472.0	5614.0	5600.0	5657.0	5334.0	5359.0	5108.0	4870.0	4695.0	4688.0	4420.0	4287.0	4079.0	3916.0	3703.0	3514.0	3327.0	3293.0	3054.0	4454.0	30748.0
Zdi-CDup_061-Ex1-12F-lcwgs-1-1.clmp.fp2_repr.R1	20891.0	76496.0	93596.0	100420.0	99932.0	94083.0	87579.0	80820.0	73479.0	67808.0	61944.0	56817.0	52341.0	47387.0	44018.0	40426.0	37317.0	33525.0	30880.0	28009.0	25543.0	23368.0	21608.0	22213.0	155554.0
Zdi-CDup_061-Ex1-12F-lcwgs-1-1.clmp.fp2_repr.R2	21031.0	76884.0	93816.0	100359.0	99884.0	94131.0	87599.0	80919.0	73550.0	67861.0	62070.0	56958.0	52408.0	47543.0	44031.0	40470.0	37338.0	33577.0	30928.0	27973.0	25615.0	23306.0	21535.0	23656.0	152612.0
Zdi-CDup_062-Ex1-12G-lcwgs-1-1.clmp.fp2_repr.R1	1715.0	6138.0	7325.0	7927.0	8039.0	7937.0	7675.0	7183.0	6847.0	6774.0	6365.0	6184.0	5895.0	5553.0	5364.0	5124.0	4841.0	4568.0	4298.0	3864.0	3833.0	3731.0	3515.0	3937.0	30663.0
Zdi-CDup_062-Ex1-12G-lcwgs-1-1.clmp.fp2_repr.R2	1731.0	6170.0	7358.0	7964.0	8074.0	7953.0	7664.0	7200.0	6858.0	6781.0	6376.0	6204.0	5902.0	5556.0	5375.0	5145.0	4869.0	4581.0	4305.0	3854.0	3833.0	3713.0	3500.0	4391.0	29938.0
Zdi-CDup_064-Ex1-5A-lcwgs-1-1.clmp.fp2_repr.R1	1954.0	8227.0	12747.0	17342.0	21395.0	23983.0	26082.0	28060.0	29985.0	31954.0	34387.0	36256.0	39488.0	41542.0	44311.0	46560.0	47850.0	48450.0	48293.0	48264.0	47179.0	47389.0	46683.0	54668.0	551989.0
Zdi-CDup_064-Ex1-5A-lcwgs-1-1.clmp.fp2_repr.R2	2191.0	8626.0	12999.0	17464.0	21558.0	24074.0	26215.0	28230.0	30137.0	32058.0	34669.0	36462.0	39797.0	41746.0	44531.0	46755.0	48149.0	48651.0	48529.0	48584.0	47469.0	47657.0	46634.0	61472.0	540381.0
Zdi-CDup_065-Ex1-5B-lcwgs-1-1.clmp.fp2_repr.R1	1100.0	4611.0	6964.0	9116.0	10439.0	10993.0	11146.0	11347.0	11125.0	10799.0	10961.0	10732.0	10513.0	10349.0	10106.0	9902.0	9691.0	9211.0	8781.0	8426.0	7836.0	7624.0	7266.0	7952.0	66219.0
Zdi-CDup_065-Ex1-5B-lcwgs-1-1.clmp.fp2_repr.R2	1138.0	4690.0	6960.0	9141.0	10405.0	11003.0	11111.0	11391.0	11171.0	10831.0	10970.0	10765.0	10583.0	10372.0	10105.0	9950.0	9704.0	9246.0	8813.0	8478.0	7845.0	7635.0	7294.0	8586.0	65022.0
Zdi-CDup_066-Ex1-5C-lcwgs-1-1.clmp.fp2_repr.R1	25782.0	88227.0	104729.0	113016.0	115504.0	112093.0	108168.0	105134.0	100749.0	96883.0	93754.0	90639.0	87266.0	83305.0	81590.0	77908.0	74217.0	70197.0	65991.0	61865.0	58236.0	54852.0	51687.0	55558.0	432321.0
Zdi-CDup_066-Ex1-5C-lcwgs-1-1.clmp.fp2_repr.R2	26191.0	89058.0	105051.0	113136.0	115461.0	112119.0	108218.0	105456.0	100992.0	97336.0	93982.0	91245.0	87707.0	83758.0	81980.0	78146.0	74546.0	70459.0	66131.0	62020.0	58339.0	54847.0	51203.0	61220.0	421070.0
Zdi-CDup_071-Ex1-12H-lcwgs-1-1.clmp.fp2_repr.R1	2099.0	6999.0	8828.0	9938.0	10505.0	10516.0	10505.0	10299.0	10028.0	9915.0	9685.0	9421.0	9204.0	9051.0	8969.0	8795.0	8456.0	8279.0	7867.0	7549.0	7340.0	7022.0	6611.0	7859.0	72636.0
Zdi-CDup_071-Ex1-12H-lcwgs-1-1.clmp.fp2_repr.R2	2148.0	7085.0	8876.0	9903.0	10538.0	10524.0	10569.0	10311.0	10046.0	9995.0	9704.0	9468.0	9219.0	9073.0	9040.0	8818.0	8488.0	8302.0	7920.0	7533.0	7367.0	7039.0	6619.0	8734.0	71057.0
