	24.0	25.0	26.0	27.0	28.0	29.0	30.0	31.0	32.0	33.0	34.0	35.0	36.0	37.0	38.0	39.0	40.0
Zdi-ADup_001-Ex1-11B-lcwgs-1-1.clmp.fp2_repr.R1	23.0	152.0	654.0	1738.0	4694.0	9760.0	17804.0	27511.0	41089.0	56434.0	83890.0	127997.0	219541.0	365853.0	857185.0	5135837.0	7274186.0
	22.0	23.0	24.0	25.0	26.0	27.0	28.0	29.0	30.0	31.0	32.0	33.0	34.0	35.0	36.0	37.0	38.0	39.0	40.0
Zdi-ADup_001-Ex1-11B-lcwgs-1-1.clmp.fp2_repr.R2	6.0	67.0	375.0	1183.0	2639.0	4620.0	8503.0	13678.0	21364.0	29234.0	40591.0	54655.0	77298.0	111922.0	185047.0	304588.0	711884.0	5297667.0	7359027.0
	24.0	25.0	26.0	27.0	28.0	29.0	30.0	31.0	32.0	33.0	34.0	35.0	36.0	37.0	38.0	39.0	40.0
Zdi-ADup_002-Ex1-9G-lcwgs-1-1.clmp.fp2_repr.R1	14.0	126.0	554.0	1547.0	4170.0	8771.0	15857.0	23722.0	35410.0	48874.0	73057.0	110989.0	192113.0	324007.0	772923.0	4435894.0	7610430.0
	22.0	23.0	24.0	25.0	26.0	27.0	28.0	29.0	30.0	31.0	32.0	33.0	34.0	35.0	36.0	37.0	38.0	39.0	40.0
Zdi-ADup_002-Ex1-9G-lcwgs-1-1.clmp.fp2_repr.R2	9.0	54.0	276.0	873.0	2032.0	3635.0	6945.0	11182.0	17365.0	23761.0	32648.0	42466.0	61177.0	88899.0	149830.0	248440.0	588506.0	4317491.0	8062869.0
	23.0	24.0	25.0	26.0	27.0	28.0	29.0	30.0	31.0	32.0	33.0	34.0	35.0	36.0	37.0	38.0	39.0	40.0
Zdi-ADup_003-Ex1-9H-lcwgs-1-1.clmp.fp2_repr.R1	1.0	15.0	130.0	614.0	1667.0	4356.0	9070.0	16735.0	25142.0	38478.0	52672.0	79182.0	122986.0	214828.0	364920.0	885329.0	5042413.0	8427996.0
	22.0	23.0	24.0	25.0	26.0	27.0	28.0	29.0	30.0	31.0	32.0	33.0	34.0	35.0	36.0	37.0	38.0	39.0	40.0
Zdi-ADup_003-Ex1-9H-lcwgs-1-1.clmp.fp2_repr.R2	2.0	44.0	289.0	914.0	2201.0	4090.0	7617.0	12142.0	18895.0	26053.0	36568.0	47558.0	67654.0	98561.0	167491.0	281113.0	685330.0	5070258.0	8759754.0
	25.0	26.0	27.0	28.0	29.0	30.0	31.0	32.0	33.0	34.0	35.0	36.0	37.0	38.0	39.0	40.0
Zdi-ADup_004-Ex1-10A-lcwgs-1-1.clmp.fp2_repr.R1	1.0	2.0	4.0	8.0	8.0	29.0	39.0	50.0	60.0	115.0	183.0	310.0	559.0	1495.0	8458.0	9837.0
	24.0	25.0	26.0	27.0	28.0	29.0	30.0	31.0	32.0	33.0	34.0	35.0	36.0	37.0	38.0	39.0	40.0
Zdi-ADup_004-Ex1-10A-lcwgs-1-1.clmp.fp2_repr.R2	1.0	3.0	3.0	5.0	19.0	18.0	28.0	35.0	50.0	59.0	94.0	151.0	234.0	374.0	1025.0	6778.0	12281.0
	24.0	25.0	26.0	27.0	28.0	29.0	30.0	31.0	32.0	33.0	34.0	35.0	36.0	37.0	38.0	39.0	40.0
Zdi-ADup_005-Ex1-10B-lcwgs-1-1.clmp.fp2_repr.R1	1.0	12.0	34.0	96.0	249.0	486.0	818.0	1231.0	1837.0	2475.0	3792.0	5663.0	10204.0	17361.0	44765.0	266802.0	301395.0
	23.0	24.0	25.0	26.0	27.0	28.0	29.0	30.0	31.0	32.0	33.0	34.0	35.0	36.0	37.0	38.0	39.0	40.0
Zdi-ADup_005-Ex1-10B-lcwgs-1-1.clmp.fp2_repr.R2	4.0	17.0	63.0	100.0	217.0	401.0	621.0	916.0	1186.0	1664.0	2208.0	2986.0	4376.0	7495.0	12439.0	30846.0	211680.0	380002.0
	24.0	25.0	26.0	27.0	28.0	29.0	30.0	31.0	32.0	33.0	34.0	35.0	36.0	37.0	38.0	39.0	40.0
Zdi-ADup_006-Ex1-10C-lcwgs-1-1.clmp.fp2_repr.R1	25.0	148.0	694.0	2091.0	5357.0	11224.0	20555.0	31350.0	48010.0	67381.0	101995.0	159029.0	278433.0	479617.0	1211845.0	7823378.0	7937799.0
	21.0	22.0	23.0	24.0	25.0	26.0	27.0	28.0	29.0	30.0	31.0	32.0	33.0	34.0	35.0	36.0	37.0	38.0	39.0	40.0
Zdi-ADup_006-Ex1-10C-lcwgs-1-1.clmp.fp2_repr.R2	1.0	11.0	93.0	488.0	1536.0	3453.0	6331.0	11156.0	17673.0	26975.0	36617.0	51958.0	69230.0	100071.0	145060.0	241823.0	405147.0	978198.0	6957406.0	9125704.0
	23.0	24.0	25.0	26.0	27.0	28.0	29.0	30.0	31.0	32.0	33.0	34.0	35.0	36.0	37.0	38.0	39.0	40.0
Zdi-ADup_007-Ex1-10D-lcwgs-1-1.clmp.fp2_repr.R1	1.0	51.0	279.0	1107.0	2788.0	6883.0	13557.0	23530.0	34768.0	52396.0	71908.0	108568.0	165619.0	281824.0	468879.0	1155895.0	7003185.0	7786934.0
	22.0	23.0	24.0	25.0	26.0	27.0	28.0	29.0	30.0	31.0	32.0	33.0	34.0	35.0	36.0	37.0	38.0	39.0	40.0
Zdi-ADup_007-Ex1-10D-lcwgs-1-1.clmp.fp2_repr.R2	13.0	97.0	537.0	1611.0	3797.0	6692.0	12299.0	19889.0	29838.0	39336.0	53633.0	68474.0	95979.0	136348.0	223996.0	358057.0	825701.0	5610057.0	9691818.0
	24.0	25.0	26.0	27.0	28.0	29.0	30.0	31.0	32.0	33.0	34.0	35.0	36.0	37.0	38.0	39.0	40.0
Zdi-ADup_008-Ex1-10E-lcwgs-1-1.clmp.fp2_repr.R1	2.0	25.0	90.0	313.0	843.0	1797.0	3345.0	5131.0	7731.0	10873.0	16379.0	25439.0	44303.0	76419.0	192120.0	1269894.0	1389764.0
	23.0	24.0	25.0	26.0	27.0	28.0	29.0	30.0	31.0	32.0	33.0	34.0	35.0	36.0	37.0	38.0	39.0	40.0
Zdi-ADup_008-Ex1-10E-lcwgs-1-1.clmp.fp2_repr.R2	14.0	70.0	239.0	542.0	893.0	1697.0	2806.0	4292.0	5684.0	8178.0	10808.0	15365.0	22851.0	37572.0	63537.0	150798.0	1110058.0	1609064.0
	25.0	26.0	27.0	28.0	29.0	30.0	31.0	32.0	33.0	34.0	35.0	36.0	37.0	38.0	39.0	40.0
Zdi-ADup_009-Ex1-10F-lcwgs-1-1.clmp.fp2_repr.R1	4.0	35.0	122.0	258.0	504.0	944.0	1405.0	2110.0	2882.0	4387.0	6925.0	12417.0	21377.0	54315.0	330642.0	373914.0
	22.0	23.0	24.0	25.0	26.0	27.0	28.0	29.0	30.0	31.0	32.0	33.0	34.0	35.0	36.0	37.0	38.0	39.0	40.0
Zdi-ADup_009-Ex1-10F-lcwgs-1-1.clmp.fp2_repr.R2	1.0	2.0	17.0	64.0	133.0	242.0	493.0	760.0	1152.0	1415.0	2128.0	2687.0	3775.0	5660.0	9553.0	16113.0	39326.0	271683.0	457037.0
	24.0	25.0	26.0	27.0	28.0	29.0	30.0	31.0	32.0	33.0	34.0	35.0	36.0	37.0	38.0	39.0	40.0
Zdi-ADup_010-Ex1-10G-lcwgs-1-1.clmp.fp2_repr.R1	2.0	3.0	14.0	46.0	90.0	171.0	308.0	380.0	577.0	865.0	1248.0	1927.0	3366.0	5890.0	15068.0	82177.0	74843.0
	23.0	24.0	25.0	26.0	27.0	28.0	29.0	30.0	31.0	32.0	33.0	34.0	35.0	36.0	37.0	38.0	39.0	40.0
Zdi-ADup_010-Ex1-10G-lcwgs-1-1.clmp.fp2_repr.R2	2.0	7.0	13.0	54.0	78.0	146.0	194.0	272.0	347.0	475.0	684.0	970.0	1422.0	2547.0	4367.0	11133.0	70194.0	94070.0
	24.0	25.0	26.0	27.0	28.0	29.0	30.0	31.0	32.0	33.0	34.0	35.0	36.0	37.0	38.0	39.0	40.0
Zdi-ADup_011-Ex1-10H-lcwgs-1-1.clmp.fp2_repr.R1	26.0	116.0	506.0	1460.0	4094.0	8375.0	15090.0	23031.0	34959.0	48895.0	73841.0	115759.0	202161.0	348510.0	889529.0	5613764.0	6169620.0
	22.0	23.0	24.0	25.0	26.0	27.0	28.0	29.0	30.0	31.0	32.0	33.0	34.0	35.0	36.0	37.0	38.0	39.0	40.0
Zdi-ADup_011-Ex1-10H-lcwgs-1-1.clmp.fp2_repr.R2	7.0	48.0	299.0	991.0	2391.0	4166.0	7994.0	12549.0	19297.0	25896.0	36466.0	47474.0	67035.0	96701.0	163275.0	272769.0	663677.0	4788956.0	7339745.0
	25.0	26.0	27.0	28.0	29.0	30.0	31.0	32.0	33.0	34.0	35.0	36.0	37.0	38.0	39.0	40.0
Zdi-ADup_012-Ex1-11A-lcwgs-1-1.clmp.fp2_repr.R1	3.0	7.0	14.0	49.0	104.0	169.0	255.0	400.0	597.0	883.0	1462.0	2495.0	4258.0	10550.0	73034.0	72435.0
	23.0	24.0	25.0	26.0	27.0	28.0	29.0	30.0	31.0	32.0	33.0	34.0	35.0	36.0	37.0	38.0	39.0	40.0
Zdi-ADup_012-Ex1-11A-lcwgs-1-1.clmp.fp2_repr.R2	1.0	11.0	33.0	54.0	87.0	156.0	252.0	319.0	404.0	626.0	798.0	1104.0	1661.0	2594.0	4566.0	10951.0	82366.0	60732.0
	25.0	26.0	27.0	28.0	29.0	30.0	31.0	32.0	33.0	34.0	35.0	36.0	37.0	38.0	39.0	40.0
Zdi-ADup_013-Ex1-12F-lcwgs-1-1.clmp.fp2_repr.R1	11.0	50.0	122.0	289.0	553.0	1090.0	1511.0	2318.0	3081.0	4798.0	7143.0	12711.0	21749.0	51654.0	312174.0	450843.0
	23.0	24.0	25.0	26.0	27.0	28.0	29.0	30.0	31.0	32.0	33.0	34.0	35.0	36.0	37.0	38.0	39.0	40.0
Zdi-ADup_013-Ex1-12F-lcwgs-1-1.clmp.fp2_repr.R2	8.0	34.0	102.0	202.0	338.0	614.0	984.0	1389.0	1857.0	2543.0	3303.0	4581.0	6673.0	11238.0	18815.0	45367.0	338659.0	433390.0
	23.0	24.0	25.0	26.0	27.0	28.0	29.0	30.0	31.0	32.0	33.0	34.0	35.0	36.0	37.0	38.0	39.0	40.0
Zdi-ADup_014-Ex1-11C-lcwgs-1-1.clmp.fp2_repr.R1	1.0	8.0	43.0	265.0	745.0	1840.0	3766.0	6964.0	10400.0	15857.0	21964.0	32997.0	49873.0	85354.0	142520.0	334459.0	1955558.0	2830106.0
	22.0	23.0	24.0	25.0	26.0	27.0	28.0	29.0	30.0	31.0	32.0	33.0	34.0	35.0	36.0	37.0	38.0	39.0	40.0
Zdi-ADup_014-Ex1-11C-lcwgs-1-1.clmp.fp2_repr.R2	4.0	37.0	177.0	503.0	1144.0	2110.0	3742.0	5986.0	9022.0	12107.0	16742.0	21755.0	31226.0	44338.0	73232.0	119427.0	280569.0	2045575.0	2825024.0
	23.0	24.0	25.0	26.0	27.0	28.0	29.0	30.0	31.0	32.0	33.0	34.0	35.0	36.0	37.0	38.0	39.0	40.0
Zdi-ADup_015-Ex1-11D-lcwgs-1-1.clmp.fp2_repr.R1	3.0	12.0	131.0	508.0	1423.0	3661.0	7465.0	13796.0	20669.0	31441.0	42896.0	65041.0	99752.0	173448.0	296215.0	715372.0	4013763.0	6576985.0
	22.0	23.0	24.0	25.0	26.0	27.0	28.0	29.0	30.0	31.0	32.0	33.0	34.0	35.0	36.0	37.0	38.0	39.0	40.0
Zdi-ADup_015-Ex1-11D-lcwgs-1-1.clmp.fp2_repr.R2	9.0	53.0	295.0	874.0	1987.0	3725.0	6638.0	10227.0	16060.0	21582.0	29630.0	38886.0	55248.0	80814.0	135104.0	225014.0	537240.0	3889717.0	7009478.0
	23.0	24.0	25.0	26.0	27.0	28.0	29.0	30.0	31.0	32.0	33.0	34.0	35.0	36.0	37.0	38.0	39.0	40.0
Zdi-ADup_016-Ex1-11E-lcwgs-1-1.clmp.fp2_repr.R1	2.0	21.0	162.0	684.0	1990.0	5578.0	11679.0	21590.0	32660.0	50298.0	69268.0	103499.0	157777.0	271506.0	454931.0	1070941.0	6356055.0	10081832.0
	22.0	23.0	24.0	25.0	26.0	27.0	28.0	29.0	30.0	31.0	32.0	33.0	34.0	35.0	36.0	37.0	38.0	39.0	40.0
Zdi-ADup_016-Ex1-11E-lcwgs-1-1.clmp.fp2_repr.R2	9.0	73.0	528.0	1443.0	3306.0	5916.0	11164.0	17540.0	27365.0	37279.0	52442.0	69315.0	98005.0	141621.0	233698.0	385390.0	902277.0	6776058.0	9927044.0
	24.0	25.0	26.0	27.0	28.0	29.0	30.0	31.0	32.0	33.0	34.0	35.0	36.0	37.0	38.0	39.0	40.0
Zdi-ADup_017-Ex1-11F-lcwgs-1-1.clmp.fp2_repr.R1	16.0	113.0	446.0	1341.0	3531.0	7282.0	13129.0	19606.0	29231.0	40142.0	60071.0	93139.0	161354.0	273041.0	657374.0	3748657.0	6286137.0
	22.0	23.0	24.0	25.0	26.0	27.0	28.0	29.0	30.0	31.0	32.0	33.0	34.0	35.0	36.0	37.0	38.0	39.0	40.0
Zdi-ADup_017-Ex1-11F-lcwgs-1-1.clmp.fp2_repr.R2	3.0	38.0	277.0	778.0	1964.0	3539.0	6650.0	10409.0	15886.0	21371.0	28980.0	37555.0	52932.0	76817.0	128691.0	213725.0	509749.0	3777680.0	6507566.0
	23.0	24.0	25.0	26.0	27.0	28.0	29.0	30.0	31.0	32.0	33.0	34.0	35.0	36.0	37.0	38.0	39.0	40.0
Zdi-ADup_018-Ex1-11G-lcwgs-1-1.clmp.fp2_repr.R1	2.0	17.0	161.0	723.0	2128.0	5794.0	12127.0	21714.0	32507.0	48787.0	66916.0	100427.0	152653.0	262598.0	441488.0	1054900.0	6190282.0	9755991.0
	22.0	23.0	24.0	25.0	26.0	27.0	28.0	29.0	30.0	31.0	32.0	33.0	34.0	35.0	36.0	37.0	38.0	39.0	40.0
Zdi-ADup_018-Ex1-11G-lcwgs-1-1.clmp.fp2_repr.R2	11.0	74.0	451.0	1321.0	3019.0	5625.0	10523.0	17058.0	25802.0	34264.0	47848.0	62141.0	88641.0	127650.0	211656.0	347432.0	820020.0	6134375.0	10211304.0
	23.0	24.0	25.0	26.0	27.0	28.0	29.0	30.0	31.0	32.0	33.0	34.0	35.0	36.0	37.0	38.0	39.0	40.0
Zdi-ADup_019-Ex1-11H-lcwgs-1-1.clmp.fp2_repr.R1	3.0	1.0	29.0	135.0	373.0	1092.0	2110.0	3819.0	5635.0	8789.0	11989.0	18057.0	28105.0	48957.0	84050.0	207376.0	1203513.0	1864681.0
	22.0	23.0	24.0	25.0	26.0	27.0	28.0	29.0	30.0	31.0	32.0	33.0	34.0	35.0	36.0	37.0	38.0	39.0	40.0
Zdi-ADup_019-Ex1-11H-lcwgs-1-1.clmp.fp2_repr.R2	1.0	13.0	55.0	202.0	445.0	889.0	1701.0	2732.0	4141.0	5772.0	8228.0	10571.0	15005.0	22452.0	38413.0	65604.0	161635.0	1219643.0	1931212.0
	26.0	27.0	28.0	29.0	30.0	31.0	32.0	33.0	34.0	35.0	36.0	37.0	38.0	39.0	40.0
Zdi-ADup_020-Ex1-12A-lcwgs-1-1.clmp.fp2_repr.R1	1.0	0.0	5.0	11.0	8.0	18.0	28.0	44.0	75.0	87.0	171.0	308.0	799.0	4499.0	4964.0
	25.0	26.0	27.0	28.0	29.0	30.0	31.0	32.0	33.0	34.0	35.0	36.0	37.0	38.0	39.0	40.0
Zdi-ADup_020-Ex1-12A-lcwgs-1-1.clmp.fp2_repr.R2	2.0	3.0	11.0	11.0	16.0	14.0	17.0	21.0	37.0	48.0	82.0	118.0	246.0	605.0	4406.0	5381.0
	25.0	26.0	27.0	28.0	29.0	30.0	31.0	32.0	33.0	34.0	35.0	36.0	37.0	38.0	39.0	40.0
Zdi-ADup_021-Ex1-12B-lcwgs-1-1.clmp.fp2_repr.R1	7.0	14.0	21.0	44.0	77.0	142.0	199.0	285.0	358.0	590.0	902.0	1541.0	2540.0	5953.0	29106.0	34077.0
	23.0	24.0	25.0	26.0	27.0	28.0	29.0	30.0	31.0	32.0	33.0	34.0	35.0	36.0	37.0	38.0	39.0	40.0
Zdi-ADup_021-Ex1-12B-lcwgs-1-1.clmp.fp2_repr.R2	4.0	2.0	10.0	18.0	39.0	64.0	94.0	139.0	183.0	229.0	302.0	438.0	635.0	1141.0	1992.0	4826.0	29607.0	36133.0
	23.0	24.0	25.0	26.0	27.0	28.0	29.0	30.0	31.0	32.0	33.0	34.0	35.0	36.0	37.0	38.0	39.0	40.0
Zdi-ADup_022-Ex1-12C-lcwgs-1-1.clmp.fp2_repr.R1	1.0	46.0	359.0	1450.0	4266.0	11303.0	23123.0	42539.0	64253.0	97361.0	134101.0	198183.0	300995.0	514297.0	851742.0	1979139.0	11031268.0	19291880.0
	22.0	23.0	24.0	25.0	26.0	27.0	28.0	29.0	30.0	31.0	32.0	33.0	34.0	35.0	36.0	37.0	38.0	39.0	40.0
Zdi-ADup_022-Ex1-12C-lcwgs-1-1.clmp.fp2_repr.R2	10.0	146.0	854.0	2675.0	6312.0	11397.0	21106.0	33341.0	51049.0	68798.0	97366.0	126379.0	178445.0	258125.0	424678.0	690073.0	1594702.0	11357441.0	19623409.0
	23.0	24.0	25.0	26.0	27.0	28.0	29.0	30.0	31.0	32.0	33.0	34.0	35.0	36.0	37.0	38.0	39.0	40.0
Zdi-ADup_023-Ex1-12D-lcwgs-1-1.clmp.fp2_repr.R1	1.0	14.0	55.0	228.0	605.0	1569.0	3037.0	5609.0	8314.0	12446.0	17330.0	25650.0	39732.0	68653.0	115002.0	272994.0	1542535.0	2626629.0
	22.0	23.0	24.0	25.0	26.0	27.0	28.0	29.0	30.0	31.0	32.0	33.0	34.0	35.0	36.0	37.0	38.0	39.0	40.0
Zdi-ADup_023-Ex1-12D-lcwgs-1-1.clmp.fp2_repr.R2	1.0	22.0	110.0	333.0	872.0	1459.0	2766.0	4462.0	6624.0	8915.0	12455.0	16065.0	22663.0	32927.0	54961.0	91098.0	213637.0	1545294.0	2725739.0
	24.0	25.0	26.0	27.0	28.0	29.0	30.0	31.0	32.0	33.0	34.0	35.0	36.0	37.0	38.0	39.0	40.0
Zdi-ADup_024-Ex1-12E-lcwgs-1-1.clmp.fp2_repr.R1	6.0	30.0	129.0	363.0	924.0	1820.0	3335.0	4926.0	7387.0	10046.0	15188.0	22932.0	39449.0	66340.0	156578.0	852270.0	1606626.0
	23.0	24.0	25.0	26.0	27.0	28.0	29.0	30.0	31.0	32.0	33.0	34.0	35.0	36.0	37.0	38.0	39.0	40.0
Zdi-ADup_024-Ex1-12E-lcwgs-1-1.clmp.fp2_repr.R2	8.0	86.0	246.0	666.0	1030.0	1867.0	2911.0	4262.0	5494.0	7673.0	9888.0	13520.0	19621.0	32537.0	53038.0	126967.0	898693.0	1609842.0
	25.0	26.0	27.0	28.0	29.0	30.0	31.0	32.0	33.0	34.0	35.0	36.0	37.0	38.0	39.0	40.0
Zdi-ADup_025-Ex1-2A-lcwgs-1-1.clmp.fp2_repr.R1	2.0	4.0	19.0	35.0	84.0	145.0	197.0	312.0	446.0	694.0	1078.0	1908.0	3324.0	8054.0	39799.0	73071.0
	24.0	25.0	26.0	27.0	28.0	29.0	30.0	31.0	32.0	33.0	34.0	35.0	36.0	37.0	38.0	39.0	40.0
Zdi-ADup_025-Ex1-2A-lcwgs-1-1.clmp.fp2_repr.R2	3.0	5.0	17.0	32.0	58.0	99.0	163.0	225.0	299.0	429.0	538.0	843.0	1428.0	2512.0	6234.0	39899.0	76388.0
	24.0	25.0	26.0	27.0	28.0	29.0	30.0	31.0	32.0	33.0	34.0	35.0	36.0	37.0	38.0	39.0	40.0
Zdi-ADup_026-Ex1-12G-lcwgs-1-1.clmp.fp2_repr.R1	1.0	18.0	43.0	151.0	392.0	734.0	1383.0	1890.0	2818.0	3764.0	5655.0	8723.0	14898.0	25304.0	59877.0	315442.0	594894.0
	23.0	24.0	25.0	26.0	27.0	28.0	29.0	30.0	31.0	32.0	33.0	34.0	35.0	36.0	37.0	38.0	39.0	40.0
Zdi-ADup_026-Ex1-12G-lcwgs-1-1.clmp.fp2_repr.R2	5.0	19.0	87.0	229.0	340.0	632.0	999.0	1426.0	1801.0	2492.0	3196.0	4467.0	6418.0	10969.0	18079.0	44103.0	302704.0	638021.0
	24.0	25.0	26.0	27.0	28.0	29.0	30.0	31.0	32.0	33.0	34.0	35.0	36.0	37.0	38.0	39.0	40.0
Zdi-ADup_027-Ex1-12H-lcwgs-1-1.clmp.fp2_repr.R1	38.0	316.0	1198.0	3270.0	7730.0	14794.0	25842.0	37534.0	55400.0	75089.0	110953.0	168373.0	287738.0	477333.0	1120479.0	6223308.0	11860424.0
	22.0	23.0	24.0	25.0	26.0	27.0	28.0	29.0	30.0	31.0	32.0	33.0	34.0	35.0	36.0	37.0	38.0	39.0	40.0
Zdi-ADup_027-Ex1-12H-lcwgs-1-1.clmp.fp2_repr.R2	10.0	88.0	544.0	1597.0	3851.0	7119.0	13068.0	20403.0	30907.0	39744.0	53681.0	67753.0	93760.0	134699.0	223460.0	364927.0	861924.0	6395191.0	12157093.0
	23.0	24.0	25.0	26.0	27.0	28.0	29.0	30.0	31.0	32.0	33.0	34.0	35.0	36.0	37.0	38.0	39.0	40.0
Zdi-ADup_028-Ex1-9F-lcwgs-1-1.clmp.fp2_repr.R1	2.0	6.0	88.0	386.0	1014.0	2525.0	5172.0	9383.0	13721.0	20485.0	28643.0	42799.0	66637.0	116273.0	197247.0	476846.0	2566939.0	4753107.0
	22.0	23.0	24.0	25.0	26.0	27.0	28.0	29.0	30.0	31.0	32.0	33.0	34.0	35.0	36.0	37.0	38.0	39.0	40.0
Zdi-ADup_028-Ex1-9F-lcwgs-1-1.clmp.fp2_repr.R2	2.0	28.0	193.0	512.0	1314.0	2306.0	4353.0	6877.0	10286.0	13984.0	19461.0	25490.0	35696.0	52038.0	88692.0	148089.0	353843.0	2499689.0	5038420.0
	25.0	26.0	27.0	28.0	29.0	30.0	31.0	32.0	33.0	34.0	35.0	36.0	37.0	38.0	39.0	40.0
Zdi-ADup_029-Ex1-1A-lcwgs-1-1.clmp.fp2_repr.R1	1.0	5.0	4.0	19.0	49.0	59.0	102.0	137.0	223.0	294.0	462.0	809.0	1450.0	3437.0	17483.0	17795.0
	25.0	26.0	27.0	28.0	29.0	30.0	31.0	32.0	33.0	34.0	35.0	36.0	37.0	38.0	39.0	40.0
Zdi-ADup_029-Ex1-1A-lcwgs-1-1.clmp.fp2_repr.R2	2.0	13.0	14.0	34.0	49.0	81.0	93.0	110.0	171.0	247.0	365.0	699.0	1226.0	2991.0	18697.0	17537.0
	25.0	26.0	27.0	28.0	29.0	30.0	31.0	32.0	33.0	34.0	35.0	36.0	37.0	38.0	39.0	40.0
Zdi-ADup_030-Ex1-1B-lcwgs-1-1.clmp.fp2_repr.R1	2.0	7.0	26.0	48.0	87.0	168.0	234.0	367.0	485.0	770.0	1176.0	2061.0	3482.0	8412.0	41427.0	63316.0
	24.0	25.0	26.0	27.0	28.0	29.0	30.0	31.0	32.0	33.0	34.0	35.0	36.0	37.0	38.0	39.0	40.0
Zdi-ADup_030-Ex1-1B-lcwgs-1-1.clmp.fp2_repr.R2	4.0	13.0	25.0	46.0	63.0	80.0	155.0	231.0	312.0	398.0	579.0	870.0	1591.0	2752.0	6817.0	42215.0	65917.0
	25.0	26.0	27.0	28.0	29.0	30.0	31.0	32.0	33.0	34.0	35.0	36.0	37.0	38.0	39.0	40.0
Zdi-ADup_031-Ex1-1C-lcwgs-1-1.clmp.fp2_repr.R1	5.0	15.0	31.0	95.0	177.0	288.0	407.0	635.0	848.0	1296.0	1933.0	3384.0	5725.0	13437.0	66714.0	77090.0
	24.0	25.0	26.0	27.0	28.0	29.0	30.0	31.0	32.0	33.0	34.0	35.0	36.0	37.0	38.0	39.0	40.0
Zdi-ADup_031-Ex1-1C-lcwgs-1-1.clmp.fp2_repr.R2	7.0	16.0	50.0	76.0	113.0	175.0	252.0	335.0	505.0	658.0	1070.0	1580.0	2729.0	4577.0	11878.0	71185.0	76874.0
	24.0	25.0	26.0	27.0	28.0	29.0	30.0	31.0	32.0	33.0	34.0	35.0	36.0	37.0	38.0	39.0	40.0
Zdi-ADup_032-Ex1-1D-lcwgs-1-1.clmp.fp2_repr.R1	5.0	28.0	93.0	245.0	673.0	1360.0	2547.0	3901.0	5820.0	8207.0	12012.0	18487.0	31578.0	52198.0	121923.0	707860.0	1068210.0
	22.0	23.0	24.0	25.0	26.0	27.0	28.0	29.0	30.0	31.0	32.0	33.0	34.0	35.0	36.0	37.0	38.0	39.0	40.0
Zdi-ADup_032-Ex1-1D-lcwgs-1-1.clmp.fp2_repr.R2	2.0	12.0	42.0	142.0	355.0	641.0	1163.0	1897.0	2974.0	4167.0	6074.0	8056.0	11423.0	16544.0	27193.0	44305.0	103723.0	758434.0	1048000.0
	26.0	27.0	28.0	29.0	30.0	31.0	32.0	33.0	34.0	35.0	36.0	37.0	38.0	39.0	40.0
Zdi-ADup_033-Ex1-1E-lcwgs-1-1.clmp.fp2_repr.R1	12.0	38.0	96.0	190.0	341.0	504.0	704.0	1021.0	1465.0	2289.0	3989.0	6849.0	16470.0	84785.0	135855.0
	23.0	24.0	25.0	26.0	27.0	28.0	29.0	30.0	31.0	32.0	33.0	34.0	35.0	36.0	37.0	38.0	39.0	40.0
Zdi-ADup_033-Ex1-1E-lcwgs-1-1.clmp.fp2_repr.R2	1.0	2.0	20.0	26.0	69.0	130.0	201.0	293.0	419.0	630.0	843.0	1203.0	1835.0	3036.0	5461.0	13119.0	85546.0	141774.0
	24.0	25.0	26.0	27.0	28.0	29.0	30.0	31.0	32.0	33.0	34.0	35.0	36.0	37.0	38.0	39.0	40.0
Zdi-ADup_034-Ex1-1F-lcwgs-1-1.clmp.fp2_repr.R1	1.0	7.0	22.0	45.0	118.0	202.0	344.0	522.0	827.0	1138.0	1744.0	2662.0	4710.0	7974.0	18700.0	96988.0	135314.0
	23.0	24.0	25.0	26.0	27.0	28.0	29.0	30.0	31.0	32.0	33.0	34.0	35.0	36.0	37.0	38.0	39.0	40.0
Zdi-ADup_034-Ex1-1F-lcwgs-1-1.clmp.fp2_repr.R2	2.0	6.0	19.0	58.0	94.0	143.0	203.0	332.0	485.0	594.0	962.0	1393.0	2033.0	3527.0	6367.0	15463.0	100193.0	139444.0
	23.0	24.0	25.0	26.0	27.0	28.0	29.0	30.0	31.0	32.0	33.0	34.0	35.0	36.0	37.0	38.0	39.0	40.0
Zdi-ADup_035-Ex1-1G-lcwgs-1-1.clmp.fp2_repr.R1	1.0	2.0	12.0	52.0	170.0	345.0	718.0	1258.0	1921.0	2850.0	3943.0	5940.0	9297.0	16258.0	28097.0	67939.0	345301.0	631310.0
	23.0	24.0	25.0	26.0	27.0	28.0	29.0	30.0	31.0	32.0	33.0	34.0	35.0	36.0	37.0	38.0	39.0	40.0
Zdi-ADup_035-Ex1-1G-lcwgs-1-1.clmp.fp2_repr.R2	1.0	16.0	53.0	162.0	259.0	530.0	835.0	1267.0	1759.0	2434.0	3198.0	4601.0	7011.0	11956.0	20757.0	50596.0	333537.0	676442.0
	24.0	25.0	26.0	27.0	28.0	29.0	30.0	31.0	32.0	33.0	34.0	35.0	36.0	37.0	38.0	39.0	40.0
Zdi-ADup_036-Ex1-1H-lcwgs-1-1.clmp.fp2_repr.R1	1.0	7.0	23.0	55.0	132.0	273.0	477.0	657.0	983.0	1331.0	1995.0	3087.0	5451.0	9312.0	21718.0	106787.0	163266.0
	23.0	24.0	25.0	26.0	27.0	28.0	29.0	30.0	31.0	32.0	33.0	34.0	35.0	36.0	37.0	38.0	39.0	40.0
Zdi-ADup_036-Ex1-1H-lcwgs-1-1.clmp.fp2_repr.R2	1.0	9.0	20.0	66.0	97.0	191.0	295.0	456.0	560.0	796.0	1079.0	1612.0	2298.0	4173.0	7124.0	17312.0	108255.0	171211.0
	24.0	25.0	26.0	27.0	28.0	29.0	30.0	31.0	32.0	33.0	34.0	35.0	36.0	37.0	38.0	39.0	40.0
Zdi-ADup_037-Ex1-3D-lcwgs-1-1.clmp.fp2_repr.R1	1.0	2.0	15.0	43.0	106.0	192.0	345.0	466.0	692.0	976.0	1386.0	2287.0	4132.0	6860.0	15981.0	86039.0	123349.0
	24.0	25.0	26.0	27.0	28.0	29.0	30.0	31.0	32.0	33.0	34.0	35.0	36.0	37.0	38.0	39.0	40.0
Zdi-ADup_037-Ex1-3D-lcwgs-1-1.clmp.fp2_repr.R2	10.0	11.0	32.0	66.0	120.0	159.0	272.0	383.0	558.0	779.0	1066.0	1609.0	2784.0	5076.0	12435.0	86712.0	130800.0
	25.0	26.0	27.0	28.0	29.0	30.0	31.0	32.0	33.0	34.0	35.0	36.0	37.0	38.0	39.0	40.0
Zdi-ADup_038-Ex1-2B-lcwgs-1-1.clmp.fp2_repr.R1	1.0	5.0	18.0	69.0	85.0	160.0	271.0	343.0	508.0	707.0	1180.0	2045.0	3609.0	8738.0	44369.0	68847.0
	23.0	24.0	25.0	26.0	27.0	28.0	29.0	30.0	31.0	32.0	33.0	34.0	35.0	36.0	37.0	38.0	39.0	40.0
Zdi-ADup_038-Ex1-2B-lcwgs-1-1.clmp.fp2_repr.R2	2.0	2.0	12.0	25.0	48.0	80.0	94.0	171.0	188.0	312.0	455.0	582.0	890.0	1568.0	2724.0	6777.0	43757.0	73268.0
	25.0	26.0	27.0	28.0	29.0	30.0	31.0	32.0	33.0	34.0	35.0	36.0	37.0	38.0	39.0	40.0
Zdi-ADup_039-Ex1-2C-lcwgs-1-1.clmp.fp2_repr.R1	2.0	18.0	40.0	86.0	154.0	275.0	422.0	607.0	845.0	1324.0	2046.0	3613.0	6117.0	14938.0	77403.0	99262.0
	23.0	24.0	25.0	26.0	27.0	28.0	29.0	30.0	31.0	32.0	33.0	34.0	35.0	36.0	37.0	38.0	39.0	40.0
Zdi-ADup_039-Ex1-2C-lcwgs-1-1.clmp.fp2_repr.R2	3.0	2.0	26.0	24.0	76.0	144.0	182.0	308.0	380.0	527.0	715.0	1081.0	1630.0	2837.0	4982.0	12246.0	80507.0	101482.0
	24.0	25.0	26.0	27.0	28.0	29.0	30.0	31.0	32.0	33.0	34.0	35.0	36.0	37.0	38.0	39.0	40.0
Zdi-ADup_040-Ex1-2D-lcwgs-1-1.clmp.fp2_repr.R1	1.0	5.0	18.0	51.0	101.0	203.0	373.0	511.0	784.0	1071.0	1621.0	2458.0	4236.0	7766.0	18009.0	91371.0	123135.0
	23.0	24.0	25.0	26.0	27.0	28.0	29.0	30.0	31.0	32.0	33.0	34.0	35.0	36.0	37.0	38.0	39.0	40.0
Zdi-ADup_040-Ex1-2D-lcwgs-1-1.clmp.fp2_repr.R2	2.0	8.0	29.0	60.0	80.0	174.0	229.0	343.0	469.0	649.0	902.0	1268.0	1964.0	3282.0	5845.0	14610.0	94270.0	127530.0
	25.0	26.0	27.0	28.0	29.0	30.0	31.0	32.0	33.0	34.0	35.0	36.0	37.0	38.0	39.0	40.0
Zdi-ADup_041-Ex1-2E-lcwgs-1-1.clmp.fp2_repr.R1	1.0	5.0	20.0	57.0	75.0	157.0	232.0	329.0	495.0	729.0	1135.0	1947.0	3485.0	8571.0	43824.0	58833.0
	24.0	25.0	26.0	27.0	28.0	29.0	30.0	31.0	32.0	33.0	34.0	35.0	36.0	37.0	38.0	39.0	40.0
Zdi-ADup_041-Ex1-2E-lcwgs-1-1.clmp.fp2_repr.R2	3.0	5.0	18.0	34.0	73.0	119.0	154.0	198.0	288.0	396.0	604.0	862.0	1463.0	2686.0	6896.0	45063.0	61033.0
	23.0	24.0	25.0	26.0	27.0	28.0	29.0	30.0	31.0	32.0	33.0	34.0	35.0	36.0	37.0	38.0	39.0	40.0
Zdi-ADup_042-Ex1-2F-lcwgs-1-1.clmp.fp2_repr.R1	2.0	15.0	143.0	621.0	1671.0	4319.0	9209.0	17059.0	25153.0	38345.0	53331.0	79290.0	121068.0	209194.0	354696.0	840041.0	4905321.0	8468173.0
	22.0	23.0	24.0	25.0	26.0	27.0	28.0	29.0	30.0	31.0	32.0	33.0	34.0	35.0	36.0	37.0	38.0	39.0	40.0
Zdi-ADup_042-Ex1-2F-lcwgs-1-1.clmp.fp2_repr.R2	5.0	38.0	259.0	874.0	2025.0	3864.0	7269.0	11783.0	18786.0	26088.0	36888.0	48349.0	68995.0	101445.0	170405.0	282574.0	670193.0	4994065.0	8683746.0
	25.0	26.0	27.0	28.0	29.0	30.0	31.0	32.0	33.0	34.0	35.0	36.0	37.0	38.0	39.0	40.0
Zdi-ADup_043-Ex1-2G-lcwgs-1-1.clmp.fp2_repr.R1	10.0	53.0	148.0	354.0	663.0	1256.0	1892.0	2812.0	4012.0	6180.0	9143.0	16110.0	27826.0	67590.0	378026.0	605112.0
	23.0	24.0	25.0	26.0	27.0	28.0	29.0	30.0	31.0	32.0	33.0	34.0	35.0	36.0	37.0	38.0	39.0	40.0
Zdi-ADup_043-Ex1-2G-lcwgs-1-1.clmp.fp2_repr.R2	6.0	26.0	68.0	153.0	291.0	543.0	832.0	1350.0	1830.0	2654.0	3346.0	4999.0	7287.0	12429.0	21259.0	51598.0	369641.0	642875.0
	23.0	24.0	25.0	26.0	27.0	28.0	29.0	30.0	31.0	32.0	33.0	34.0	35.0	36.0	37.0	38.0	39.0	40.0
Zdi-ADup_044-Ex1-2H-lcwgs-1-1.clmp.fp2_repr.R1	1.0	8.0	84.0	339.0	820.0	2190.0	4315.0	7730.0	11713.0	17383.0	23794.0	35906.0	54752.0	94619.0	159764.0	377197.0	2071798.0	3697727.0
	22.0	23.0	24.0	25.0	26.0	27.0	28.0	29.0	30.0	31.0	32.0	33.0	34.0	35.0	36.0	37.0	38.0	39.0	40.0
Zdi-ADup_044-Ex1-2H-lcwgs-1-1.clmp.fp2_repr.R2	2.0	21.0	143.0	404.0	931.0	1802.0	3420.0	5603.0	8550.0	11710.0	16539.0	21632.0	30813.0	44647.0	75007.0	124515.0	294161.0	2062270.0	3857970.0
	25.0	26.0	27.0	28.0	29.0	30.0	31.0	32.0	33.0	34.0	35.0	36.0	37.0	38.0	39.0	40.0
Zdi-ADup_045-Ex1-3A-lcwgs-1-1.clmp.fp2_repr.R1	1.0	17.0	34.0	75.0	166.0	263.0	410.0	597.0	857.0	1260.0	1960.0	3555.0	5880.0	14545.0	74018.0	153002.0
	24.0	25.0	26.0	27.0	28.0	29.0	30.0	31.0	32.0	33.0	34.0	35.0	36.0	37.0	38.0	39.0	40.0
Zdi-ADup_045-Ex1-3A-lcwgs-1-1.clmp.fp2_repr.R2	5.0	14.0	39.0	49.0	106.0	167.0	262.0	377.0	491.0	657.0	935.0	1509.0	2490.0	4265.0	10681.0	71068.0	163525.0
	26.0	27.0	28.0	29.0	30.0	31.0	32.0	33.0	34.0	35.0	36.0	37.0	38.0	39.0	40.0
Zdi-ADup_046-Ex1-3B-lcwgs-1-1.clmp.fp2_repr.R1	8.0	20.0	43.0	75.0	154.0	226.0	312.0	435.0	679.0	1016.0	1860.0	3206.0	7765.0	40759.0	66364.0
	24.0	25.0	26.0	27.0	28.0	29.0	30.0	31.0	32.0	33.0	34.0	35.0	36.0	37.0	38.0	39.0	40.0
Zdi-ADup_046-Ex1-3B-lcwgs-1-1.clmp.fp2_repr.R2	1.0	5.0	20.0	30.0	56.0	81.0	97.0	159.0	264.0	356.0	510.0	711.0	1264.0	2266.0	5782.0	39828.0	71492.0
	24.0	25.0	26.0	27.0	28.0	29.0	30.0	31.0	32.0	33.0	34.0	35.0	36.0	37.0	38.0	39.0	40.0
Zdi-ADup_047-Ex1-3C-lcwgs-1-1.clmp.fp2_repr.R1	2.0	16.0	67.0	184.0	543.0	1027.0	1911.0	2806.0	4203.0	6150.0	8996.0	13424.0	23298.0	38397.0	87512.0	458797.0	854323.0
	22.0	23.0	24.0	25.0	26.0	27.0	28.0	29.0	30.0	31.0	32.0	33.0	34.0	35.0	36.0	37.0	38.0	39.0	40.0
Zdi-ADup_047-Ex1-3C-lcwgs-1-1.clmp.fp2_repr.R2	2.0	9.0	26.0	97.0	192.0	388.0	762.0	1208.0	2072.0	2822.0	4092.0	5498.0	7670.0	11253.0	18586.0	30010.0	68111.0	449021.0	899837.0
	24.0	25.0	26.0	27.0	28.0	29.0	30.0	31.0	32.0	33.0	34.0	35.0	36.0	37.0	38.0	39.0	40.0
Zdi-CDup_001-Ex1-5D-lcwgs-1-1.clmp.fp2_repr.R1	1.0	9.0	40.0	146.0	352.0	656.0	1258.0	1935.0	3011.0	4390.0	6795.0	10636.0	18592.0	31774.0	76626.0	446994.0	624693.0
	23.0	24.0	25.0	26.0	27.0	28.0	29.0	30.0	31.0	32.0	33.0	34.0	35.0	36.0	37.0	38.0	39.0	40.0
Zdi-CDup_001-Ex1-5D-lcwgs-1-1.clmp.fp2_repr.R2	7.0	30.0	99.0	247.0	382.0	711.0	1138.0	1699.0	2333.0	3472.0	4804.0	7111.0	10308.0	17302.0	28455.0	68182.0	477323.0	604305.0
	25.0	26.0	27.0	28.0	29.0	30.0	31.0	32.0	33.0	34.0	35.0	36.0	37.0	38.0	39.0	40.0
Zdi-CDup_002-Ex1-5E-lcwgs-1-1.clmp.fp2_repr.R1	1.0	3.0	17.0	35.0	62.0	110.0	213.0	317.0	440.0	741.0	1155.0	2025.0	3720.0	9208.0	53664.0	64538.0
	23.0	24.0	25.0	26.0	27.0	28.0	29.0	30.0	31.0	32.0	33.0	34.0	35.0	36.0	37.0	38.0	39.0	40.0
Zdi-CDup_002-Ex1-5E-lcwgs-1-1.clmp.fp2_repr.R2	1.0	2.0	7.0	34.0	53.0	77.0	115.0	195.0	261.0	338.0	450.0	715.0	1124.0	1896.0	3321.0	8367.0	57803.0	61490.0
	24.0	25.0	26.0	27.0	28.0	29.0	30.0	31.0	32.0	33.0	34.0	35.0	36.0	37.0	38.0	39.0	40.0
Zdi-CDup_003-Ex1-5F-lcwgs-1-1.clmp.fp2_repr.R1	3.0	4.0	27.0	51.0	195.0	385.0	702.0	1168.0	1785.0	2588.0	3901.0	5889.0	10670.0	18406.0	42985.0	257378.0	350430.0
	23.0	24.0	25.0	26.0	27.0	28.0	29.0	30.0	31.0	32.0	33.0	34.0	35.0	36.0	37.0	38.0	39.0	40.0
Zdi-CDup_003-Ex1-5F-lcwgs-1-1.clmp.fp2_repr.R2	3.0	17.0	45.0	136.0	216.0	419.0	657.0	1050.0	1380.0	2100.0	2741.0	4172.0	6237.0	10125.0	16342.0	39475.0	277688.0	333764.0
	25.0	26.0	27.0	28.0	29.0	30.0	31.0	32.0	33.0	34.0	35.0	36.0	37.0	38.0	39.0	40.0
Zdi-CDup_004-Ex1-5G-lcwgs-1-1.clmp.fp2_repr.R1	3.0	8.0	13.0	42.0	72.0	145.0	212.0	308.0	470.0	691.0	1128.0	2082.0	3709.0	8912.0	53188.0	66025.0
	24.0	25.0	26.0	27.0	28.0	29.0	30.0	31.0	32.0	33.0	34.0	35.0	36.0	37.0	38.0	39.0	40.0
Zdi-CDup_004-Ex1-5G-lcwgs-1-1.clmp.fp2_repr.R2	2.0	9.0	22.0	59.0	91.0	122.0	176.0	225.0	353.0	511.0	793.0	1122.0	1944.0	3349.0	8320.0	57844.0	62066.0
	24.0	25.0	26.0	27.0	28.0	29.0	30.0	31.0	32.0	33.0	34.0	35.0	36.0	37.0	38.0	39.0	40.0
Zdi-CDup_005-Ex1-5H-lcwgs-1-1.clmp.fp2_repr.R1	1.0	12.0	73.0	203.0	595.0	1253.0	2342.0	3546.0	5605.0	8041.0	12681.0	19745.0	33860.0	58565.0	138946.0	904206.0	1029119.0
	22.0	23.0	24.0	25.0	26.0	27.0	28.0	29.0	30.0	31.0	32.0	33.0	34.0	35.0	36.0	37.0	38.0	39.0	40.0
Zdi-CDup_005-Ex1-5H-lcwgs-1-1.clmp.fp2_repr.R2	3.0	9.0	56.0	200.0	409.0	754.0	1326.0	2225.0	3302.0	4706.0	6948.0	9575.0	14082.0	21230.0	34662.0	57505.0	135226.0	1008858.0	917717.0
	24.0	25.0	26.0	27.0	28.0	29.0	30.0	31.0	32.0	33.0	34.0	35.0	36.0	37.0	38.0	39.0	40.0
Zdi-CDup_006-Ex1-6A-lcwgs-1-1.clmp.fp2_repr.R1	4.0	41.0	163.0	455.0	1232.0	2537.0	4684.0	7338.0	12026.0	17336.0	26866.0	42659.0	75232.0	131849.0	320771.0	2092889.0	2097050.0
	22.0	23.0	24.0	25.0	26.0	27.0	28.0	29.0	30.0	31.0	32.0	33.0	34.0	35.0	36.0	37.0	38.0	39.0	40.0
Zdi-CDup_006-Ex1-6A-lcwgs-1-1.clmp.fp2_repr.R2	5.0	35.0	179.0	489.0	1029.0	1855.0	3139.0	4900.0	7628.0	10814.0	15954.0	22314.0	33154.0	49357.0	81308.0	137840.0	330682.0	2367916.0	1764534.0
	25.0	26.0	27.0	28.0	29.0	30.0	31.0	32.0	33.0	34.0	35.0	36.0	37.0	38.0	39.0	40.0
Zdi-CDup_007-Ex1-6B-lcwgs-1-1.clmp.fp2_repr.R1	13.0	62.0	143.0	341.0	685.0	1254.0	1852.0	2893.0	4021.0	6334.0	10064.0	17796.0	30985.0	75710.0	456042.0	626103.0
	23.0	24.0	25.0	26.0	27.0	28.0	29.0	30.0	31.0	32.0	33.0	34.0	35.0	36.0	37.0	38.0	39.0	40.0
Zdi-CDup_007-Ex1-6B-lcwgs-1-1.clmp.fp2_repr.R2	9.0	36.0	102.0	219.0	388.0	686.0	1062.0	1658.0	2321.0	3338.0	4444.0	6541.0	9732.0	16389.0	27357.0	66676.0	474340.0	619000.0
	25.0	26.0	27.0	28.0	29.0	30.0	31.0	32.0	33.0	34.0	35.0	36.0	37.0	38.0	39.0	40.0
Zdi-CDup_008-Ex1-6C-lcwgs-1-1.clmp.fp2_repr.R1	5.0	21.0	53.0	171.0	282.0	475.0	722.0	1164.0	1731.0	2757.0	4401.0	7961.0	14093.0	35822.0	216736.0	231704.0
	23.0	24.0	25.0	26.0	27.0	28.0	29.0	30.0	31.0	32.0	33.0	34.0	35.0	36.0	37.0	38.0	39.0	40.0
Zdi-CDup_008-Ex1-6C-lcwgs-1-1.clmp.fp2_repr.R2	3.0	14.0	52.0	119.0	186.0	325.0	492.0	745.0	972.0	1491.0	2067.0	3191.0	4791.0	8032.0	14177.0	35732.0	237665.0	208044.0
	24.0	25.0	26.0	27.0	28.0	29.0	30.0	31.0	32.0	33.0	34.0	35.0	36.0	37.0	38.0	39.0	40.0
Zdi-CDup_010-Ex1-6D-lcwgs-1-1.clmp.fp2_repr.R1	8.0	30.0	143.0	371.0	949.0	1951.0	3554.0	5579.0	8581.0	12819.0	19961.0	31947.0	55441.0	97677.0	239047.0	1491768.0	1598688.0
	22.0	23.0	24.0	25.0	26.0	27.0	28.0	29.0	30.0	31.0	32.0	33.0	34.0	35.0	36.0	37.0	38.0	39.0	40.0
Zdi-CDup_010-Ex1-6D-lcwgs-1-1.clmp.fp2_repr.R2	1.0	23.0	117.0	344.0	816.0	1320.0	2321.0	3539.0	5548.0	7741.0	11257.0	15903.0	23591.0	35509.0	58758.0	98413.0	236400.0	1635748.0	1431165.0
	24.0	25.0	26.0	27.0	28.0	29.0	30.0	31.0	32.0	33.0	34.0	35.0	36.0	37.0	38.0	39.0	40.0
Zdi-CDup_011-Ex1-6E-lcwgs-1-1.clmp.fp2_repr.R1	1.0	13.0	86.0	252.0	640.0	1366.0	2482.0	3890.0	5930.0	8875.0	13772.0	21906.0	38978.0	68303.0	168331.0	1077091.0	1199205.0
	22.0	23.0	24.0	25.0	26.0	27.0	28.0	29.0	30.0	31.0	32.0	33.0	34.0	35.0	36.0	37.0	38.0	39.0	40.0
Zdi-CDup_011-Ex1-6E-lcwgs-1-1.clmp.fp2_repr.R2	1.0	14.0	90.0	261.0	511.0	918.0	1690.0	2446.0	3903.0	5497.0	7940.0	11185.0	16747.0	24342.0	40402.0	68340.0	167252.0	1197726.0	1061856.0
	23.0	24.0	25.0	26.0	27.0	28.0	29.0	30.0	31.0	32.0	33.0	34.0	35.0	36.0	37.0	38.0	39.0	40.0
Zdi-CDup_012-Ex1-6F-lcwgs-1-1.clmp.fp2_repr.R1	1.0	1.0	2.0	35.0	68.0	175.0	320.0	589.0	949.0	1514.0	2090.0	3273.0	5297.0	9294.0	16002.0	38978.0	239763.0	272181.0
	22.0	23.0	24.0	25.0	26.0	27.0	28.0	29.0	30.0	31.0	32.0	33.0	34.0	35.0	36.0	37.0	38.0	39.0	40.0
Zdi-CDup_012-Ex1-6F-lcwgs-1-1.clmp.fp2_repr.R2	1.0	4.0	18.0	62.0	109.0	189.0	370.0	565.0	861.0	1213.0	1677.0	2379.0	3467.0	5224.0	8925.0	15074.0	36281.0	257363.0	256750.0
	25.0	26.0	27.0	28.0	29.0	30.0	31.0	32.0	33.0	34.0	35.0	36.0	37.0	38.0	39.0	40.0
Zdi-CDup_013-Ex1-6G-lcwgs-1-1.clmp.fp2_repr.R1	1.0	18.0	41.0	95.0	158.0	263.0	470.0	695.0	1049.0	1640.0	2683.0	4790.0	8798.0	22445.0	134421.0	132954.0
	23.0	24.0	25.0	26.0	27.0	28.0	29.0	30.0	31.0	32.0	33.0	34.0	35.0	36.0	37.0	38.0	39.0	40.0
Zdi-CDup_013-Ex1-6G-lcwgs-1-1.clmp.fp2_repr.R2	4.0	8.0	30.0	65.0	104.0	197.0	224.0	444.0	552.0	823.0	1262.0	1858.0	2844.0	4750.0	8668.0	22285.0	146813.0	119590.0
	23.0	24.0	25.0	26.0	27.0	28.0	29.0	30.0	31.0	32.0	33.0	34.0	35.0	36.0	37.0	38.0	39.0	40.0
Zdi-CDup_014-Ex1-6H-lcwgs-1-1.clmp.fp2_repr.R1	1.0	7.0	36.0	136.0	393.0	917.0	1874.0	3593.0	5558.0	8252.0	11906.0	18553.0	28837.0	50394.0	88081.0	213351.0	1278474.0	1757484.0
	22.0	23.0	24.0	25.0	26.0	27.0	28.0	29.0	30.0	31.0	32.0	33.0	34.0	35.0	36.0	37.0	38.0	39.0	40.0
Zdi-CDup_014-Ex1-6H-lcwgs-1-1.clmp.fp2_repr.R2	3.0	14.0	84.0	274.0	641.0	1106.0	2030.0	3160.0	4802.0	6629.0	9441.0	13037.0	19006.0	27700.0	46719.0	77646.0	188242.0	1354359.0	1712954.0
	24.0	25.0	26.0	27.0	28.0	29.0	30.0	31.0	32.0	33.0	34.0	35.0	36.0	37.0	38.0	39.0	40.0
Zdi-CDup_015-Ex1-7A-lcwgs-1-1.clmp.fp2_repr.R1	3.0	2.0	23.0	29.0	96.0	159.0	258.0	444.0	672.0	1027.0	1740.0	2630.0	5017.0	9132.0	23767.0	137682.0	131944.0
	23.0	24.0	25.0	26.0	27.0	28.0	29.0	30.0	31.0	32.0	33.0	34.0	35.0	36.0	37.0	38.0	39.0	40.0
Zdi-CDup_015-Ex1-7A-lcwgs-1-1.clmp.fp2_repr.R2	3.0	10.0	25.0	64.0	124.0	178.0	251.0	425.0	502.0	843.0	1122.0	1747.0	2746.0	4587.0	8395.0	22300.0	146111.0	125192.0
	23.0	24.0	25.0	26.0	27.0	28.0	29.0	30.0	31.0	32.0	33.0	34.0	35.0	36.0	37.0	38.0	39.0	40.0
Zdi-CDup_016-Ex1-7B-lcwgs-1-1.clmp.fp2_repr.R1	1.0	1.0	19.0	106.0	258.0	689.0	1415.0	2641.0	4047.0	6274.0	8810.0	13716.0	21741.0	38404.0	66437.0	162281.0	967278.0	1296398.0
	23.0	24.0	25.0	26.0	27.0	28.0	29.0	30.0	31.0	32.0	33.0	34.0	35.0	36.0	37.0	38.0	39.0	40.0
Zdi-CDup_016-Ex1-7B-lcwgs-1-1.clmp.fp2_repr.R2	8.0	72.0	186.0	363.0	798.0	1449.0	2190.0	3535.0	4781.0	6912.0	9428.0	13745.0	20108.0	33775.0	56843.0	136965.0	991595.0	1307763.0
	24.0	25.0	26.0	27.0	28.0	29.0	30.0	31.0	32.0	33.0	34.0	35.0	36.0	37.0	38.0	39.0	40.0
Zdi-CDup_017-Ex1-7C-lcwgs-1-1.clmp.fp2_repr.R1	1.0	6.0	23.0	67.0	187.0	399.0	643.0	1061.0	1608.0	2309.0	3438.0	5669.0	10051.0	17833.0	44495.0	262540.0	346206.0
	23.0	24.0	25.0	26.0	27.0	28.0	29.0	30.0	31.0	32.0	33.0	34.0	35.0	36.0	37.0	38.0	39.0	40.0
Zdi-CDup_017-Ex1-7C-lcwgs-1-1.clmp.fp2_repr.R2	2.0	17.0	51.0	125.0	198.0	374.0	583.0	966.0	1244.0	1750.0	2406.0	3502.0	5314.0	9079.0	15401.0	38709.0	277569.0	339246.0
	24.0	25.0	26.0	27.0	28.0	29.0	30.0	31.0	32.0	33.0	34.0	35.0	36.0	37.0	38.0	39.0	40.0
Zdi-CDup_018-Ex1-7D-lcwgs-1-1.clmp.fp2_repr.R1	3.0	20.0	96.0	251.0	653.0	1320.0	2439.0	3783.0	5998.0	8609.0	13714.0	21796.0	38260.0	67121.0	163551.0	985147.0	1068943.0
	23.0	24.0	25.0	26.0	27.0	28.0	29.0	30.0	31.0	32.0	33.0	34.0	35.0	36.0	37.0	38.0	39.0	40.0
Zdi-CDup_018-Ex1-7D-lcwgs-1-1.clmp.fp2_repr.R2	12.0	79.0	210.0	510.0	871.0	1480.0	2329.0	3624.0	4913.0	7303.0	10357.0	15391.0	22795.0	38083.0	63521.0	150820.0	1049670.0	1009736.0
	23.0	24.0	25.0	26.0	27.0	28.0	29.0	30.0	31.0	32.0	33.0	34.0	35.0	36.0	37.0	38.0	39.0	40.0
Zdi-CDup_019-Ex1-7E-lcwgs-1-1.clmp.fp2_repr.R1	1.0	6.0	32.0	150.0	475.0	1147.0	2390.0	4308.0	6881.0	10586.0	15143.0	23450.0	37402.0	66348.0	116727.0	288836.0	1775127.0	2156172.0
	22.0	23.0	24.0	25.0	26.0	27.0	28.0	29.0	30.0	31.0	32.0	33.0	34.0	35.0	36.0	37.0	38.0	39.0	40.0
Zdi-CDup_019-Ex1-7E-lcwgs-1-1.clmp.fp2_repr.R2	4.0	30.0	119.0	369.0	801.0	1477.0	2547.0	4196.0	6309.0	8612.0	12666.0	17224.0	25290.0	37255.0	62499.0	106297.0	260132.0	1903049.0	2056305.0
	25.0	26.0	27.0	28.0	29.0	30.0	31.0	32.0	33.0	34.0	35.0	36.0	37.0	38.0	39.0	40.0
Zdi-CDup_020-Ex1-7F-lcwgs-1-1.clmp.fp2_repr.R1	4.0	8.0	13.0	31.0	77.0	138.0	209.0	326.0	466.0	784.0	1233.0	2251.0	4018.0	10251.0	58677.0	69002.0
	24.0	25.0	26.0	27.0	28.0	29.0	30.0	31.0	32.0	33.0	34.0	35.0	36.0	37.0	38.0	39.0	40.0
Zdi-CDup_020-Ex1-7F-lcwgs-1-1.clmp.fp2_repr.R2	2.0	8.0	23.0	53.0	68.0	114.0	178.0	242.0	352.0	510.0	778.0	1105.0	1906.0	3399.0	8736.0	60527.0	69487.0
	24.0	25.0	26.0	27.0	28.0	29.0	30.0	31.0	32.0	33.0	34.0	35.0	36.0	37.0	38.0	39.0	40.0
Zdi-CDup_021-Ex1-7G-lcwgs-1-1.clmp.fp2_repr.R1	11.0	51.0	188.0	535.0	1322.0	2710.0	4976.0	7549.0	11646.0	16976.0	26037.0	40921.0	73418.0	128352.0	317268.0	1943311.0	2417316.0
	22.0	23.0	24.0	25.0	26.0	27.0	28.0	29.0	30.0	31.0	32.0	33.0	34.0	35.0	36.0	37.0	38.0	39.0	40.0
Zdi-CDup_021-Ex1-7G-lcwgs-1-1.clmp.fp2_repr.R2	2.0	22.0	146.0	425.0	905.0	1607.0	2944.0	4530.0	6891.0	9467.0	13705.0	18737.0	27435.0	40628.0	67821.0	115044.0	282301.0	2086389.0	2313588.0
	24.0	25.0	26.0	27.0	28.0	29.0	30.0	31.0	32.0	33.0	34.0	35.0	36.0	37.0	38.0	39.0	40.0
Zdi-CDup_022-Ex1-7H-lcwgs-1-1.clmp.fp2_repr.R1	2.0	9.0	25.0	79.0	185.0	375.0	644.0	996.0	1556.0	2147.0	3329.0	5231.0	9568.0	16699.0	41736.0	250201.0	322115.0
	23.0	24.0	25.0	26.0	27.0	28.0	29.0	30.0	31.0	32.0	33.0	34.0	35.0	36.0	37.0	38.0	39.0	40.0
Zdi-CDup_022-Ex1-7H-lcwgs-1-1.clmp.fp2_repr.R2	2.0	12.0	40.0	98.0	170.0	331.0	542.0	818.0	1126.0	1611.0	2229.0	3314.0	4756.0	8186.0	14219.0	35115.0	258130.0	324198.0
	25.0	26.0	27.0	28.0	29.0	30.0	31.0	32.0	33.0	34.0	35.0	36.0	37.0	38.0	39.0	40.0
Zdi-CDup_023-Ex1-8A-lcwgs-1-1.clmp.fp2_repr.R1	1.0	1.0	4.0	18.0	25.0	42.0	74.0	106.0	164.0	264.0	397.0	747.0	1367.0	3695.0	20795.0	23495.0
	24.0	25.0	26.0	27.0	28.0	29.0	30.0	31.0	32.0	33.0	34.0	35.0	36.0	37.0	38.0	39.0	40.0
Zdi-CDup_023-Ex1-8A-lcwgs-1-1.clmp.fp2_repr.R2	2.0	5.0	9.0	21.0	33.0	34.0	59.0	82.0	133.0	182.0	311.0	419.0	728.0	1303.0	3493.0	22928.0	21453.0
	26.0	27.0	28.0	29.0	30.0	31.0	32.0	33.0	34.0	35.0	36.0	37.0	38.0	39.0	40.0
Zdi-CDup_024-Ex1-8B-lcwgs-1-1.clmp.fp2_repr.R1	1.0	3.0	11.0	12.0	31.0	54.0	68.0	136.0	167.0	305.0	527.0	980.0	2483.0	15056.0	17949.0
	24.0	25.0	26.0	27.0	28.0	29.0	30.0	31.0	32.0	33.0	34.0	35.0	36.0	37.0	38.0	39.0	40.0
Zdi-CDup_024-Ex1-8B-lcwgs-1-1.clmp.fp2_repr.R2	3.0	3.0	7.0	11.0	22.0	42.0	44.0	88.0	102.0	116.0	199.0	328.0	558.0	949.0	2263.0	16114.0	16934.0
	25.0	26.0	27.0	28.0	29.0	30.0	31.0	32.0	33.0	34.0	35.0	36.0	37.0	38.0	39.0	40.0
Zdi-CDup_025-Ex1-8C-lcwgs-1-1.clmp.fp2_repr.R1	1.0	1.0	6.0	28.0	55.0	98.0	113.0	199.0	252.0	439.0	675.0	1191.0	2228.0	5438.0	32439.0	45778.0
	24.0	25.0	26.0	27.0	28.0	29.0	30.0	31.0	32.0	33.0	34.0	35.0	36.0	37.0	38.0	39.0	40.0
Zdi-CDup_025-Ex1-8C-lcwgs-1-1.clmp.fp2_repr.R2	2.0	3.0	14.0	23.0	53.0	62.0	108.0	169.0	218.0	342.0	437.0	715.0	1159.0	2032.0	4898.0	35553.0	43153.0
	25.0	26.0	27.0	28.0	29.0	30.0	31.0	32.0	33.0	34.0	35.0	36.0	37.0	38.0	39.0	40.0
Zdi-CDup_026-Ex1-8D-lcwgs-1-1.clmp.fp2_repr.R1	5.0	10.0	42.0	120.0	234.0	518.0	748.0	1117.0	1620.0	2482.0	3975.0	7142.0	12720.0	31581.0	192021.0	263401.0
	22.0	23.0	24.0	25.0	26.0	27.0	28.0	29.0	30.0	31.0	32.0	33.0	34.0	35.0	36.0	37.0	38.0	39.0	40.0
Zdi-CDup_026-Ex1-8D-lcwgs-1-1.clmp.fp2_repr.R2	1.0	2.0	12.0	39.0	89.0	188.0	260.0	423.0	697.0	1004.0	1318.0	1832.0	2791.0	4122.0	6861.0	11620.0	28726.0	208492.0	249259.0
	26.0	27.0	28.0	29.0	30.0	31.0	32.0	33.0	34.0	35.0	36.0	37.0	38.0	39.0	40.0
Zdi-CDup_027-Ex1-8E-lcwgs-1-1.clmp.fp2_repr.R1	2.0	4.0	5.0	30.0	26.0	72.0	111.0	145.0	249.0	379.0	746.0	1277.0	3319.0	18618.0	24485.0
	24.0	25.0	26.0	27.0	28.0	29.0	30.0	31.0	32.0	33.0	34.0	35.0	36.0	37.0	38.0	39.0	40.0
Zdi-CDup_027-Ex1-8E-lcwgs-1-1.clmp.fp2_repr.R2	2.0	2.0	8.0	16.0	24.0	32.0	46.0	96.0	111.0	183.0	247.0	411.0	645.0	1166.0	3034.0	19987.0	23458.0
	26.0	27.0	28.0	29.0	30.0	31.0	32.0	33.0	34.0	35.0	36.0	37.0	38.0	39.0	40.0
Zdi-CDup_028-Ex1-8F-lcwgs-1-1.clmp.fp2_repr.R1	3.0	17.0	30.0	54.0	108.0	178.0	242.0	373.0	578.0	947.0	1731.0	3056.0	7443.0	48002.0	57061.0
	24.0	25.0	26.0	27.0	28.0	29.0	30.0	31.0	32.0	33.0	34.0	35.0	36.0	37.0	38.0	39.0	40.0
Zdi-CDup_028-Ex1-8F-lcwgs-1-1.clmp.fp2_repr.R2	2.0	13.0	21.0	36.0	62.0	131.0	158.0	234.0	352.0	449.0	697.0	1046.0	1708.0	3048.0	7399.0	53546.0	50921.0
	25.0	26.0	27.0	28.0	29.0	30.0	31.0	32.0	33.0	34.0	35.0	36.0	37.0	38.0	39.0	40.0
Zdi-CDup_029-Ex1-8G-lcwgs-1-1.clmp.fp2_repr.R1	1.0	3.0	8.0	20.0	42.0	87.0	142.0	192.0	303.0	530.0	799.0	1491.0	2616.0	6570.0	41886.0	47739.0
	24.0	25.0	26.0	27.0	28.0	29.0	30.0	31.0	32.0	33.0	34.0	35.0	36.0	37.0	38.0	39.0	40.0
Zdi-CDup_029-Ex1-8G-lcwgs-1-1.clmp.fp2_repr.R2	4.0	12.0	16.0	34.0	67.0	78.0	144.0	187.0	300.0	409.0	600.0	942.0	1466.0	2606.0	6256.0	47501.0	41807.0
	25.0	26.0	27.0	28.0	29.0	30.0	31.0	32.0	33.0	34.0	35.0	36.0	37.0	38.0	39.0	40.0
Zdi-CDup_030-Ex1-8H-lcwgs-1-1.clmp.fp2_repr.R1	1.0	0.0	3.0	4.0	22.0	22.0	19.0	42.0	76.0	130.0	178.0	317.0	599.0	1541.0	9077.0	10892.0
	23.0	24.0	25.0	26.0	27.0	28.0	29.0	30.0	31.0	32.0	33.0	34.0	35.0	36.0	37.0	38.0	39.0	40.0
Zdi-CDup_030-Ex1-8H-lcwgs-1-1.clmp.fp2_repr.R2	1.0	0.0	2.0	4.0	13.0	11.0	22.0	29.0	33.0	51.0	76.0	138.0	175.0	300.0	561.0	1428.0	9814.0	10265.0
	24.0	25.0	26.0	27.0	28.0	29.0	30.0	31.0	32.0	33.0	34.0	35.0	36.0	37.0	38.0	39.0	40.0
Zdi-CDup_031-Ex1-9A-lcwgs-1-1.clmp.fp2_repr.R1	2.0	23.0	90.0	282.0	758.0	1543.0	2718.0	4159.0	6726.0	9552.0	14457.0	22650.0	39713.0	67976.0	165384.0	1017240.0	1300410.0
	22.0	23.0	24.0	25.0	26.0	27.0	28.0	29.0	30.0	31.0	32.0	33.0	34.0	35.0	36.0	37.0	38.0	39.0	40.0
Zdi-CDup_031-Ex1-9A-lcwgs-1-1.clmp.fp2_repr.R2	1.0	11.0	75.0	219.0	524.0	857.0	1523.0	2500.0	3790.0	5176.0	7620.0	10442.0	15440.0	22444.0	37672.0	62296.0	148585.0	1097443.0	1237065.0
	25.0	26.0	27.0	28.0	29.0	30.0	31.0	32.0	33.0	34.0	35.0	36.0	37.0	38.0	39.0	40.0
Zdi-CDup_032-Ex1-9B-lcwgs-1-1.clmp.fp2_repr.R1	1.0	9.0	26.0	44.0	92.0	198.0	259.0	411.0	595.0	921.0	1447.0	2637.0	4630.0	11190.0	65972.0	86724.0
	24.0	25.0	26.0	27.0	28.0	29.0	30.0	31.0	32.0	33.0	34.0	35.0	36.0	37.0	38.0	39.0	40.0
Zdi-CDup_032-Ex1-9B-lcwgs-1-1.clmp.fp2_repr.R2	6.0	18.0	28.0	55.0	103.0	150.0	212.0	280.0	453.0	656.0	959.0	1387.0	2209.0	3872.0	9382.0	66773.0	88613.0
	24.0	25.0	26.0	27.0	28.0	29.0	30.0	31.0	32.0	33.0	34.0	35.0	36.0	37.0	38.0	39.0	40.0
Zdi-CDup_033-Ex1-9C-lcwgs-1-1.clmp.fp2_repr.R1	2.0	6.0	18.0	108.0	247.0	530.0	959.0	1415.0	2196.0	3144.0	4813.0	7555.0	13160.0	23181.0	56474.0	328690.0	488122.0
	23.0	24.0	25.0	26.0	27.0	28.0	29.0	30.0	31.0	32.0	33.0	34.0	35.0	36.0	37.0	38.0	39.0	40.0
Zdi-CDup_033-Ex1-9C-lcwgs-1-1.clmp.fp2_repr.R2	4.0	25.0	70.0	150.0	287.0	510.0	798.0	1289.0	1652.0	2406.0	3215.0	4630.0	6805.0	11587.0	19255.0	46682.0	338279.0	492976.0
	24.0	25.0	26.0	27.0	28.0	29.0	30.0	31.0	32.0	33.0	34.0	35.0	36.0	37.0	38.0	39.0	40.0
Zdi-CDup_034-Ex1-9D-lcwgs-1-1.clmp.fp2_repr.R1	2.0	16.0	86.0	243.0	642.0	1220.0	2305.0	3493.0	5389.0	7791.0	12036.0	18818.0	32980.0	57268.0	139585.0	838547.0	1104905.0
	22.0	23.0	24.0	25.0	26.0	27.0	28.0	29.0	30.0	31.0	32.0	33.0	34.0	35.0	36.0	37.0	38.0	39.0	40.0
Zdi-CDup_034-Ex1-9D-lcwgs-1-1.clmp.fp2_repr.R2	3.0	10.0	54.0	169.0	388.0	709.0	1246.0	2007.0	3128.0	4093.0	6013.0	7931.0	12065.0	17613.0	29550.0	49304.0	118955.0	863109.0	1108979.0
	25.0	26.0	27.0	28.0	29.0	30.0	31.0	32.0	33.0	34.0	35.0	36.0	37.0	38.0	39.0	40.0
Zdi-CDup_035-Ex1-9E-lcwgs-1-1.clmp.fp2_repr.R1	2.0	17.0	42.0	96.0	193.0	363.0	564.0	841.0	1251.0	2097.0	3112.0	5566.0	9992.0	23969.0	146028.0	190928.0
	22.0	23.0	24.0	25.0	26.0	27.0	28.0	29.0	30.0	31.0	32.0	33.0	34.0	35.0	36.0	37.0	38.0	39.0	40.0
Zdi-CDup_035-Ex1-9E-lcwgs-1-1.clmp.fp2_repr.R2	1.0	5.0	1.0	38.0	73.0	136.0	213.0	342.0	550.0	651.0	978.0	1412.0	2026.0	2909.0	5120.0	8482.0	21001.0	152844.0	188279.0
	25.0	26.0	27.0	28.0	29.0	30.0	31.0	32.0	33.0	34.0	35.0	36.0	37.0	38.0	39.0	40.0
Zdi-CDup_036-Ex1-9F-lcwgs-1-1.clmp.fp2_repr.R1	2.0	7.0	13.0	32.0	68.0	125.0	172.0	308.0	392.0	628.0	1003.0	1789.0	2986.0	7228.0	43473.0	57094.0
	24.0	25.0	26.0	27.0	28.0	29.0	30.0	31.0	32.0	33.0	34.0	35.0	36.0	37.0	38.0	39.0	40.0
Zdi-CDup_036-Ex1-9F-lcwgs-1-1.clmp.fp2_repr.R2	8.0	11.0	17.0	29.0	59.0	111.0	147.0	196.0	286.0	405.0	638.0	915.0	1526.0	2528.0	6178.0	44852.0	57414.0
	24.0	25.0	26.0	27.0	28.0	29.0	30.0	31.0	32.0	33.0	34.0	35.0	36.0	37.0	38.0	39.0	40.0
Zdi-CDup_037-Ex1-9G-lcwgs-1-1.clmp.fp2_repr.R1	1.0	3.0	20.0	39.0	116.0	194.0	430.0	627.0	1012.0	1369.0	2215.0	3498.0	6061.0	10439.0	26159.0	159007.0	204293.0
	23.0	24.0	25.0	26.0	27.0	28.0	29.0	30.0	31.0	32.0	33.0	34.0	35.0	36.0	37.0	38.0	39.0	40.0
Zdi-CDup_037-Ex1-9G-lcwgs-1-1.clmp.fp2_repr.R2	1.0	5.0	33.0	77.0	152.0	240.0	375.0	588.0	850.0	1081.0	1501.0	2309.0	3320.0	5514.0	9308.0	22749.0	168060.0	199320.0
	23.0	24.0	25.0	26.0	27.0	28.0	29.0	30.0	31.0	32.0	33.0	34.0	35.0	36.0	37.0	38.0	39.0	40.0
Zdi-CDup_038-Ex1-9H-lcwgs-1-1.clmp.fp2_repr.R1	1.0	0.0	1.0	13.0	23.0	47.0	101.0	181.0	266.0	439.0	635.0	923.0	1432.0	2545.0	4553.0	11566.0	66588.0	89716.0
	23.0	24.0	25.0	26.0	27.0	28.0	29.0	30.0	31.0	32.0	33.0	34.0	35.0	36.0	37.0	38.0	39.0	40.0
Zdi-CDup_038-Ex1-9H-lcwgs-1-1.clmp.fp2_repr.R2	1.0	4.0	16.0	36.0	43.0	98.0	138.0	241.0	318.0	395.0	609.0	886.0	1294.0	2183.0	3853.0	9309.0	67526.0	92080.0
	25.0	26.0	27.0	28.0	29.0	30.0	31.0	32.0	33.0	34.0	35.0	36.0	37.0	38.0	39.0	40.0
Zdi-CDup_039-Ex1-10A-lcwgs-1-1.clmp.fp2_repr.R1	2.0	7.0	25.0	47.0	97.0	159.0	258.0	442.0	718.0	1105.0	1753.0	3247.0	6018.0	15404.0	90976.0	95408.0
	23.0	24.0	25.0	26.0	27.0	28.0	29.0	30.0	31.0	32.0	33.0	34.0	35.0	36.0	37.0	38.0	39.0	40.0
Zdi-CDup_039-Ex1-10A-lcwgs-1-1.clmp.fp2_repr.R2	2.0	8.0	17.0	39.0	72.0	137.0	189.0	300.0	457.0	681.0	885.0	1352.0	2071.0	3560.0	6272.0	16206.0	101996.0	81422.0
	25.0	26.0	27.0	28.0	29.0	30.0	31.0	32.0	33.0	34.0	35.0	36.0	37.0	38.0	39.0	40.0
Zdi-CDup_040-Ex1-10B-lcwgs-1-1.clmp.fp2_repr.R1	3.0	5.0	16.0	45.0	98.0	161.0	260.0	395.0	574.0	989.0	1460.0	2681.0	4826.0	12577.0	73339.0	102498.0
	24.0	25.0	26.0	27.0	28.0	29.0	30.0	31.0	32.0	33.0	34.0	35.0	36.0	37.0	38.0	39.0	40.0
Zdi-CDup_040-Ex1-10B-lcwgs-1-1.clmp.fp2_repr.R2	3.0	21.0	42.0	55.0	107.0	168.0	253.0	353.0	516.0	682.0	1006.0	1514.0	2531.0	4446.0	11691.0	79248.0	97291.0
	24.0	25.0	26.0	27.0	28.0	29.0	30.0	31.0	32.0	33.0	34.0	35.0	36.0	37.0	38.0	39.0	40.0
Zdi-CDup_041-Ex1-10C-lcwgs-1-1.clmp.fp2_repr.R1	2.0	2.0	18.0	59.0	98.0	240.0	427.0	590.0	1010.0	1434.0	2294.0	3686.0	6621.0	11682.0	29426.0	168445.0	255372.0
	23.0	24.0	25.0	26.0	27.0	28.0	29.0	30.0	31.0	32.0	33.0	34.0	35.0	36.0	37.0	38.0	39.0	40.0
Zdi-CDup_041-Ex1-10C-lcwgs-1-1.clmp.fp2_repr.R2	1.0	7.0	38.0	83.0	162.0	267.0	399.0	667.0	940.0	1359.0	1729.0	2476.0	3754.0	6505.0	11163.0	27890.0	185969.0	237997.0
	24.0	25.0	26.0	27.0	28.0	29.0	30.0	31.0	32.0	33.0	34.0	35.0	36.0	37.0	38.0	39.0	40.0
Zdi-CDup_042-Ex1-10D-lcwgs-1-1.clmp.fp2_repr.R1	2.0	19.0	68.0	204.0	545.0	1087.0	2099.0	3164.0	5111.0	7502.0	11714.0	19211.0	34183.0	60503.0	152179.0	926685.0	1146157.0
	23.0	24.0	25.0	26.0	27.0	28.0	29.0	30.0	31.0	32.0	33.0	34.0	35.0	36.0	37.0	38.0	39.0	40.0
Zdi-CDup_042-Ex1-10D-lcwgs-1-1.clmp.fp2_repr.R2	19.0	67.0	202.0	512.0	913.0	1484.0	2380.0	3644.0	5012.0	7190.0	9697.0	14346.0	21437.0	35980.0	61194.0	151982.0	1032849.0	1021525.0
	24.0	25.0	26.0	27.0	28.0	29.0	30.0	31.0	32.0	33.0	34.0	35.0	36.0	37.0	38.0	39.0	40.0
Zdi-CDup_043-Ex1-10E-lcwgs-1-1.clmp.fp2_repr.R1	6.0	40.0	128.0	396.0	927.0	1987.0	3803.0	5856.0	9635.0	14442.0	23363.0	37522.0	67473.0	119636.0	298018.0	1876259.0	1923521.0
	22.0	23.0	24.0	25.0	26.0	27.0	28.0	29.0	30.0	31.0	32.0	33.0	34.0	35.0	36.0	37.0	38.0	39.0	40.0
Zdi-CDup_043-Ex1-10E-lcwgs-1-1.clmp.fp2_repr.R2	2.0	35.0	147.0	530.0	1118.0	1857.0	3186.0	5046.0	7564.0	10690.0	15602.0	21631.0	31757.0	47626.0	78817.0	132983.0	327914.0	2141559.0	1554948.0
	26.0	27.0	28.0	29.0	30.0	31.0	32.0	33.0	34.0	35.0	36.0	37.0	38.0	39.0	40.0
Zdi-CDup_044-Ex1-10F-lcwgs-1-1.clmp.fp2_repr.R1	4.0	6.0	22.0	53.0	93.0	139.0	242.0	352.0	550.0	859.0	1557.0	2845.0	7233.0	42470.0	56914.0
	23.0	24.0	25.0	26.0	27.0	28.0	29.0	30.0	31.0	32.0	33.0	34.0	35.0	36.0	37.0	38.0	39.0	40.0
Zdi-CDup_044-Ex1-10F-lcwgs-1-1.clmp.fp2_repr.R2	1.0	4.0	13.0	20.0	41.0	78.0	95.0	134.0	186.0	294.0	426.0	572.0	907.0	1561.0	2624.0	6978.0	46543.0	52862.0
	25.0	26.0	27.0	28.0	29.0	30.0	31.0	32.0	33.0	34.0	35.0	36.0	37.0	38.0	39.0	40.0
Zdi-CDup_045-Ex1-10G-lcwgs-1-1.clmp.fp2_repr.R1	7.0	32.0	76.0	189.0	351.0	617.0	1038.0	1604.0	2267.0	3600.0	6116.0	10848.0	19259.0	49048.0	291075.0	400916.0
	23.0	24.0	25.0	26.0	27.0	28.0	29.0	30.0	31.0	32.0	33.0	34.0	35.0	36.0	37.0	38.0	39.0	40.0
Zdi-CDup_045-Ex1-10G-lcwgs-1-1.clmp.fp2_repr.R2	3.0	21.0	66.0	156.0	230.0	476.0	704.0	1104.0	1501.0	2163.0	2914.0	4302.0	6363.0	10712.0	18549.0	47173.0	325624.0	364982.0
	25.0	26.0	27.0	28.0	29.0	30.0	31.0	32.0	33.0	34.0	35.0	36.0	37.0	38.0	39.0	40.0
Zdi-CDup_046-Ex1-10H-lcwgs-1-1.clmp.fp2_repr.R1	4.0	10.0	39.0	84.0	173.0	311.0	494.0	803.0	1236.0	1864.0	3089.0	5456.0	9813.0	24902.0	148911.0	196422.0
	23.0	24.0	25.0	26.0	27.0	28.0	29.0	30.0	31.0	32.0	33.0	34.0	35.0	36.0	37.0	38.0	39.0	40.0
Zdi-CDup_046-Ex1-10H-lcwgs-1-1.clmp.fp2_repr.R2	3.0	10.0	34.0	87.0	137.0	223.0	359.0	571.0	790.0	1051.0	1486.0	2173.0	3157.0	5477.0	9503.0	24120.0	164387.0	180043.0
	24.0	25.0	26.0	27.0	28.0	29.0	30.0	31.0	32.0	33.0	34.0	35.0	36.0	37.0	38.0	39.0	40.0
Zdi-CDup_047-Ex1-11A-lcwgs-1-1.clmp.fp2_repr.R1	10.0	54.0	243.0	754.0	1914.0	3938.0	7204.0	11020.0	17084.0	24604.0	37965.0	60141.0	105531.0	185771.0	454284.0	2567259.0	3504035.0
	22.0	23.0	24.0	25.0	26.0	27.0	28.0	29.0	30.0	31.0	32.0	33.0	34.0	35.0	36.0	37.0	38.0	39.0	40.0
Zdi-CDup_047-Ex1-11A-lcwgs-1-1.clmp.fp2_repr.R2	3.0	34.0	160.0	582.0	1296.0	2450.0	4447.0	6893.0	10630.0	14548.0	20473.0	27550.0	39268.0	58544.0	97723.0	163371.0	400903.0	2726826.0	3406110.0
	26.0	27.0	28.0	29.0	30.0	31.0	32.0	33.0	34.0	35.0	36.0	37.0	38.0	39.0	40.0
Zdi-CDup_048-Ex1-11B-lcwgs-1-1.clmp.fp2_repr.R1	8.0	23.0	38.0	74.0	129.0	192.0	309.0	427.0	684.0	1025.0	1947.0	3385.0	8898.0	49607.0	64268.0
	23.0	24.0	25.0	26.0	27.0	28.0	29.0	30.0	31.0	32.0	33.0	34.0	35.0	36.0	37.0	38.0	39.0	40.0
Zdi-CDup_048-Ex1-11B-lcwgs-1-1.clmp.fp2_repr.R2	1.0	4.0	12.0	20.0	43.0	75.0	111.0	150.0	233.0	340.0	430.0	651.0	1015.0	1753.0	2944.0	7398.0	51692.0	64142.0
	25.0	26.0	27.0	28.0	29.0	30.0	31.0	32.0	33.0	34.0	35.0	36.0	37.0	38.0	39.0	40.0
Zdi-CDup_049-Ex1-11C-lcwgs-1-1.clmp.fp2_repr.R1	1.0	2.0	21.0	45.0	95.0	166.0	218.0	377.0	540.0	838.0	1319.0	2423.0	4388.0	10963.0	63288.0	81826.0
	23.0	24.0	25.0	26.0	27.0	28.0	29.0	30.0	31.0	32.0	33.0	34.0	35.0	36.0	37.0	38.0	39.0	40.0
Zdi-CDup_049-Ex1-11C-lcwgs-1-1.clmp.fp2_repr.R2	2.0	5.0	16.0	38.0	56.0	103.0	152.0	198.0	304.0	456.0	604.0	874.0	1325.0	2255.0	3816.0	9832.0	66630.0	79844.0
	24.0	25.0	26.0	27.0	28.0	29.0	30.0	31.0	32.0	33.0	34.0	35.0	36.0	37.0	38.0	39.0	40.0
Zdi-CDup_050-Ex1-11D-lcwgs-1-1.clmp.fp2_repr.R1	1.0	3.0	20.0	40.0	69.0	147.0	236.0	357.0	492.0	732.0	1235.0	1978.0	3435.0	6471.0	16375.0	90387.0	111361.0
	23.0	24.0	25.0	26.0	27.0	28.0	29.0	30.0	31.0	32.0	33.0	34.0	35.0	36.0	37.0	38.0	39.0	40.0
Zdi-CDup_050-Ex1-11D-lcwgs-1-1.clmp.fp2_repr.R2	1.0	4.0	10.0	39.0	66.0	141.0	230.0	299.0	428.0	576.0	788.0	1202.0	1773.0	3150.0	5576.0	14217.0	93540.0	111299.0
	25.0	26.0	27.0	28.0	29.0	30.0	31.0	32.0	33.0	34.0	35.0	36.0	37.0	38.0	39.0	40.0
Zdi-CDup_051-Ex1-11E-lcwgs-1-1.clmp.fp2_repr.R1	2.0	7.0	17.0	48.0	85.0	140.0	223.0	379.0	537.0	861.0	1391.0	2535.0	4420.0	11686.0	66468.0	77038.0
	24.0	25.0	26.0	27.0	28.0	29.0	30.0	31.0	32.0	33.0	34.0	35.0	36.0	37.0	38.0	39.0	40.0
Zdi-CDup_051-Ex1-11E-lcwgs-1-1.clmp.fp2_repr.R2	6.0	10.0	32.0	51.0	114.0	129.0	232.0	316.0	452.0	606.0	852.0	1403.0	2378.0	4287.0	10648.0	70412.0	73909.0
	25.0	26.0	27.0	28.0	29.0	30.0	31.0	32.0	33.0	34.0	35.0	36.0	37.0	38.0	39.0	40.0
Zdi-CDup_053-Ex1-11F-lcwgs-1-1.clmp.fp2_repr.R1	1.0	3.0	7.0	22.0	29.0	44.0	59.0	106.0	180.0	289.0	429.0	860.0	1436.0	3649.0	21186.0	25140.0
	24.0	25.0	26.0	27.0	28.0	29.0	30.0	31.0	32.0	33.0	34.0	35.0	36.0	37.0	38.0	39.0	40.0
Zdi-CDup_053-Ex1-11F-lcwgs-1-1.clmp.fp2_repr.R2	3.0	4.0	11.0	14.0	31.0	55.0	60.0	105.0	137.0	192.0	248.0	405.0	719.0	1240.0	3209.0	22127.0	24880.0
	24.0	25.0	26.0	27.0	28.0	29.0	30.0	31.0	32.0	33.0	34.0	35.0	36.0	37.0	38.0	39.0	40.0
Zdi-CDup_054-Ex1-11G-lcwgs-1-1.clmp.fp2_repr.R1	3.0	3.0	20.0	51.0	115.0	219.0	401.0	639.0	1040.0	1398.0	2131.0	3419.0	6114.0	10825.0	27035.0	144193.0	235532.0
	23.0	24.0	25.0	26.0	27.0	28.0	29.0	30.0	31.0	32.0	33.0	34.0	35.0	36.0	37.0	38.0	39.0	40.0
Zdi-CDup_054-Ex1-11G-lcwgs-1-1.clmp.fp2_repr.R2	1.0	10.0	38.0	80.0	140.0	263.0	428.0	633.0	810.0	1099.0	1479.0	2050.0	3033.0	5208.0	8907.0	22601.0	150949.0	235409.0
	26.0	27.0	28.0	29.0	30.0	31.0	32.0	33.0	34.0	35.0	36.0	37.0	38.0	39.0	40.0
Zdi-CDup_055-Ex1-11H-lcwgs-1-1.clmp.fp2_repr.R1	4.0	5.0	10.0	40.0	33.0	76.0	124.0	187.0	294.0	456.0	832.0	1565.0	4053.0	22061.0	24081.0
	24.0	25.0	26.0	27.0	28.0	29.0	30.0	31.0	32.0	33.0	34.0	35.0	36.0	37.0	38.0	39.0	40.0
Zdi-CDup_055-Ex1-11H-lcwgs-1-1.clmp.fp2_repr.R2	4.0	3.0	7.0	22.0	29.0	45.0	80.0	96.0	129.0	170.0	265.0	423.0	737.0	1377.0	3549.0	22962.0	23923.0
	24.0	25.0	26.0	27.0	28.0	29.0	30.0	31.0	32.0	33.0	34.0	35.0	36.0	37.0	38.0	39.0	40.0
Zdi-CDup_056-Ex1-12A-lcwgs-1-1.clmp.fp2_repr.R1	9.0	29.0	162.0	416.0	1060.0	2232.0	3973.0	6190.0	9854.0	14718.0	23224.0	37012.0	64765.0	114192.0	281272.0	1851268.0	1750510.0
	22.0	23.0	24.0	25.0	26.0	27.0	28.0	29.0	30.0	31.0	32.0	33.0	34.0	35.0	36.0	37.0	38.0	39.0	40.0
Zdi-CDup_056-Ex1-12A-lcwgs-1-1.clmp.fp2_repr.R2	3.0	37.0	212.0	516.0	1045.0	1755.0	3062.0	4574.0	6849.0	9703.0	14317.0	20267.0	29905.0	44609.0	73134.0	122694.0	299944.0	2106305.0	1421955.0
	25.0	26.0	27.0	28.0	29.0	30.0	31.0	32.0	33.0	34.0	35.0	36.0	37.0	38.0	39.0	40.0
Zdi-CDup_057-Ex1-12B-lcwgs-1-1.clmp.fp2_repr.R1	8.0	25.0	87.0	189.0	407.0	725.0	1139.0	1831.0	2582.0	4200.0	6428.0	11450.0	20129.0	49100.0	305596.0	362487.0
	23.0	24.0	25.0	26.0	27.0	28.0	29.0	30.0	31.0	32.0	33.0	34.0	35.0	36.0	37.0	38.0	39.0	40.0
Zdi-CDup_057-Ex1-12B-lcwgs-1-1.clmp.fp2_repr.R2	2.0	29.0	70.0	186.0	278.0	470.0	708.0	1084.0	1588.0	2183.0	3209.0	4663.0	6897.0	11426.0	19100.0	46055.0	328683.0	339752.0
	23.0	24.0	25.0	26.0	27.0	28.0	29.0	30.0	31.0	32.0	33.0	34.0	35.0	36.0	37.0	38.0	39.0	40.0
Zdi-CDup_058-Ex1-12C-lcwgs-1-1.clmp.fp2_repr.R1	1.0	7.0	42.0	127.0	381.0	1038.0	2175.0	3904.0	5874.0	9095.0	12577.0	19587.0	30438.0	53772.0	92678.0	226678.0	1324915.0	2057763.0
	22.0	23.0	24.0	25.0	26.0	27.0	28.0	29.0	30.0	31.0	32.0	33.0	34.0	35.0	36.0	37.0	38.0	39.0	40.0
Zdi-CDup_058-Ex1-12C-lcwgs-1-1.clmp.fp2_repr.R2	1.0	17.0	85.0	265.0	698.0	1235.0	2234.0	3440.0	5280.0	7079.0	9971.0	13345.0	19460.0	28470.0	47961.0	80405.0	195145.0	1405970.0	2019991.0
	24.0	25.0	26.0	27.0	28.0	29.0	30.0	31.0	32.0	33.0	34.0	35.0	36.0	37.0	38.0	39.0	40.0
Zdi-CDup_059-Ex1-12D-lcwgs-1-1.clmp.fp2_repr.R1	1.0	11.0	35.0	64.0	157.0	304.0	584.0	1003.0	1470.0	2116.0	3359.0	5266.0	9718.0	17020.0	42907.0	276514.0	257513.0
	23.0	24.0	25.0	26.0	27.0	28.0	29.0	30.0	31.0	32.0	33.0	34.0	35.0	36.0	37.0	38.0	39.0	40.0
Zdi-CDup_059-Ex1-12D-lcwgs-1-1.clmp.fp2_repr.R2	3.0	27.0	80.0	170.0	276.0	455.0	614.0	955.0	1314.0	1967.0	2761.0	4108.0	6109.0	10291.0	17429.0	43351.0	304828.0	223304.0
	25.0	26.0	27.0	28.0	29.0	30.0	31.0	32.0	33.0	34.0	35.0	36.0	37.0	38.0	39.0	40.0
Zdi-CDup_060-Ex1-12E-lcwgs-1-1.clmp.fp2_repr.R1	3.0	4.0	21.0	39.0	62.0	141.0	202.0	305.0	468.0	726.0	1109.0	2103.0	3843.0	9810.0	56273.0	59510.0
	23.0	24.0	25.0	26.0	27.0	28.0	29.0	30.0	31.0	32.0	33.0	34.0	35.0	36.0	37.0	38.0	39.0	40.0
Zdi-CDup_060-Ex1-12E-lcwgs-1-1.clmp.fp2_repr.R2	1.0	7.0	14.0	34.0	45.0	102.0	140.0	180.0	241.0	345.0	487.0	748.0	1122.0	1934.0	3548.0	9036.0	59320.0	57315.0
	24.0	25.0	26.0	27.0	28.0	29.0	30.0	31.0	32.0	33.0	34.0	35.0	36.0	37.0	38.0	39.0	40.0
Zdi-CDup_061-Ex1-12F-lcwgs-1-1.clmp.fp2_repr.R1	3.0	18.0	65.0	181.0	455.0	864.0	1505.0	2403.0	3591.0	4936.0	7593.0	11895.0	20680.0	36203.0	88041.0	497593.0	800028.0
	22.0	23.0	24.0	25.0	26.0	27.0	28.0	29.0	30.0	31.0	32.0	33.0	34.0	35.0	36.0	37.0	38.0	39.0	40.0
Zdi-CDup_061-Ex1-12F-lcwgs-1-1.clmp.fp2_repr.R2	1.0	5.0	31.0	115.0	251.0	487.0	815.0	1303.0	1907.0	2557.0	3715.0	4679.0	7030.0	10513.0	17439.0	29360.0	71017.0	504935.0	819894.0
	25.0	26.0	27.0	28.0	29.0	30.0	31.0	32.0	33.0	34.0	35.0	36.0	37.0	38.0	39.0	40.0
Zdi-CDup_062-Ex1-12G-lcwgs-1-1.clmp.fp2_repr.R1	1.0	4.0	24.0	64.0	88.0	170.0	215.0	366.0	541.0	847.0	1355.0	2491.0	4415.0	10961.0	63502.0	80251.0
	22.0	23.0	24.0	25.0	26.0	27.0	28.0	29.0	30.0	31.0	32.0	33.0	34.0	35.0	36.0	37.0	38.0	39.0	40.0
Zdi-CDup_062-Ex1-12G-lcwgs-1-1.clmp.fp2_repr.R2	1.0	1.0	4.0	8.0	36.0	52.0	121.0	169.0	184.0	286.0	443.0	597.0	878.0	1264.0	2177.0	3844.0	9799.0	66952.0	78479.0
	24.0	25.0	26.0	27.0	28.0	29.0	30.0	31.0	32.0	33.0	34.0	35.0	36.0	37.0	38.0	39.0	40.0
Zdi-CDup_064-Ex1-5A-lcwgs-1-1.clmp.fp2_repr.R1	1.0	4.0	47.0	112.0	328.0	760.0	1283.0	1931.0	3233.0	4715.0	7351.0	11753.0	20242.0	35884.0	88559.0	603067.0	605768.0
	22.0	23.0	24.0	25.0	26.0	27.0	28.0	29.0	30.0	31.0	32.0	33.0	34.0	35.0	36.0	37.0	38.0	39.0	40.0
Zdi-CDup_064-Ex1-5A-lcwgs-1-1.clmp.fp2_repr.R2	1.0	13.0	40.0	133.0	257.0	456.0	829.0	1279.0	2039.0	2884.0	4266.0	6087.0	8978.0	13131.0	21788.0	37668.0	92188.0	697103.0	495898.0
	26.0	27.0	28.0	29.0	30.0	31.0	32.0	33.0	34.0	35.0	36.0	37.0	38.0	39.0	40.0
Zdi-CDup_065-Ex1-5B-lcwgs-1-1.clmp.fp2_repr.R1	8.0	35.0	60.0	159.0	305.0	469.0	640.0	910.0	1507.0	2285.0	4108.0	7089.0	17255.0	109024.0	139355.0
	23.0	24.0	25.0	26.0	27.0	28.0	29.0	30.0	31.0	32.0	33.0	34.0	35.0	36.0	37.0	38.0	39.0	40.0
Zdi-CDup_065-Ex1-5B-lcwgs-1-1.clmp.fp2_repr.R2	1.0	6.0	13.0	43.0	89.0	148.0	228.0	384.0	526.0	717.0	1052.0	1659.0	2299.0	3858.0	6665.0	15903.0	118707.0	130911.0
	24.0	25.0	26.0	27.0	28.0	29.0	30.0	31.0	32.0	33.0	34.0	35.0	36.0	37.0	38.0	39.0	40.0
Zdi-CDup_066-Ex1-5C-lcwgs-1-1.clmp.fp2_repr.R1	3.0	24.0	89.0	282.0	748.0	1417.0	2678.0	4107.0	6252.0	9051.0	14014.0	21978.0	37748.0	63757.0	148692.0	858210.0	1240621.0
	22.0	23.0	24.0	25.0	26.0	27.0	28.0	29.0	30.0	31.0	32.0	33.0	34.0	35.0	36.0	37.0	38.0	39.0	40.0
Zdi-CDup_066-Ex1-5C-lcwgs-1-1.clmp.fp2_repr.R2	1.0	16.0	70.0	207.0	464.0	858.0	1602.0	2602.0	3892.0	5380.0	7733.0	10407.0	15580.0	22753.0	37150.0	60131.0	136760.0	939890.0	1164175.0
	25.0	26.0	27.0	28.0	29.0	30.0	31.0	32.0	33.0	34.0	35.0	36.0	37.0	38.0	39.0	40.0
Zdi-CDup_071-Ex1-12H-lcwgs-1-1.clmp.fp2_repr.R1	5.0	11.0	26.0	76.0	135.0	273.0	420.0	691.0	961.0	1543.0	2308.0	4237.0	7420.0	18273.0	112084.0	129913.0
	23.0	24.0	25.0	26.0	27.0	28.0	29.0	30.0	31.0	32.0	33.0	34.0	35.0	36.0	37.0	38.0	39.0	40.0
Zdi-CDup_071-Ex1-12H-lcwgs-1-1.clmp.fp2_repr.R2	1.0	7.0	27.0	64.0	89.0	151.0	244.0	427.0	551.0	849.0	1037.0	1647.0	2414.0	4031.0	6985.0	17015.0	120673.0	122164.0

