	16.0	17.0	18.0	19.0	20.0	21.0	22.0	23.0	24.0	25.0	26.0	27.0	28.0	29.0	30.0	31.0	32.0	33.0	34.0	35.0	36.0	37.0	38.0	39.0	40.0
Zdi-ADup_001-Ex1-11B-lcwgs-1-1.1	2.0	105.0	1592.0	8322.0	18789.0	24826.0	31997.0	38353.0	47437.0	54693.0	66722.0	78927.0	101507.0	134421.0	208134.0	414695.0	1106294.0	1903410.0	2456815.0	2493935.0	1787264.0	1683178.0	2018633.0	4922183.0	2284318.0
	14.0	15.0	16.0	17.0	18.0	19.0	20.0	21.0	22.0	23.0	24.0	25.0	26.0	27.0	28.0	29.0	30.0	31.0	32.0	33.0	34.0	35.0	36.0	37.0	38.0	39.0	40.0
Zdi-ADup_001-Ex1-11B-lcwgs-1-1.2	11.0	290.0	3453.0	15827.0	36420.0	46441.0	46410.0	41398.0	43526.0	47557.0	57444.0	68158.0	87916.0	113336.0	161211.0	221357.0	323763.0	433320.0	587630.0	744333.0	991099.0	1306024.0	2023804.0	2982300.0	4235640.0	6090918.0	1176966.0
	17.0	18.0	19.0	20.0	21.0	22.0	23.0	24.0	25.0	26.0	27.0	28.0	29.0	30.0	31.0	32.0	33.0	34.0	35.0	36.0	37.0	38.0	39.0	40.0
Zdi-ADup_002-Ex1-9G-lcwgs-1-1.1	62.0	1276.0	6721.0	14546.0	18919.0	23714.0	28303.0	35289.0	40873.0	50238.0	60644.0	79427.0	106815.0	160320.0	280559.0	706407.0	1482236.0	2386695.0	2863596.0	2241831.0	1672900.0	1838196.0	3044824.0	1401052.0
	13.0	14.0	15.0	16.0	17.0	18.0	19.0	20.0	21.0	22.0	23.0	24.0	25.0	26.0	27.0	28.0	29.0	30.0	31.0	32.0	33.0	34.0	35.0	36.0	37.0	38.0	39.0	40.0
Zdi-ADup_002-Ex1-9G-lcwgs-1-1.2	1.0	7.0	146.0	2077.0	10028.0	24635.0	33386.0	35067.0	32279.0	35585.0	40452.0	49962.0	59879.0	81156.0	106411.0	154212.0	215648.0	320848.0	436417.0	597398.0	758114.0	988671.0	1266369.0	2029154.0	2909532.0	3656984.0	4041572.0	659453.0
	17.0	18.0	19.0	20.0	21.0	22.0	23.0	24.0	25.0	26.0	27.0	28.0	29.0	30.0	31.0	32.0	33.0	34.0	35.0	36.0	37.0	38.0	39.0	40.0
Zdi-ADup_003-Ex1-9H-lcwgs-1-1.1	62.0	1008.0	5519.0	12942.0	18933.0	25405.0	31252.0	39192.0	45892.0	56586.0	68884.0	91911.0	123594.0	190672.0	339373.0	868134.0	1811964.0	2794435.0	3187725.0	2433908.0	1787453.0	1971025.0	3342940.0	1515048.0
	14.0	15.0	16.0	17.0	18.0	19.0	20.0	21.0	22.0	23.0	24.0	25.0	26.0	27.0	28.0	29.0	30.0	31.0	32.0	33.0	34.0	35.0	36.0	37.0	38.0	39.0	40.0
Zdi-ADup_003-Ex1-9H-lcwgs-1-1.2	6.0	180.0	2503.0	11622.0	26813.0	34000.0	36602.0	35362.0	40545.0	46663.0	59612.0	75486.0	105691.0	146571.0	222057.0	314329.0	447820.0	569823.0	728705.0	874229.0	1108673.0	1480530.0	2301855.0	3187289.0	3888707.0	4341499.0	676685.0
	18.0	19.0	20.0	21.0	22.0	23.0	24.0	25.0	26.0	27.0	28.0	29.0	30.0	31.0	32.0	33.0	34.0	35.0	36.0	37.0	38.0	39.0	40.0
Zdi-ADup_004-Ex1-10A-lcwgs-1-1.1	4.0	21.0	22.0	50.0	62.0	100.0	127.0	152.0	155.0	204.0	274.0	353.0	479.0	867.0	1934.0	3889.0	5684.0	7217.0	5934.0	2510.0	2433.0	4110.0	1298.0
	16.0	17.0	18.0	19.0	20.0	21.0	22.0	23.0	24.0	25.0	26.0	27.0	28.0	29.0	30.0	31.0	32.0	33.0	34.0	35.0	36.0	37.0	38.0	39.0	40.0
Zdi-ADup_004-Ex1-10A-lcwgs-1-1.2	5.0	34.0	63.0	47.0	66.0	62.0	59.0	77.0	96.0	107.0	170.0	201.0	363.0	470.0	612.0	786.0	1005.0	1264.0	1837.0	2869.0	4303.0	5528.0	6683.0	9931.0	1241.0
	17.0	18.0	19.0	20.0	21.0	22.0	23.0	24.0	25.0	26.0	27.0	28.0	29.0	30.0	31.0	32.0	33.0	34.0	35.0	36.0	37.0	38.0	39.0	40.0
Zdi-ADup_005-Ex1-10B-lcwgs-1-1.1	7.0	77.0	373.0	830.0	988.0	1240.0	1491.0	1852.0	2269.0	2847.0	3377.0	4557.0	6157.0	9608.0	17502.0	43455.0	92475.0	131391.0	141145.0	106555.0	75564.0	86992.0	124699.0	37737.0
	15.0	16.0	17.0	18.0	19.0	20.0	21.0	22.0	23.0	24.0	25.0	26.0	27.0	28.0	29.0	30.0	31.0	32.0	33.0	34.0	35.0	36.0	37.0	38.0	39.0	40.0
Zdi-ADup_005-Ex1-10B-lcwgs-1-1.2	10.0	114.0	574.0	1367.0	1815.0	1911.0	1706.0	1888.0	2047.0	2674.0	3306.0	4652.0	6382.0	9461.0	13639.0	20103.0	26721.0	35055.0	42515.0	53642.0	69397.0	108634.0	149624.0	171154.0	147965.0	16832.0
	16.0	17.0	18.0	19.0	20.0	21.0	22.0	23.0	24.0	25.0	26.0	27.0	28.0	29.0	30.0	31.0	32.0	33.0	34.0	35.0	36.0	37.0	38.0	39.0	40.0
Zdi-ADup_006-Ex1-10C-lcwgs-1-1.1	3.0	80.0	1460.0	7477.0	18409.0	27357.0	38266.0	48146.0	60776.0	70130.0	84221.0	99114.0	126592.0	161893.0	237461.0	385520.0	871251.0	1810397.0	2799558.0	3578258.0	3113413.0	2119092.0	2822417.0	6306802.0	2452296.0
	13.0	14.0	15.0	16.0	17.0	18.0	19.0	20.0	21.0	22.0	23.0	24.0	25.0	26.0	27.0	28.0	29.0	30.0	31.0	32.0	33.0	34.0	35.0	36.0	37.0	38.0	39.0	40.0
Zdi-ADup_006-Ex1-10C-lcwgs-1-1.2	1.0	12.0	400.0	5564.0	25077.0	51662.0	59430.0	55215.0	50238.0	55119.0	62216.0	77819.0	98094.0	139600.0	209113.0	350335.0	592037.0	1109888.0	1810209.0	2307838.0	2214851.0	2041716.0	1786753.0	1763210.0	1854284.0	2549882.0	6618169.0	1351657.0
	16.0	17.0	18.0	19.0	20.0	21.0	22.0	23.0	24.0	25.0	26.0	27.0	28.0	29.0	30.0	31.0	32.0	33.0	34.0	35.0	36.0	37.0	38.0	39.0	40.0
Zdi-ADup_007-Ex1-10D-lcwgs-1-1.1	2.0	104.0	1886.0	9852.0	22458.0	33366.0	44737.0	54693.0	67936.0	78657.0	97656.0	117046.0	154368.0	206485.0	317158.0	560741.0	1405135.0	2878066.0	3978106.0	4405290.0	3477104.0	2356098.0	2754394.0	4213274.0	1404570.0
	14.0	15.0	16.0	17.0	18.0	19.0	20.0	21.0	22.0	23.0	24.0	25.0	26.0	27.0	28.0	29.0	30.0	31.0	32.0	33.0	34.0	35.0	36.0	37.0	38.0	39.0	40.0
Zdi-ADup_007-Ex1-10D-lcwgs-1-1.2	13.0	360.0	4976.0	22217.0	48082.0	60907.0	63941.0	60274.0	65822.0	73743.0	93419.0	117669.0	164131.0	229617.0	345946.0	482718.0	677948.0	845379.0	1076782.0	1271320.0	1589052.0	2074808.0	3211152.0	4469863.0	5432780.0	5472188.0	684075.0
	17.0	18.0	19.0	20.0	21.0	22.0	23.0	24.0	25.0	26.0	27.0	28.0	29.0	30.0	31.0	32.0	33.0	34.0	35.0	36.0	37.0	38.0	39.0	40.0
Zdi-ADup_008-Ex1-10E-lcwgs-1-1.1	11.0	180.0	1024.0	2537.0	3850.0	5444.0	6615.0	8073.0	9169.0	11194.0	13079.0	16603.0	20693.0	29666.0	45711.0	96851.0	218405.0	404406.0	560267.0	498004.0	378005.0	503118.0	976503.0	371074.0
	14.0	15.0	16.0	17.0	18.0	19.0	20.0	21.0	22.0	23.0	24.0	25.0	26.0	27.0	28.0	29.0	30.0	31.0	32.0	33.0	34.0	35.0	36.0	37.0	38.0	39.0	40.0
Zdi-ADup_008-Ex1-10E-lcwgs-1-1.2	2.0	56.0	1047.0	4979.0	9448.0	9457.0	8750.0	7840.0	8429.0	9328.0	11170.0	13253.0	17102.0	21970.0	32314.0	45356.0	67597.0	88914.0	119038.0	145318.0	185945.0	248347.0	390221.0	574899.0	824397.0	1150269.0	185036.0
	17.0	18.0	19.0	20.0	21.0	22.0	23.0	24.0	25.0	26.0	27.0	28.0	29.0	30.0	31.0	32.0	33.0	34.0	35.0	36.0	37.0	38.0	39.0	40.0
Zdi-ADup_009-Ex1-10F-lcwgs-1-1.1	3.0	55.0	306.0	734.0	1043.0	1360.0	1730.0	2090.0	2375.0	2985.0	3741.0	4915.0	6756.0	10693.0	18902.0	47046.0	97178.0	135239.0	147303.0	115841.0	83327.0	102356.0	175478.0	60184.0
	15.0	16.0	17.0	18.0	19.0	20.0	21.0	22.0	23.0	24.0	25.0	26.0	27.0	28.0	29.0	30.0	31.0	32.0	33.0	34.0	35.0	36.0	37.0	38.0	39.0	40.0
Zdi-ADup_009-Ex1-10F-lcwgs-1-1.2	5.0	176.0	828.0	1793.0	2282.0	2186.0	2053.0	2350.0	2782.0	3536.0	4813.0	8056.0	13369.0	24120.0	40160.0	71590.0	103791.0	121779.0	104620.0	84052.0	66034.0	61573.0	58005.0	71176.0	142864.0	27647.0
	17.0	18.0	19.0	20.0	21.0	22.0	23.0	24.0	25.0	26.0	27.0	28.0	29.0	30.0	31.0	32.0	33.0	34.0	35.0	36.0	37.0	38.0	39.0	40.0
Zdi-ADup_010-Ex1-10G-lcwgs-1-1.1	4.0	53.0	203.0	438.0	366.0	430.0	492.0	577.0	713.0	859.0	1005.0	1424.0	1851.0	2950.0	5147.0	11847.0	21996.0	29672.0	32184.0	24772.0	18410.0	23882.0	46602.0	14278.0
	14.0	15.0	16.0	17.0	18.0	19.0	20.0	21.0	22.0	23.0	24.0	25.0	26.0	27.0	28.0	29.0	30.0	31.0	32.0	33.0	34.0	35.0	36.0	37.0	38.0	39.0	40.0
Zdi-ADup_010-Ex1-10G-lcwgs-1-1.2	1.0	4.0	52.0	186.0	492.0	709.0	699.0	552.0	543.0	554.0	698.0	831.0	1125.0	1455.0	2051.0	2716.0	4109.0	5306.0	7317.0	9452.0	12722.0	16512.0	25540.0	36024.0	45912.0	56588.0	8005.0
	16.0	17.0	18.0	19.0	20.0	21.0	22.0	23.0	24.0	25.0	26.0	27.0	28.0	29.0	30.0	31.0	32.0	33.0	34.0	35.0	36.0	37.0	38.0	39.0	40.0
Zdi-ADup_011-Ex1-10H-lcwgs-1-1.1	1.0	41.0	920.0	4972.0	12262.0	19152.0	26824.0	33606.0	41566.0	48466.0	58542.0	70440.0	92606.0	121287.0	183756.0	314024.0	746322.0	1577838.0	2408973.0	2924945.0	2425679.0	1660229.0	2029489.0	3493747.0	1209800.0
	13.0	14.0	15.0	16.0	17.0	18.0	19.0	20.0	21.0	22.0	23.0	24.0	25.0	26.0	27.0	28.0	29.0	30.0	31.0	32.0	33.0	34.0	35.0	36.0	37.0	38.0	39.0	40.0
Zdi-ADup_011-Ex1-10H-lcwgs-1-1.2	1.0	5.0	236.0	3381.0	15930.0	33053.0	38110.0	38489.0	36192.0	40284.0	45456.0	56515.0	70464.0	96577.0	132135.0	196455.0	277946.0	396769.0	507282.0	659144.0	797319.0	1030848.0	1386659.0	2121529.0	2938479.0	3674623.0	4316458.0	595148.0
	17.0	18.0	19.0	20.0	21.0	22.0	23.0	24.0	25.0	26.0	27.0	28.0	29.0	30.0	31.0	32.0	33.0	34.0	35.0	36.0	37.0	38.0	39.0	40.0
Zdi-ADup_012-Ex1-11A-lcwgs-1-1.1	4.0	29.0	114.0	320.0	446.0	626.0	868.0	983.0	1237.0	1380.0	1603.0	2085.0	2573.0	3647.0	6180.0	12499.0	21752.0	37758.0	49356.0	27219.0	21560.0	32444.0	135514.0	65026.0
	15.0	16.0	17.0	18.0	19.0	20.0	21.0	22.0	23.0	24.0	25.0	26.0	27.0	28.0	29.0	30.0	31.0	32.0	33.0	34.0	35.0	36.0	37.0	38.0	39.0	40.0
Zdi-ADup_012-Ex1-11A-lcwgs-1-1.2	7.0	85.0	359.0	668.0	865.0	918.0	828.0	790.0	781.0	925.0	960.0	1201.0	1393.0	1761.0	2169.0	3062.0	3861.0	5136.0	6857.0	11181.0	17822.0	26308.0	38818.0	68135.0	192004.0	38329.0
	17.0	18.0	19.0	20.0	21.0	22.0	23.0	24.0	25.0	26.0	27.0	28.0	29.0	30.0	31.0	32.0	33.0	34.0	35.0	36.0	37.0	38.0	39.0	40.0
Zdi-ADup_013-Ex1-12F-lcwgs-1-1.1	17.0	188.0	942.0	2038.0	3138.0	4463.0	5726.0	7106.0	8069.0	10042.0	12490.0	16916.0	23755.0	40230.0	82440.0	200336.0	360511.0	297666.0	114842.0	78610.0	88296.0	115435.0	414332.0	187993.0
	15.0	16.0	17.0	18.0	19.0	20.0	21.0	22.0	23.0	24.0	25.0	26.0	27.0	28.0	29.0	30.0	31.0	32.0	33.0	34.0	35.0	36.0	37.0	38.0	39.0	40.0
Zdi-ADup_013-Ex1-12F-lcwgs-1-1.2	46.0	606.0	2651.0	4791.0	4822.0	4272.0	3563.0	3574.0	3920.0	4952.0	6596.0	10071.0	15562.0	26443.0	43569.0	75997.0	108732.0	126333.0	113214.0	107401.0	110424.0	126319.0	141556.0	223036.0	679847.0	127284.0
	17.0	18.0	19.0	20.0	21.0	22.0	23.0	24.0	25.0	26.0	27.0	28.0	29.0	30.0	31.0	32.0	33.0	34.0	35.0	36.0	37.0	38.0	39.0	40.0
Zdi-ADup_014-Ex1-11C-lcwgs-1-1.1	75.0	985.0	4493.0	9969.0	15132.0	21849.0	28165.0	35463.0	39849.0	48576.0	58187.0	74822.0	97801.0	153261.0	301930.0	743628.0	1173055.0	1594967.0	1770217.0	949160.0	682125.0	758169.0	1804107.0	809666.0
	14.0	15.0	16.0	17.0	18.0	19.0	20.0	21.0	22.0	23.0	24.0	25.0	26.0	27.0	28.0	29.0	30.0	31.0	32.0	33.0	34.0	35.0	36.0	37.0	38.0	39.0	40.0
Zdi-ADup_014-Ex1-11C-lcwgs-1-1.2	2.0	174.0	2364.0	10253.0	20446.0	23606.0	22868.0	20460.0	21967.0	24264.0	30071.0	38318.0	56111.0	84423.0	141073.0	234963.0	434369.0	698280.0	863426.0	816715.0	794565.0	759822.0	778424.0	824861.0	1151425.0	2860907.0	461494.0
	16.0	17.0	18.0	19.0	20.0	21.0	22.0	23.0	24.0	25.0	26.0	27.0	28.0	29.0	30.0	31.0	32.0	33.0	34.0	35.0	36.0	37.0	38.0	39.0	40.0
Zdi-ADup_015-Ex1-11D-lcwgs-1-1.1	1.0	75.0	1119.0	5702.0	12819.0	17305.0	22255.0	27198.0	33712.0	39039.0	49186.0	60730.0	83620.0	117966.0	202063.0	475402.0	1379665.0	2096689.0	2162472.0	1862993.0	1261365.0	1121949.0	1270636.0	2659993.0	1254260.0
	14.0	15.0	16.0	17.0	18.0	19.0	20.0	21.0	22.0	23.0	24.0	25.0	26.0	27.0	28.0	29.0	30.0	31.0	32.0	33.0	34.0	35.0	36.0	37.0	38.0	39.0	40.0
Zdi-ADup_015-Ex1-11D-lcwgs-1-1.2	4.0	169.0	2340.0	11044.0	25036.0	32203.0	32230.0	30461.0	33057.0	37255.0	46792.0	59259.0	81974.0	115463.0	177149.0	246971.0	348520.0	439693.0	563680.0	666057.0	827602.0	1084127.0	1699238.0	2408504.0	3054175.0	3588012.0	607199.0
	17.0	18.0	19.0	20.0	21.0	22.0	23.0	24.0	25.0	26.0	27.0	28.0	29.0	30.0	31.0	32.0	33.0	34.0	35.0	36.0	37.0	38.0	39.0	40.0
Zdi-ADup_016-Ex1-11E-lcwgs-1-1.1	70.0	1383.0	7736.0	18931.0	28154.0	38511.0	47978.0	59393.0	67481.0	82345.0	96750.0	125406.0	164996.0	255798.0	504959.0	1383822.0	2508957.0	3323203.0	3399218.0	2389295.0	2188290.0	2590273.0	6063089.0	3031202.0
	14.0	15.0	16.0	17.0	18.0	19.0	20.0	21.0	22.0	23.0	24.0	25.0	26.0	27.0	28.0	29.0	30.0	31.0	32.0	33.0	34.0	35.0	36.0	37.0	38.0	39.0	40.0
Zdi-ADup_016-Ex1-11E-lcwgs-1-1.2	11.0	409.0	6279.0	28657.0	57009.0	60181.0	56827.0	51988.0	56377.0	62767.0	76266.0	90447.0	118130.0	153768.0	220187.0	308187.0	445639.0	582832.0	772199.0	942896.0	1215089.0	1634080.0	2576436.0	3768029.0	5402423.0	8162593.0	1527534.0
	17.0	18.0	19.0	20.0	21.0	22.0	23.0	24.0	25.0	26.0	27.0	28.0	29.0	30.0	31.0	32.0	33.0	34.0	35.0	36.0	37.0	38.0	39.0	40.0
Zdi-ADup_017-Ex1-11F-lcwgs-1-1.1	60.0	871.0	4652.0	10970.0	15055.0	19899.0	24700.0	30837.0	36062.0	45734.0	56089.0	77030.0	107949.0	180863.0	411703.0	1163166.0	1860682.0	2148241.0	1993531.0	1355277.0	1187988.0	1293076.0	2488791.0	1139693.0
	14.0	15.0	16.0	17.0	18.0	19.0	20.0	21.0	22.0	23.0	24.0	25.0	26.0	27.0	28.0	29.0	30.0	31.0	32.0	33.0	34.0	35.0	36.0	37.0	38.0	39.0	40.0
Zdi-ADup_017-Ex1-11F-lcwgs-1-1.2	3.0	152.0	2280.0	10761.0	24301.0	29831.0	29386.0	27179.0	31168.0	36485.0	48269.0	66310.0	105984.0	177563.0	318809.0	546926.0	980802.0	1466503.0	1785554.0	1595987.0	1342570.0	1076976.0	1020804.0	953432.0	1152637.0	2325013.0	497234.0
	16.0	17.0	18.0	19.0	20.0	21.0	22.0	23.0	24.0	25.0	26.0	27.0	28.0	29.0	30.0	31.0	32.0	33.0	34.0	35.0	36.0	37.0	38.0	39.0	40.0
Zdi-ADup_018-Ex1-11G-lcwgs-1-1.1	1.0	106.0	1979.0	9759.0	22040.0	28767.0	36316.0	43636.0	54039.0	62400.0	76837.0	93121.0	126367.0	173563.0	285838.0	640493.0	1790237.0	2851396.0	3381367.0	3259728.0	2262165.0	2010574.0	2259816.0	4838126.0	2226027.0
	12.0	13.0	14.0	15.0	16.0	17.0	18.0	19.0	20.0	21.0	22.0	23.0	24.0	25.0	26.0	27.0	28.0	29.0	30.0	31.0	32.0	33.0	34.0	35.0	36.0	37.0	38.0	39.0	40.0
Zdi-ADup_018-Ex1-11G-lcwgs-1-1.2	1.0	0.0	11.0	263.0	3731.0	17817.0	41134.0	53288.0	54221.0	48962.0	51656.0	57007.0	68896.0	81964.0	108329.0	141081.0	202071.0	280396.0	414995.0	565019.0	776109.0	1003337.0	1338079.0	1707016.0	2709075.0	3919627.0	5217336.0	6550173.0	1123104.0
	17.0	18.0	19.0	20.0	21.0	22.0	23.0	24.0	25.0	26.0	27.0	28.0	29.0	30.0	31.0	32.0	33.0	34.0	35.0	36.0	37.0	38.0	39.0	40.0
Zdi-ADup_019-Ex1-11H-lcwgs-1-1.1	16.0	272.0	1275.0	3180.0	4701.0	6366.0	8125.0	9828.0	11545.0	14394.0	17357.0	22719.0	30729.0	49492.0	99704.0	267055.0	488959.0	659441.0	680060.0	440562.0	373446.0	404976.0	784320.0	343246.0
	14.0	15.0	16.0	17.0	18.0	19.0	20.0	21.0	22.0	23.0	24.0	25.0	26.0	27.0	28.0	29.0	30.0	31.0	32.0	33.0	34.0	35.0	36.0	37.0	38.0	39.0	40.0
Zdi-ADup_019-Ex1-11H-lcwgs-1-1.2	1.0	26.0	469.0	2329.0	4906.0	6423.0	7125.0	6883.0	7631.0	8641.0	10888.0	13571.0	18241.0	24850.0	37725.0	54145.0	80084.0	105681.0	140594.0	173155.0	233234.0	321458.0	493034.0	706048.0	943746.0	1154920.0	165960.0
	18.0	19.0	20.0	21.0	22.0	23.0	24.0	25.0	26.0	27.0	28.0	29.0	30.0	31.0	32.0	33.0	34.0	35.0	36.0	37.0	38.0	39.0	40.0
Zdi-ADup_020-Ex1-12A-lcwgs-1-1.1	3.0	9.0	16.0	14.0	20.0	27.0	28.0	39.0	55.0	52.0	81.0	129.0	217.0	443.0	1179.0	1803.0	1421.0	924.0	736.0	806.0	1245.0	4012.0	1383.0
	16.0	17.0	18.0	19.0	20.0	21.0	22.0	23.0	24.0	25.0	26.0	27.0	28.0	29.0	30.0	31.0	32.0	33.0	34.0	35.0	36.0	37.0	38.0	39.0	40.0
Zdi-ADup_020-Ex1-12A-lcwgs-1-1.2	4.0	18.0	22.0	32.0	33.0	46.0	27.0	33.0	54.0	47.0	55.0	64.0	92.0	169.0	213.0	294.0	393.0	480.0	648.0	794.0	1283.0	1770.0	2481.0	4539.0	1051.0
	17.0	18.0	19.0	20.0	21.0	22.0	23.0	24.0	25.0	26.0	27.0	28.0	29.0	30.0	31.0	32.0	33.0	34.0	35.0	36.0	37.0	38.0	39.0	40.0
Zdi-ADup_021-Ex1-12B-lcwgs-1-1.1	5.0	47.0	220.0	414.0	343.0	258.0	290.0	340.0	354.0	414.0	538.0	793.0	1130.0	1864.0	3792.0	8658.0	12691.0	10514.0	7398.0	5784.0	6397.0	7907.0	21691.0	6944.0
	15.0	16.0	17.0	18.0	19.0	20.0	21.0	22.0	23.0	24.0	25.0	26.0	27.0	28.0	29.0	30.0	31.0	32.0	33.0	34.0	35.0	36.0	37.0	38.0	39.0	40.0
Zdi-ADup_021-Ex1-12B-lcwgs-1-1.2	2.0	24.0	132.0	339.0	498.0	488.0	338.0	247.0	290.0	319.0	378.0	551.0	617.0	960.0	1102.0	1619.0	2184.0	2936.0	3614.0	4590.0	6309.0	9618.0	13264.0	17972.0	25870.0	4525.0
	16.0	17.0	18.0	19.0	20.0	21.0	22.0	23.0	24.0	25.0	26.0	27.0	28.0	29.0	30.0	31.0	32.0	33.0	34.0	35.0	36.0	37.0	38.0	39.0	40.0
Zdi-ADup_022-Ex1-12C-lcwgs-1-1.1	6.0	273.0	4149.0	20423.0	46603.0	66248.0	89908.0	110026.0	136086.0	159427.0	200516.0	250031.0	347247.0	504635.0	912679.0	2182759.0	5926630.0	8895884.0	7193041.0	4761792.0	3398895.0	3480893.0	3757406.0	9081365.0	3234943.0
	14.0	15.0	16.0	17.0	18.0	19.0	20.0	21.0	22.0	23.0	24.0	25.0	26.0	27.0	28.0	29.0	30.0	31.0	32.0	33.0	34.0	35.0	36.0	37.0	38.0	39.0	40.0
Zdi-ADup_022-Ex1-12C-lcwgs-1-1.2	15.0	620.0	8435.0	40012.0	91530.0	114610.0	116635.0	110156.0	122341.0	141456.0	177652.0	229845.0	340444.0	527358.0	915327.0	1577910.0	3038238.0	4985293.0	6131594.0	5523840.0	4682530.0	3709111.0	3404451.0	3344650.0	4139394.0	9314903.0	1973515.0
	16.0	17.0	18.0	19.0	20.0	21.0	22.0	23.0	24.0	25.0	26.0	27.0	28.0	29.0	30.0	31.0	32.0	33.0	34.0	35.0	36.0	37.0	38.0	39.0	40.0
Zdi-ADup_023-Ex1-12D-lcwgs-1-1.1	1.0	36.0	585.0	2863.0	6223.0	9034.0	12335.0	15106.0	19057.0	22481.0	28240.0	35142.0	47997.0	68512.0	117644.0	260658.0	695115.0	1176156.0	1001681.0	609398.0	427401.0	441034.0	489065.0	1195129.0	427023.0
	14.0	15.0	16.0	17.0	18.0	19.0	20.0	21.0	22.0	23.0	24.0	25.0	26.0	27.0	28.0	29.0	30.0	31.0	32.0	33.0	34.0	35.0	36.0	37.0	38.0	39.0	40.0
Zdi-ADup_023-Ex1-12D-lcwgs-1-1.2	2.0	91.0	1226.0	5957.0	12822.0	14924.0	14706.0	13460.0	13928.0	15891.0	19680.0	24863.0	34158.0	46119.0	68468.0	96485.0	135600.0	173366.0	224016.0	267426.0	348927.0	465224.0	716659.0	1016945.0	1350869.0	1751172.0	274932.0
	17.0	18.0	19.0	20.0	21.0	22.0	23.0	24.0	25.0	26.0	27.0	28.0	29.0	30.0	31.0	32.0	33.0	34.0	35.0	36.0	37.0	38.0	39.0	40.0
Zdi-ADup_024-Ex1-12E-lcwgs-1-1.1	28.0	480.0	2105.0	4947.0	7951.0	11430.0	14391.0	18201.0	21771.0	27299.0	33928.0	46685.0	64732.0	112037.0	249256.0	650953.0	1052916.0	837865.0	406144.0	260391.0	258037.0	281650.0	793151.0	326488.0
	13.0	14.0	15.0	16.0	17.0	18.0	19.0	20.0	21.0	22.0	23.0	24.0	25.0	26.0	27.0	28.0	29.0	30.0	31.0	32.0	33.0	34.0	35.0	36.0	37.0	38.0	39.0	40.0
Zdi-ADup_024-Ex1-12E-lcwgs-1-1.2	1.0	17.0	140.0	1331.0	5461.0	10529.0	11874.0	11604.0	10638.0	11588.0	12831.0	15891.0	19933.0	27260.0	37266.0	54823.0	75215.0	105468.0	131021.0	167569.0	201608.0	262628.0	364410.0	566395.0	758706.0	938070.0	1463870.0	216689.0
	18.0	19.0	20.0	21.0	22.0	23.0	24.0	25.0	26.0	27.0	28.0	29.0	30.0	31.0	32.0	33.0	34.0	35.0	36.0	37.0	38.0	39.0	40.0
Zdi-ADup_025-Ex1-2A-lcwgs-1-1.1	8.0	55.0	122.0	196.0	310.0	357.0	438.0	432.0	608.0	703.0	1035.0	1421.0	2296.0	4850.0	13794.0	24443.0	27131.0	24402.0	15947.0	10306.0	11352.0	19458.0	7951.0
	15.0	16.0	17.0	18.0	19.0	20.0	21.0	22.0	23.0	24.0	25.0	26.0	27.0	28.0	29.0	30.0	31.0	32.0	33.0	34.0	35.0	36.0	37.0	38.0	39.0	40.0
Zdi-ADup_025-Ex1-2A-lcwgs-1-1.2	1.0	16.0	50.0	164.0	223.0	299.0	344.0	419.0	502.0	587.0	686.0	1114.0	1629.0	2576.0	3779.0	5364.0	6745.0	8896.0	10978.0	13348.0	14897.0	20295.0	21291.0	21363.0	27949.0	4100.0
	17.0	18.0	19.0	20.0	21.0	22.0	23.0	24.0	25.0	26.0	27.0	28.0	29.0	30.0	31.0	32.0	33.0	34.0	35.0	36.0	37.0	38.0	39.0	40.0
Zdi-ADup_026-Ex1-12G-lcwgs-1-1.1	11.0	206.0	1014.0	2060.0	2017.0	2106.0	2453.0	3160.0	3755.0	4880.0	6331.0	9316.0	13899.0	26200.0	64701.0	175673.0	255904.0	203700.0	135662.0	90384.0	86165.0	83480.0	158229.0	43406.0
	14.0	15.0	16.0	17.0	18.0	19.0	20.0	21.0	22.0	23.0	24.0	25.0	26.0	27.0	28.0	29.0	30.0	31.0	32.0	33.0	34.0	35.0	36.0	37.0	38.0	39.0	40.0
Zdi-ADup_026-Ex1-12G-lcwgs-1-1.2	1.0	31.0	315.0	1522.0	3465.0	4306.0	3881.0	2916.0	2757.0	2923.0	3628.0	4580.0	6241.0	8698.0	12707.0	18297.0	27177.0	36795.0	50075.0	63586.0	82094.0	103817.0	167892.0	234299.0	270310.0	234116.0	28283.0
	16.0	17.0	18.0	19.0	20.0	21.0	22.0	23.0	24.0	25.0	26.0	27.0	28.0	29.0	30.0	31.0	32.0	33.0	34.0	35.0	36.0	37.0	38.0	39.0	40.0
Zdi-ADup_027-Ex1-12H-lcwgs-1-1.1	1.0	105.0	1849.0	9499.0	21415.0	30200.0	40333.0	50792.0	65199.0	78935.0	104093.0	135898.0	195095.0	294051.0	551780.0	1362044.0	3767467.0	5707218.0	4789641.0	3358048.0	2320942.0	2253772.0	2179251.0	4036482.0	1093840.0
	14.0	15.0	16.0	17.0	18.0	19.0	20.0	21.0	22.0	23.0	24.0	25.0	26.0	27.0	28.0	29.0	30.0	31.0	32.0	33.0	34.0	35.0	36.0	37.0	38.0	39.0	40.0
Zdi-ADup_027-Ex1-12H-lcwgs-1-1.2	24.0	474.0	7350.0	33611.0	67761.0	73936.0	67492.0	57695.0	60452.0	69369.0	90324.0	116997.0	167265.0	238341.0	364951.0	523894.0	754131.0	968504.0	1255072.0	1502437.0	1883223.0	2489616.0	3896977.0	5362466.0	6295230.0	5487161.0	613197.0
	16.0	17.0	18.0	19.0	20.0	21.0	22.0	23.0	24.0	25.0	26.0	27.0	28.0	29.0	30.0	31.0	32.0	33.0	34.0	35.0	36.0	37.0	38.0	39.0	40.0
Zdi-ADup_028-Ex1-9F-lcwgs-1-1.1	1.0	48.0	756.0	3755.0	8437.0	11867.0	16224.0	19909.0	24834.0	28212.0	35374.0	42968.0	57418.0	77505.0	121071.0	219863.0	573081.0	1154983.0	1694283.0	1890392.0	1404547.0	924562.0	950616.0	1436669.0	649934.0
	14.0	15.0	16.0	17.0	18.0	19.0	20.0	21.0	22.0	23.0	24.0	25.0	26.0	27.0	28.0	29.0	30.0	31.0	32.0	33.0	34.0	35.0	36.0	37.0	38.0	39.0	40.0
Zdi-ADup_028-Ex1-9F-lcwgs-1-1.2	5.0	150.0	2287.0	10498.0	22089.0	25073.0	23842.0	21842.0	25712.0	30384.0	40400.0	56660.0	93114.0	160596.0	290404.0	491778.0	863894.0	1248971.0	1418504.0	1143914.0	890832.0	693281.0	648184.0	608514.0	747311.0	1494137.0	294933.0
	17.0	18.0	19.0	20.0	21.0	22.0	23.0	24.0	25.0	26.0	27.0	28.0	29.0	30.0	31.0	32.0	33.0	34.0	35.0	36.0	37.0	38.0	39.0	40.0
Zdi-ADup_029-Ex1-1A-lcwgs-1-1.1	1.0	6.0	39.0	56.0	68.0	83.0	81.0	125.0	133.0	162.0	185.0	252.0	317.0	455.0	685.0	1254.0	2138.0	3707.0	5156.0	4881.0	4113.0	5612.0	15789.0	6543.0
	15.0	16.0	17.0	18.0	19.0	20.0	21.0	22.0	23.0	24.0	25.0	26.0	27.0	28.0	29.0	30.0	31.0	32.0	33.0	34.0	35.0	36.0	37.0	38.0	39.0	40.0
Zdi-ADup_029-Ex1-1A-lcwgs-1-1.2	1.0	10.0	28.0	75.0	103.0	105.0	122.0	130.0	118.0	148.0	183.0	250.0	375.0	475.0	642.0	916.0	1276.0	1606.0	2058.0	2408.0	2953.0	4194.0	5431.0	7718.0	17076.0	3440.0
	17.0	18.0	19.0	20.0	21.0	22.0	23.0	24.0	25.0	26.0	27.0	28.0	29.0	30.0	31.0	32.0	33.0	34.0	35.0	36.0	37.0	38.0	39.0	40.0
Zdi-ADup_030-Ex1-1B-lcwgs-1-1.1	1.0	11.0	65.0	164.0	183.0	197.0	233.0	283.0	313.0	441.0	539.0	687.0	916.0	1312.0	2087.0	4076.0	8681.0	15946.0	24360.0	21141.0	14648.0	16052.0	27334.0	10682.0
	15.0	16.0	17.0	18.0	19.0	20.0	21.0	22.0	23.0	24.0	25.0	26.0	27.0	28.0	29.0	30.0	31.0	32.0	33.0	34.0	35.0	36.0	37.0	38.0	39.0	40.0
Zdi-ADup_030-Ex1-1B-lcwgs-1-1.2	1.0	14.0	61.0	169.0	252.0	266.0	259.0	295.0	316.0	420.0	526.0	739.0	988.0	1459.0	2188.0	3042.0	4023.0	5146.0	5988.0	7675.0	10152.0	16214.0	23702.0	28839.0	32400.0	5218.0
	17.0	18.0	19.0	20.0	21.0	22.0	23.0	24.0	25.0	26.0	27.0	28.0	29.0	30.0	31.0	32.0	33.0	34.0	35.0	36.0	37.0	38.0	39.0	40.0
Zdi-ADup_031-Ex1-1C-lcwgs-1-1.1	5.0	32.0	185.0	402.0	386.0	354.0	436.0	502.0	536.0	697.0	805.0	1091.0	1340.0	1950.0	2897.0	5283.0	9902.0	17636.0	26222.0	24267.0	18715.0	23786.0	56745.0	23516.0
	15.0	16.0	17.0	18.0	19.0	20.0	21.0	22.0	23.0	24.0	25.0	26.0	27.0	28.0	29.0	30.0	31.0	32.0	33.0	34.0	35.0	36.0	37.0	38.0	39.0	40.0
Zdi-ADup_031-Ex1-1C-lcwgs-1-1.2	1.0	24.0	134.0	324.0	543.0	565.0	464.0	530.0	501.0	648.0	751.0	1045.0	1322.0	1804.0	2562.0	3683.0	4810.0	6800.0	8668.0	11509.0	13731.0	19511.0	25643.0	34688.0	65247.0	12182.0
	16.0	17.0	18.0	19.0	20.0	21.0	22.0	23.0	24.0	25.0	26.0	27.0	28.0	29.0	30.0	31.0	32.0	33.0	34.0	35.0	36.0	37.0	38.0	39.0	40.0
Zdi-ADup_032-Ex1-1D-lcwgs-1-1.1	1.0	15.0	205.0	1033.0	2441.0	3605.0	4597.0	5468.0	6385.0	7136.0	8747.0	9800.0	12146.0	15179.0	20442.0	29328.0	53113.0	104139.0	208445.0	379479.0	402664.0	292276.0	358727.0	720876.0	341238.0
	14.0	15.0	16.0	17.0	18.0	19.0	20.0	21.0	22.0	23.0	24.0	25.0	26.0	27.0	28.0	29.0	30.0	31.0	32.0	33.0	34.0	35.0	36.0	37.0	38.0	39.0	40.0
Zdi-ADup_032-Ex1-1D-lcwgs-1-1.2	1.0	14.0	237.0	1111.0	2894.0	4673.0	5779.0	5894.0	6534.0	7247.0	8321.0	9869.0	13065.0	16998.0	25678.0	35336.0	50415.0	64496.0	84687.0	100718.0	128089.0	170305.0	261822.0	381099.0	556064.0	884942.0	161197.0
	17.0	18.0	19.0	20.0	21.0	22.0	23.0	24.0	25.0	26.0	27.0	28.0	29.0	30.0	31.0	32.0	33.0	34.0	35.0	36.0	37.0	38.0	39.0	40.0
Zdi-ADup_033-Ex1-1E-lcwgs-1-1.1	2.0	33.0	151.0	283.0	419.0	494.0	578.0	703.0	830.0	923.0	1171.0	1515.0	1948.0	2814.0	4280.0	8162.0	17037.0	32229.0	52033.0	48164.0	32087.0	34408.0	54000.0	21576.0
	15.0	16.0	17.0	18.0	19.0	20.0	21.0	22.0	23.0	24.0	25.0	26.0	27.0	28.0	29.0	30.0	31.0	32.0	33.0	34.0	35.0	36.0	37.0	38.0	39.0	40.0
Zdi-ADup_033-Ex1-1E-lcwgs-1-1.2	3.0	23.0	121.0	291.0	494.0	565.0	537.0	657.0	746.0	922.0	1140.0	1626.0	1959.0	2898.0	3952.0	5896.0	7395.0	9470.0	11578.0	15015.0	20025.0	32652.0	50586.0	65648.0	71635.0	10006.0
	17.0	18.0	19.0	20.0	21.0	22.0	23.0	24.0	25.0	26.0	27.0	28.0	29.0	30.0	31.0	32.0	33.0	34.0	35.0	36.0	37.0	38.0	39.0	40.0
Zdi-ADup_034-Ex1-1F-lcwgs-1-1.1	2.0	43.0	153.0	328.0	434.0	439.0	515.0	708.0	774.0	961.0	1157.0	1570.0	1935.0	2813.0	4350.0	8180.0	16013.0	29778.0	47375.0	44483.0	31669.0	37709.0	72206.0	29477.0
	15.0	16.0	17.0	18.0	19.0	20.0	21.0	22.0	23.0	24.0	25.0	26.0	27.0	28.0	29.0	30.0	31.0	32.0	33.0	34.0	35.0	36.0	37.0	38.0	39.0	40.0
Zdi-ADup_034-Ex1-1F-lcwgs-1-1.2	3.0	35.0	157.0	355.0	525.0	644.0	594.0	676.0	695.0	824.0	1084.0	1479.0	1918.0	2535.0	3452.0	4906.0	6297.0	8325.0	10468.0	13930.0	18327.0	30385.0	47439.0	68959.0	94027.0	15033.0
	17.0	18.0	19.0	20.0	21.0	22.0	23.0	24.0	25.0	26.0	27.0	28.0	29.0	30.0	31.0	32.0	33.0	34.0	35.0	36.0	37.0	38.0	39.0	40.0
Zdi-ADup_035-Ex1-1G-lcwgs-1-1.1	12.0	88.0	529.0	1114.0	1561.0	2033.0	2420.0	3040.0	3579.0	4305.0	5235.0	7040.0	9211.0	13567.0	21341.0	43793.0	94324.0	174998.0	268107.0	241986.0	150427.0	145396.0	182078.0	69268.0
	15.0	16.0	17.0	18.0	19.0	20.0	21.0	22.0	23.0	24.0	25.0	26.0	27.0	28.0	29.0	30.0	31.0	32.0	33.0	34.0	35.0	36.0	37.0	38.0	39.0	40.0
Zdi-ADup_035-Ex1-1G-lcwgs-1-1.2	8.0	115.0	522.0	1326.0	2013.0	2431.0	2374.0	2881.0	3458.0	4339.0	5644.0	8193.0	12265.0	19768.0	27970.0	39539.0	49763.0	62108.0	69917.0	85076.0	110232.0	165620.0	224538.0	261332.0	251701.0	32319.0
	17.0	18.0	19.0	20.0	21.0	22.0	23.0	24.0	25.0	26.0	27.0	28.0	29.0	30.0	31.0	32.0	33.0	34.0	35.0	36.0	37.0	38.0	39.0	40.0
Zdi-ADup_036-Ex1-1H-lcwgs-1-1.1	6.0	67.0	317.0	684.0	767.0	809.0	936.0	1148.0	1285.0	1522.0	1879.0	2531.0	3355.0	4704.0	7136.0	13947.0	28091.0	50454.0	77808.0	72802.0	42094.0	42184.0	72058.0	27843.0
	15.0	16.0	17.0	18.0	19.0	20.0	21.0	22.0	23.0	24.0	25.0	26.0	27.0	28.0	29.0	30.0	31.0	32.0	33.0	34.0	35.0	36.0	37.0	38.0	39.0	40.0
Zdi-ADup_036-Ex1-1H-lcwgs-1-1.2	10.0	55.0	293.0	665.0	964.0	1099.0	874.0	943.0	1030.0	1240.0	1651.0	2240.0	3004.0	4451.0	6108.0	8378.0	10288.0	13049.0	15663.0	21484.0	29251.0	46784.0	69862.0	89713.0	110085.0	15243.0
	18.0	19.0	20.0	21.0	22.0	23.0	24.0	25.0	26.0	27.0	28.0	29.0	30.0	31.0	32.0	33.0	34.0	35.0	36.0	37.0	38.0	39.0	40.0
Zdi-ADup_037-Ex1-3D-lcwgs-1-1.1	26.0	155.0	280.0	332.0	467.0	566.0	723.0	790.0	979.0	1238.0	1621.0	2256.0	3546.0	6207.0	15314.0	36123.0	48171.0	34263.0	21308.0	20858.0	28149.0	63194.0	27958.0
	15.0	16.0	17.0	18.0	19.0	20.0	21.0	22.0	23.0	24.0	25.0	26.0	27.0	28.0	29.0	30.0	31.0	32.0	33.0	34.0	35.0	36.0	37.0	38.0	39.0	40.0
Zdi-ADup_037-Ex1-3D-lcwgs-1-1.2	4.0	33.0	132.0	282.0	395.0	477.0	508.0	540.0	560.0	757.0	913.0	1209.0	1639.0	2522.0	3515.0	5313.0	6744.0	8629.0	10629.0	13840.0	18939.0	30060.0	44241.0	60884.0	86611.0	15148.0
	17.0	18.0	19.0	20.0	21.0	22.0	23.0	24.0	25.0	26.0	27.0	28.0	29.0	30.0	31.0	32.0	33.0	34.0	35.0	36.0	37.0	38.0	39.0	40.0
Zdi-ADup_038-Ex1-2B-lcwgs-1-1.1	1.0	5.0	53.0	132.0	171.0	220.0	252.0	333.0	346.0	554.0	655.0	856.0	1201.0	1991.0	4093.0	10678.0	18946.0	22464.0	20428.0	13969.0	11461.0	14558.0	27763.0	10424.0
	16.0	17.0	18.0	19.0	20.0	21.0	22.0	23.0	24.0	25.0	26.0	27.0	28.0	29.0	30.0	31.0	32.0	33.0	34.0	35.0	36.0	37.0	38.0	39.0	40.0
Zdi-ADup_038-Ex1-2B-lcwgs-1-1.2	9.0	54.0	114.0	222.0	309.0	258.0	288.0	361.0	432.0	597.0	831.0	1075.0	1604.0	2321.0	3283.0	4146.0	5495.0	6466.0	8347.0	11065.0	17868.0	25334.0	30960.0	34710.0	5405.0
	17.0	18.0	19.0	20.0	21.0	22.0	23.0	24.0	25.0	26.0	27.0	28.0	29.0	30.0	31.0	32.0	33.0	34.0	35.0	36.0	37.0	38.0	39.0	40.0
Zdi-ADup_039-Ex1-2C-lcwgs-1-1.1	1.0	22.0	129.0	298.0	314.0	429.0	462.0	515.0	640.0	790.0	950.0	1227.0	1713.0	2528.0	4838.0	11683.0	21301.0	27816.0	28432.0	21780.0	19039.0	26657.0	59910.0	24011.0
	15.0	16.0	17.0	18.0	19.0	20.0	21.0	22.0	23.0	24.0	25.0	26.0	27.0	28.0	29.0	30.0	31.0	32.0	33.0	34.0	35.0	36.0	37.0	38.0	39.0	40.0
Zdi-ADup_039-Ex1-2C-lcwgs-1-1.2	2.0	23.0	128.0	318.0	449.0	535.0	475.0	494.0	596.0	692.0	797.0	1100.0	1422.0	2050.0	2851.0	4171.0	5647.0	7937.0	10774.0	14599.0	17269.0	25137.0	32366.0	42293.0	70732.0	12628.0
	17.0	18.0	19.0	20.0	21.0	22.0	23.0	24.0	25.0	26.0	27.0	28.0	29.0	30.0	31.0	32.0	33.0	34.0	35.0	36.0	37.0	38.0	39.0	40.0
Zdi-ADup_040-Ex1-2D-lcwgs-1-1.1	4.0	35.0	148.0	330.0	424.0	566.0	659.0	809.0	960.0	1238.0	1447.0	1881.0	2628.0	4076.0	7467.0	17631.0	30566.0	39359.0	39993.0	28428.0	22966.0	31114.0	65991.0	26741.0
	15.0	16.0	17.0	18.0	19.0	20.0	21.0	22.0	23.0	24.0	25.0	26.0	27.0	28.0	29.0	30.0	31.0	32.0	33.0	34.0	35.0	36.0	37.0	38.0	39.0	40.0
Zdi-ADup_040-Ex1-2D-lcwgs-1-1.2	1.0	28.0	141.0	362.0	517.0	617.0	598.0	629.0	709.0	888.0	1118.0	1434.0	1926.0	2930.0	4099.0	5800.0	7428.0	9544.0	11539.0	14962.0	20561.0	32058.0	45450.0	60197.0	87771.0	14154.0
	18.0	19.0	20.0	21.0	22.0	23.0	24.0	25.0	26.0	27.0	28.0	29.0	30.0	31.0	32.0	33.0	34.0	35.0	36.0	37.0	38.0	39.0	40.0
Zdi-ADup_041-Ex1-2E-lcwgs-1-1.1	14.0	62.0	131.0	174.0	210.0	257.0	363.0	374.0	446.0	635.0	809.0	1148.0	1789.0	3406.0	8083.0	14245.0	18017.0	17880.0	12635.0	10968.0	14731.0	31658.0	12217.0
	15.0	16.0	17.0	18.0	19.0	20.0	21.0	22.0	23.0	24.0	25.0	26.0	27.0	28.0	29.0	30.0	31.0	32.0	33.0	34.0	35.0	36.0	37.0	38.0	39.0	40.0
Zdi-ADup_041-Ex1-2E-lcwgs-1-1.2	1.0	6.0	74.0	135.0	222.0	268.0	245.0	292.0	323.0	375.0	468.0	598.0	817.0	1167.0	1540.0	2104.0	2847.0	3871.0	4867.0	6534.0	8914.0	14462.0	21975.0	30992.0	40643.0	6512.0
	16.0	17.0	18.0	19.0	20.0	21.0	22.0	23.0	24.0	25.0	26.0	27.0	28.0	29.0	30.0	31.0	32.0	33.0	34.0	35.0	36.0	37.0	38.0	39.0	40.0
Zdi-ADup_042-Ex1-2F-lcwgs-1-1.1	1.0	64.0	980.0	5293.0	13184.0	20280.0	28341.0	35222.0	44034.0	51038.0	62641.0	74394.0	97885.0	129827.0	201989.0	373933.0	987265.0	1966502.0	2775160.0	3041755.0	2245486.0	1785370.0	2259621.0	3954183.0	1682033.0
	14.0	15.0	16.0	17.0	18.0	19.0	20.0	21.0	22.0	23.0	24.0	25.0	26.0	27.0	28.0	29.0	30.0	31.0	32.0	33.0	34.0	35.0	36.0	37.0	38.0	39.0	40.0
Zdi-ADup_042-Ex1-2F-lcwgs-1-1.2	5.0	144.0	1759.0	8117.0	18628.0	26358.0	31167.0	31896.0	36674.0	41843.0	51780.0	62590.0	82860.0	107483.0	154519.0	211571.0	301041.0	396017.0	545523.0	703186.0	957704.0	1269307.0	2093085.0	3273509.0	4744579.0	5827558.0	857578.0
	16.0	17.0	18.0	19.0	20.0	21.0	22.0	23.0	24.0	25.0	26.0	27.0	28.0	29.0	30.0	31.0	32.0	33.0	34.0	35.0	36.0	37.0	38.0	39.0	40.0
Zdi-ADup_043-Ex1-2G-lcwgs-1-1.1	1.0	10.0	103.0	459.0	1136.0	1671.0	2350.0	2926.0	3643.0	4333.0	5091.0	6153.0	8198.0	10948.0	16867.0	31096.0	76967.0	147332.0	202403.0	219287.0	153850.0	115952.0	143858.0	254835.0	98937.0
	14.0	15.0	16.0	17.0	18.0	19.0	20.0	21.0	22.0	23.0	24.0	25.0	26.0	27.0	28.0	29.0	30.0	31.0	32.0	33.0	34.0	35.0	36.0	37.0	38.0	39.0	40.0
Zdi-ADup_043-Ex1-2G-lcwgs-1-1.2	1.0	15.0	160.0	699.0	1455.0	2034.0	2385.0	2436.0	2783.0	3212.0	3961.0	4829.0	6655.0	9673.0	15402.0	22330.0	32115.0	40952.0	52334.0	61023.0	78280.0	103336.0	153897.0	215159.0	286147.0	355790.0	51343.0
	17.0	18.0	19.0	20.0	21.0	22.0	23.0	24.0	25.0	26.0	27.0	28.0	29.0	30.0	31.0	32.0	33.0	34.0	35.0	36.0	37.0	38.0	39.0	40.0
Zdi-ADup_044-Ex1-2H-lcwgs-1-1.1	42.0	635.0	3104.0	7531.0	11370.0	15423.0	19459.0	24246.0	27887.0	34487.0	40626.0	53865.0	72356.0	115110.0	220856.0	587933.0	1091291.0	1396757.0	1437517.0	995940.0	735640.0	893197.0	1482403.0	595593.0
	14.0	15.0	16.0	17.0	18.0	19.0	20.0	21.0	22.0	23.0	24.0	25.0	26.0	27.0	28.0	29.0	30.0	31.0	32.0	33.0	34.0	35.0	36.0	37.0	38.0	39.0	40.0
Zdi-ADup_044-Ex1-2H-lcwgs-1-1.2	6.0	75.0	938.0	4091.0	9054.0	13293.0	16029.0	16295.0	19237.0	21809.0	27519.0	34093.0	45726.0	62743.0	94354.0	131456.0	183381.0	227926.0	292915.0	354380.0	463898.0	624582.0	1008220.0	1532923.0	2065516.0	2302910.0	309899.0
	17.0	18.0	19.0	20.0	21.0	22.0	23.0	24.0	25.0	26.0	27.0	28.0	29.0	30.0	31.0	32.0	33.0	34.0	35.0	36.0	37.0	38.0	39.0	40.0
Zdi-ADup_045-Ex1-3A-lcwgs-1-1.1	1.0	18.0	88.0	205.0	259.0	434.0	493.0	645.0	789.0	944.0	1244.0	1745.0	2518.0	4266.0	9059.0	26556.0	60451.0	64945.0	39513.0	20857.0	17152.0	19035.0	30562.0	13631.0
	15.0	16.0	17.0	18.0	19.0	20.0	21.0	22.0	23.0	24.0	25.0	26.0	27.0	28.0	29.0	30.0	31.0	32.0	33.0	34.0	35.0	36.0	37.0	38.0	39.0	40.0
Zdi-ADup_045-Ex1-3A-lcwgs-1-1.2	1.0	27.0	75.0	247.0	418.0	467.0	485.0	584.0	740.0	945.0	1276.0	1907.0	2846.0	4733.0	7286.0	10186.0	13189.0	17586.0	20939.0	25203.0	28363.0	39839.0	43752.0	43109.0	44789.0	6418.0
	18.0	19.0	20.0	21.0	22.0	23.0	24.0	25.0	26.0	27.0	28.0	29.0	30.0	31.0	32.0	33.0	34.0	35.0	36.0	37.0	38.0	39.0	40.0
Zdi-ADup_046-Ex1-3B-lcwgs-1-1.1	12.0	61.0	115.0	192.0	253.0	284.0	368.0	459.0	575.0	687.0	967.0	1263.0	2017.0	3838.0	10417.0	24101.0	30397.0	19485.0	10827.0	9860.0	12175.0	24660.0	10511.0
	16.0	17.0	18.0	19.0	20.0	21.0	22.0	23.0	24.0	25.0	26.0	27.0	28.0	29.0	30.0	31.0	32.0	33.0	34.0	35.0	36.0	37.0	38.0	39.0	40.0
Zdi-ADup_046-Ex1-3B-lcwgs-1-1.2	19.0	65.0	133.0	215.0	261.0	253.0	295.0	310.0	438.0	485.0	649.0	944.0	1443.0	2119.0	3047.0	4027.0	5083.0	6313.0	8040.0	11184.0	17597.0	25216.0	32475.0	37237.0	5676.0
	17.0	18.0	19.0	20.0	21.0	22.0	23.0	24.0	25.0	26.0	27.0	28.0	29.0	30.0	31.0	32.0	33.0	34.0	35.0	36.0	37.0	38.0	39.0	40.0
Zdi-ADup_047-Ex1-3C-lcwgs-1-1.1	12.0	123.0	757.0	1927.0	3078.0	4350.0	5052.0	6039.0	6738.0	8090.0	9548.0	12326.0	16744.0	26609.0	50534.0	141557.0	337165.0	401856.0	275594.0	160616.0	143265.0	164201.0	279857.0	131453.0
	15.0	16.0	17.0	18.0	19.0	20.0	21.0	22.0	23.0	24.0	25.0	26.0	27.0	28.0	29.0	30.0	31.0	32.0	33.0	34.0	35.0	36.0	37.0	38.0	39.0	40.0
Zdi-ADup_047-Ex1-3C-lcwgs-1-1.2	4.0	117.0	612.0	1632.0	2997.0	4067.0	4816.0	5994.0	6554.0	7935.0	9478.0	12425.0	16405.0	23989.0	34370.0	51432.0	69758.0	96421.0	124185.0	161764.0	184169.0	260201.0	312722.0	344095.0	389928.0	61421.0
	17.0	18.0	19.0	20.0	21.0	22.0	23.0	24.0	25.0	26.0	27.0	28.0	29.0	30.0	31.0	32.0	33.0	34.0	35.0	36.0	37.0	38.0	39.0	40.0
Zdi-CDup_001-Ex1-5D-lcwgs-1-1.1	20.0	218.0	1107.0	2506.0	4128.0	6805.0	9236.0	11780.0	13482.0	16050.0	18998.0	24632.0	32774.0	50268.0	91574.0	223829.0	429237.0	707719.0	448067.0	135651.0	99473.0	130518.0	414629.0	211286.0
	14.0	15.0	16.0	17.0	18.0	19.0	20.0	21.0	22.0	23.0	24.0	25.0	26.0	27.0	28.0	29.0	30.0	31.0	32.0	33.0	34.0	35.0	36.0	37.0	38.0	39.0	40.0
Zdi-CDup_001-Ex1-5D-lcwgs-1-1.2	2.0	45.0	646.0	2852.0	4898.0	4857.0	4760.0	4466.0	4736.0	5019.0	6243.0	7450.0	10364.0	14067.0	20879.0	28157.0	38482.0	47140.0	61321.0	81966.0	139432.0	205633.0	279466.0	343660.0	491267.0	1118920.0	157259.0
	18.0	19.0	20.0	21.0	22.0	23.0	24.0	25.0	26.0	27.0	28.0	29.0	30.0	31.0	32.0	33.0	34.0	35.0	36.0	37.0	38.0	39.0	40.0
Zdi-CDup_002-Ex1-5E-lcwgs-1-1.1	12.0	59.0	117.0	222.0	315.0	404.0	526.0	598.0	823.0	985.0	1280.0	1780.0	2897.0	5689.0	14565.0	25601.0	32687.0	21855.0	10195.0	10081.0	14613.0	48639.0	22873.0
	15.0	16.0	17.0	18.0	19.0	20.0	21.0	22.0	23.0	24.0	25.0	26.0	27.0	28.0	29.0	30.0	31.0	32.0	33.0	34.0	35.0	36.0	37.0	38.0	39.0	40.0
Zdi-CDup_002-Ex1-5E-lcwgs-1-1.2	2.0	31.0	132.0	270.0	349.0	335.0	345.0	348.0	437.0	573.0	745.0	1009.0	1385.0	2303.0	3367.0	5337.0	7672.0	10672.0	12126.0	12979.0	13023.0	13682.0	15838.0	25155.0	74119.0	14582.0
	17.0	18.0	19.0	20.0	21.0	22.0	23.0	24.0	25.0	26.0	27.0	28.0	29.0	30.0	31.0	32.0	33.0	34.0	35.0	36.0	37.0	38.0	39.0	40.0
Zdi-CDup_003-Ex1-5F-lcwgs-1-1.1	7.0	86.0	394.0	849.0	1272.0	1821.0	2206.0	2910.0	3366.0	4098.0	4822.0	6405.0	8451.0	13419.0	28257.0	78343.0	127223.0	141309.0	99793.0	53056.0	54114.0	76134.0	256625.0	134117.0
	14.0	15.0	16.0	17.0	18.0	19.0	20.0	21.0	22.0	23.0	24.0	25.0	26.0	27.0	28.0	29.0	30.0	31.0	32.0	33.0	34.0	35.0	36.0	37.0	38.0	39.0	40.0
Zdi-CDup_003-Ex1-5F-lcwgs-1-1.2	3.0	18.0	188.0	813.0	1552.0	2028.0	2165.0	2059.0	2311.0	2701.0	3339.0	3764.0	5057.0	6648.0	9221.0	12010.0	16675.0	20849.0	27113.0	34192.0	46440.0	61577.0	91754.0	123826.0	173879.0	371591.0	77304.0
	17.0	18.0	19.0	20.0	21.0	22.0	23.0	24.0	25.0	26.0	27.0	28.0	29.0	30.0	31.0	32.0	33.0	34.0	35.0	36.0	37.0	38.0	39.0	40.0
Zdi-CDup_004-Ex1-5G-lcwgs-1-1.1	2.0	15.0	73.0	168.0	244.0	356.0	480.0	635.0	737.0	872.0	1101.0	1522.0	2061.0	3380.0	6402.0	16203.0	28977.0	38537.0	25067.0	10769.0	10216.0	14892.0	49250.0	24242.0
	14.0	15.0	16.0	17.0	18.0	19.0	20.0	21.0	22.0	23.0	24.0	25.0	26.0	27.0	28.0	29.0	30.0	31.0	32.0	33.0	34.0	35.0	36.0	37.0	38.0	39.0	40.0
Zdi-CDup_004-Ex1-5G-lcwgs-1-1.2	1.0	1.0	45.0	165.0	296.0	386.0	367.0	334.0	412.0	438.0	564.0	683.0	936.0	1382.0	2055.0	3058.0	4619.0	6322.0	8754.0	10709.0	13191.0	14614.0	18077.0	20520.0	30260.0	82318.0	15694.0
	17.0	18.0	19.0	20.0	21.0	22.0	23.0	24.0	25.0	26.0	27.0	28.0	29.0	30.0	31.0	32.0	33.0	34.0	35.0	36.0	37.0	38.0	39.0	40.0
Zdi-CDup_005-Ex1-5H-lcwgs-1-1.1	15.0	176.0	824.0	2136.0	2995.0	4113.0	5020.0	6271.0	7050.0	8574.0	9756.0	12243.0	15111.0	22327.0	40872.0	107639.0	196702.0	238779.0	203979.0	147895.0	173949.0	274970.0	1051262.0	570638.0
	14.0	15.0	16.0	17.0	18.0	19.0	20.0	21.0	22.0	23.0	24.0	25.0	26.0	27.0	28.0	29.0	30.0	31.0	32.0	33.0	34.0	35.0	36.0	37.0	38.0	39.0	40.0
Zdi-CDup_005-Ex1-5H-lcwgs-1-1.2	1.0	38.0	530.0	1996.0	4022.0	5371.0	5890.0	5858.0	6475.0	6766.0	8139.0	9323.0	11504.0	14125.0	19212.0	24822.0	33746.0	42489.0	55605.0	69134.0	91977.0	124846.0	194737.0	292097.0	484179.0	1274270.0	316144.0
	16.0	17.0	18.0	19.0	20.0	21.0	22.0	23.0	24.0	25.0	26.0	27.0	28.0	29.0	30.0	31.0	32.0	33.0	34.0	35.0	36.0	37.0	38.0	39.0	40.0
Zdi-CDup_006-Ex1-6A-lcwgs-1-1.1	2.0	24.0	316.0	1669.0	4020.0	5909.0	7997.0	9668.0	12052.0	13631.0	16098.0	18673.0	22934.0	27313.0	37398.0	57396.0	122544.0	228949.0	358966.0	428577.0	385320.0	399240.0	652073.0	2508894.0	1302810.0
	14.0	15.0	16.0	17.0	18.0	19.0	20.0	21.0	22.0	23.0	24.0	25.0	26.0	27.0	28.0	29.0	30.0	31.0	32.0	33.0	34.0	35.0	36.0	37.0	38.0	39.0	40.0
Zdi-CDup_006-Ex1-6A-lcwgs-1-1.2	5.0	103.0	986.0	4207.0	8867.0	11401.0	13154.0	12885.0	13994.0	15551.0	18133.0	20876.0	25063.0	29409.0	38137.0	47509.0	63319.0	77608.0	100350.0	121665.0	160233.0	221275.0	350107.0	569000.0	1045381.0	2957376.0	695879.0
	17.0	18.0	19.0	20.0	21.0	22.0	23.0	24.0	25.0	26.0	27.0	28.0	29.0	30.0	31.0	32.0	33.0	34.0	35.0	36.0	37.0	38.0	39.0	40.0
Zdi-CDup_007-Ex1-6B-lcwgs-1-1.1	18.0	154.0	580.0	1310.0	1911.0	2660.0	3256.0	3989.0	4791.0	5684.0	6709.0	8869.0	11564.0	17674.0	32360.0	81460.0	146880.0	205825.0	232116.0	168826.0	117933.0	147335.0	393870.0	195430.0
	14.0	15.0	16.0	17.0	18.0	19.0	20.0	21.0	22.0	23.0	24.0	25.0	26.0	27.0	28.0	29.0	30.0	31.0	32.0	33.0	34.0	35.0	36.0	37.0	38.0	39.0	40.0
Zdi-CDup_007-Ex1-6B-lcwgs-1-1.2	4.0	18.0	271.0	1165.0	2204.0	2920.0	3289.0	3156.0	3443.0	3911.0	4934.0	5895.0	7629.0	9953.0	13881.0	18937.0	26136.0	34076.0	44532.0	56601.0	77916.0	104287.0	160062.0	228451.0	318106.0	554826.0	104601.0
	17.0	18.0	19.0	20.0	21.0	22.0	23.0	24.0	25.0	26.0	27.0	28.0	29.0	30.0	31.0	32.0	33.0	34.0	35.0	36.0	37.0	38.0	39.0	40.0
Zdi-CDup_008-Ex1-6C-lcwgs-1-1.1	9.0	67.0	270.0	636.0	974.0	1365.0	1732.0	2118.0	2510.0	3073.0	3619.0	4784.0	6227.0	9394.0	16149.0	34105.0	57294.0	85350.0	118163.0	82724.0	45925.0	65194.0	222733.0	108896.0
	15.0	16.0	17.0	18.0	19.0	20.0	21.0	22.0	23.0	24.0	25.0	26.0	27.0	28.0	29.0	30.0	31.0	32.0	33.0	34.0	35.0	36.0	37.0	38.0	39.0	40.0
Zdi-CDup_008-Ex1-6C-lcwgs-1-1.2	7.0	117.0	630.0	1088.0	1399.0	1411.0	1376.0	1537.0	1541.0	1885.0	2283.0	2937.0	3596.0	4932.0	6612.0	8751.0	10828.0	14244.0	18437.0	29459.0	44585.0	66388.0	92435.0	141853.0	349331.0	65649.0
	16.0	17.0	18.0	19.0	20.0	21.0	22.0	23.0	24.0	25.0	26.0	27.0	28.0	29.0	30.0	31.0	32.0	33.0	34.0	35.0	36.0	37.0	38.0	39.0	40.0
Zdi-CDup_010-Ex1-6D-lcwgs-1-1.1	2.0	53.0	613.0	2232.0	5369.0	8836.0	13280.0	17032.0	21179.0	23858.0	27872.0	32392.0	40607.0	50890.0	73167.0	115246.0	238431.0	416650.0	688321.0	1093345.0	772567.0	362771.0	490337.0	1654588.0	834928.0
	14.0	15.0	16.0	17.0	18.0	19.0	20.0	21.0	22.0	23.0	24.0	25.0	26.0	27.0	28.0	29.0	30.0	31.0	32.0	33.0	34.0	35.0	36.0	37.0	38.0	39.0	40.0
Zdi-CDup_010-Ex1-6D-lcwgs-1-1.2	3.0	97.0	1406.0	5519.0	10107.0	11245.0	11717.0	11070.0	11716.0	12397.0	15168.0	17574.0	22842.0	29374.0	41569.0	54835.0	73540.0	91755.0	122142.0	164795.0	276796.0	396554.0	540955.0	691224.0	1065277.0	2786869.0	518020.0
	17.0	18.0	19.0	20.0	21.0	22.0	23.0	24.0	25.0	26.0	27.0	28.0	29.0	30.0	31.0	32.0	33.0	34.0	35.0	36.0	37.0	38.0	39.0	40.0
Zdi-CDup_011-Ex1-6E-lcwgs-1-1.1	20.0	265.0	1094.0	2630.0	4157.0	5976.0	7703.0	9454.0	10637.0	12662.0	14693.0	18614.0	23473.0	34248.0	56473.0	126941.0	223520.0	340389.0	471824.0	352285.0	225434.0	330929.0	1194491.0	631194.0
	14.0	15.0	16.0	17.0	18.0	19.0	20.0	21.0	22.0	23.0	24.0	25.0	26.0	27.0	28.0	29.0	30.0	31.0	32.0	33.0	34.0	35.0	36.0	37.0	38.0	39.0	40.0
Zdi-CDup_011-Ex1-6E-lcwgs-1-1.2	1.0	57.0	768.0	3177.0	5934.0	7012.0	7185.0	6910.0	7381.0	8204.0	10014.0	12233.0	17152.0	23603.0	35626.0	51297.0	78278.0	112169.0	158508.0	184339.0	208778.0	214668.0	234774.0	278783.0	478907.0	1591864.0	361484.0
	17.0	18.0	19.0	20.0	21.0	22.0	23.0	24.0	25.0	26.0	27.0	28.0	29.0	30.0	31.0	32.0	33.0	34.0	35.0	36.0	37.0	38.0	39.0	40.0
Zdi-CDup_012-Ex1-6F-lcwgs-1-1.1	19.0	188.0	695.0	1504.0	2394.0	3650.0	4778.0	5710.0	6533.0	7594.0	8564.0	10806.0	13586.0	19748.0	30961.0	61937.0	104584.0	183922.0	329659.0	225329.0	78750.0	93174.0	253985.0	124311.0
	14.0	15.0	16.0	17.0	18.0	19.0	20.0	21.0	22.0	23.0	24.0	25.0	26.0	27.0	28.0	29.0	30.0	31.0	32.0	33.0	34.0	35.0	36.0	37.0	38.0	39.0	40.0
Zdi-CDup_012-Ex1-6F-lcwgs-1-1.2	1.0	31.0	408.0	1598.0	2776.0	2740.0	2383.0	2139.0	2084.0	2403.0	2739.0	3386.0	4233.0	5684.0	7526.0	10084.0	13287.0	16036.0	21543.0	31511.0	63821.0	99769.0	134144.0	173326.0	266130.0	615104.0	87495.0
	17.0	18.0	19.0	20.0	21.0	22.0	23.0	24.0	25.0	26.0	27.0	28.0	29.0	30.0	31.0	32.0	33.0	34.0	35.0	36.0	37.0	38.0	39.0	40.0
Zdi-CDup_013-Ex1-6G-lcwgs-1-1.1	6.0	31.0	159.0	349.0	528.0	706.0	880.0	1055.0	1210.0	1475.0	1892.0	2418.0	3270.0	5040.0	8715.0	18275.0	30536.0	44259.0	55974.0	39509.0	25829.0	39491.0	137512.0	64447.0
	15.0	16.0	17.0	18.0	19.0	20.0	21.0	22.0	23.0	24.0	25.0	26.0	27.0	28.0	29.0	30.0	31.0	32.0	33.0	34.0	35.0	36.0	37.0	38.0	39.0	40.0
Zdi-CDup_013-Ex1-6G-lcwgs-1-1.2	6.0	79.0	305.0	603.0	789.0	804.0	773.0	804.0	870.0	1068.0	1238.0	1698.0	2268.0	3401.0	4835.0	7369.0	10174.0	14494.0	17811.0	23163.0	27352.0	33740.0	40157.0	64086.0	187322.0	38357.0
	16.0	17.0	18.0	19.0	20.0	21.0	22.0	23.0	24.0	25.0	26.0	27.0	28.0	29.0	30.0	31.0	32.0	33.0	34.0	35.0	36.0	37.0	38.0	39.0	40.0
Zdi-CDup_014-Ex1-6H-lcwgs-1-1.1	1.0	50.0	445.0	1833.0	3993.0	6101.0	8221.0	10561.0	13004.0	14765.0	17814.0	21170.0	27397.0	35976.0	53839.0	98446.0	244101.0	422836.0	591041.0	717223.0	517145.0	330521.0	415975.0	1137403.0	580796.0
	14.0	15.0	16.0	17.0	18.0	19.0	20.0	21.0	22.0	23.0	24.0	25.0	26.0	27.0	28.0	29.0	30.0	31.0	32.0	33.0	34.0	35.0	36.0	37.0	38.0	39.0	40.0
Zdi-CDup_014-Ex1-6H-lcwgs-1-1.2	4.0	75.0	920.0	3857.0	7651.0	9326.0	9700.0	9188.0	10346.0	11549.0	14175.0	17220.0	22447.0	30210.0	42787.0	57272.0	80180.0	100662.0	130535.0	162507.0	226332.0	315621.0	473457.0	645790.0	873515.0	1692481.0	322850.0
	17.0	18.0	19.0	20.0	21.0	22.0	23.0	24.0	25.0	26.0	27.0	28.0	29.0	30.0	31.0	32.0	33.0	34.0	35.0	36.0	37.0	38.0	39.0	40.0
Zdi-CDup_015-Ex1-7A-lcwgs-1-1.1	4.0	28.0	103.0	285.0	461.0	656.0	880.0	1099.0	1272.0	1657.0	2122.0	2675.0	3420.0	5447.0	9516.0	20563.0	35172.0	48954.0	57898.0	41768.0	27484.0	41250.0	128387.0	49571.0
	14.0	15.0	16.0	17.0	18.0	19.0	20.0	21.0	22.0	23.0	24.0	25.0	26.0	27.0	28.0	29.0	30.0	31.0	32.0	33.0	34.0	35.0	36.0	37.0	38.0	39.0	40.0
Zdi-CDup_015-Ex1-7A-lcwgs-1-1.2	1.0	2.0	70.0	312.0	597.0	680.0	797.0	783.0	788.0	905.0	1110.0	1272.0	1625.0	2024.0	2887.0	3819.0	5101.0	6454.0	8237.0	10362.0	15508.0	23246.0	35938.0	53188.0	84113.0	189017.0	31836.0
	17.0	18.0	19.0	20.0	21.0	22.0	23.0	24.0	25.0	26.0	27.0	28.0	29.0	30.0	31.0	32.0	33.0	34.0	35.0	36.0	37.0	38.0	39.0	40.0
Zdi-CDup_016-Ex1-7B-lcwgs-1-1.1	16.0	232.0	1019.0	2397.0	3787.0	5399.0	6735.0	8618.0	9934.0	12115.0	14591.0	19238.0	24954.0	38238.0	68724.0	170373.0	319620.0	405703.0	420032.0	312081.0	234164.0	319051.0	861275.0	399598.0
	15.0	16.0	17.0	18.0	19.0	20.0	21.0	22.0	23.0	24.0	25.0	26.0	27.0	28.0	29.0	30.0	31.0	32.0	33.0	34.0	35.0	36.0	37.0	38.0	39.0	40.0
Zdi-CDup_016-Ex1-7B-lcwgs-1-1.2	39.0	491.0	1990.0	4191.0	5516.0	6580.0	6683.0	7493.0	8401.0	10251.0	12323.0	16198.0	21064.0	29937.0	40384.0	56488.0	72178.0	94880.0	117180.0	154617.0	204650.0	321086.0	461387.0	649167.0	1135815.0	218905.0
	17.0	18.0	19.0	20.0	21.0	22.0	23.0	24.0	25.0	26.0	27.0	28.0	29.0	30.0	31.0	32.0	33.0	34.0	35.0	36.0	37.0	38.0	39.0	40.0
Zdi-CDup_017-Ex1-7C-lcwgs-1-1.1	8.0	52.0	262.0	635.0	1045.0	1479.0	1820.0	2350.0	2810.0	3551.0	4382.0	6048.0	8038.0	12552.0	22914.0	54161.0	95084.0	118051.0	127225.0	90565.0	59691.0	81000.0	228800.0	106439.0
	15.0	16.0	17.0	18.0	19.0	20.0	21.0	22.0	23.0	24.0	25.0	26.0	27.0	28.0	29.0	30.0	31.0	32.0	33.0	34.0	35.0	36.0	37.0	38.0	39.0	40.0
Zdi-CDup_017-Ex1-7C-lcwgs-1-1.2	11.0	144.0	574.0	1144.0	1450.0	1618.0	1602.0	1915.0	2102.0	2511.0	3287.0	4390.0	5849.0	8263.0	11159.0	15480.0	19087.0	24731.0	30371.0	41473.0	58861.0	90467.0	125475.0	173478.0	341031.0	62489.0
	16.0	17.0	18.0	19.0	20.0	21.0	22.0	23.0	24.0	25.0	26.0	27.0	28.0	29.0	30.0	31.0	32.0	33.0	34.0	35.0	36.0	37.0	38.0	39.0	40.0
Zdi-CDup_018-Ex1-7D-lcwgs-1-1.1	1.0	26.0	336.0	1599.0	4038.0	6981.0	10913.0	14971.0	19193.0	22359.0	26752.0	31596.0	40687.0	51328.0	72819.0	115783.0	233898.0	405950.0	610662.0	889050.0	632847.0	270489.0	337392.0	1063755.0	487613.0
	14.0	15.0	16.0	17.0	18.0	19.0	20.0	21.0	22.0	23.0	24.0	25.0	26.0	27.0	28.0	29.0	30.0	31.0	32.0	33.0	34.0	35.0	36.0	37.0	38.0	39.0	40.0
Zdi-CDup_018-Ex1-7D-lcwgs-1-1.2	2.0	69.0	920.0	3813.0	6890.0	7567.0	8230.0	8184.0	8713.0	9522.0	11568.0	13744.0	17845.0	24034.0	33611.0	43782.0	59528.0	73101.0	95641.0	129101.0	217208.0	316371.0	432578.0	546705.0	826336.0	2115587.0	340388.0
	17.0	18.0	19.0	20.0	21.0	22.0	23.0	24.0	25.0	26.0	27.0	28.0	29.0	30.0	31.0	32.0	33.0	34.0	35.0	36.0	37.0	38.0	39.0	40.0
Zdi-CDup_019-Ex1-7E-lcwgs-1-1.1	15.0	256.0	1327.0	3196.0	4994.0	7045.0	8596.0	10970.0	12939.0	15843.0	19279.0	24893.0	33194.0	50574.0	92783.0	231029.0	429583.0	535586.0	521384.0	408585.0	367508.0	559227.0	1773496.0	859858.0
	14.0	15.0	16.0	17.0	18.0	19.0	20.0	21.0	22.0	23.0	24.0	25.0	26.0	27.0	28.0	29.0	30.0	31.0	32.0	33.0	34.0	35.0	36.0	37.0	38.0	39.0	40.0
Zdi-CDup_019-Ex1-7E-lcwgs-1-1.2	2.0	67.0	864.0	3482.0	7137.0	9442.0	10682.0	10715.0	12117.0	14065.0	17952.0	22503.0	32066.0	48234.0	76297.0	114715.0	177832.0	258709.0	361664.0	405742.0	410565.0	348855.0	337344.0	372249.0	595836.0	1859727.0	463297.0
	17.0	18.0	19.0	20.0	21.0	22.0	23.0	24.0	25.0	26.0	27.0	28.0	29.0	30.0	31.0	32.0	33.0	34.0	35.0	36.0	37.0	38.0	39.0	40.0
Zdi-CDup_020-Ex1-7F-lcwgs-1-1.1	5.0	25.0	82.0	214.0	401.0	583.0	726.0	1009.0	1171.0	1410.0	1661.0	2343.0	2945.0	4588.0	7837.0	16270.0	27486.0	39145.0	53928.0	37976.0	15837.0	18932.0	51647.0	22078.0
	15.0	16.0	17.0	18.0	19.0	20.0	21.0	22.0	23.0	24.0	25.0	26.0	27.0	28.0	29.0	30.0	31.0	32.0	33.0	34.0	35.0	36.0	37.0	38.0	39.0	40.0
Zdi-CDup_020-Ex1-7F-lcwgs-1-1.2	4.0	49.0	237.0	400.0	427.0	385.0	424.0	423.0	508.0	575.0	717.0	982.0	1258.0	1759.0	2270.0	3238.0	4136.0	5456.0	7441.0	12630.0	19077.0	27301.0	35814.0	51957.0	114395.0	16436.0
	17.0	18.0	19.0	20.0	21.0	22.0	23.0	24.0	25.0	26.0	27.0	28.0	29.0	30.0	31.0	32.0	33.0	34.0	35.0	36.0	37.0	38.0	39.0	40.0
Zdi-CDup_021-Ex1-7G-lcwgs-1-1.1	37.0	604.0	2740.0	6610.0	11613.0	18048.0	24074.0	31589.0	36028.0	43450.0	51529.0	66696.0	85531.0	124279.0	202343.0	433950.0	773113.0	1124428.0	1565838.0	1134984.0	518833.0	647306.0	1936034.0	955159.0
	14.0	15.0	16.0	17.0	18.0	19.0	20.0	21.0	22.0	23.0	24.0	25.0	26.0	27.0	28.0	29.0	30.0	31.0	32.0	33.0	34.0	35.0	36.0	37.0	38.0	39.0	40.0
Zdi-CDup_021-Ex1-7G-lcwgs-1-1.2	3.0	133.0	1905.0	7858.0	13774.0	14684.0	14456.0	13186.0	14576.0	16577.0	20247.0	25677.0	36511.0	51658.0	80124.0	117624.0	178111.0	244398.0	332772.0	401183.0	511581.0	610066.0	739587.0	839553.0	1267463.0	3577879.0	663230.0
	17.0	18.0	19.0	20.0	21.0	22.0	23.0	24.0	25.0	26.0	27.0	28.0	29.0	30.0	31.0	32.0	33.0	34.0	35.0	36.0	37.0	38.0	39.0	40.0
Zdi-CDup_022-Ex1-7H-lcwgs-1-1.1	5.0	33.0	216.0	493.0	741.0	1021.0	1271.0	1626.0	1931.0	2426.0	2798.0	3925.0	5328.0	8331.0	15512.0	39102.0	72228.0	89262.0	86826.0	64727.0	53254.0	76736.0	216178.0	98720.0
	14.0	15.0	16.0	17.0	18.0	19.0	20.0	21.0	22.0	23.0	24.0	25.0	26.0	27.0	28.0	29.0	30.0	31.0	32.0	33.0	34.0	35.0	36.0	37.0	38.0	39.0	40.0
Zdi-CDup_022-Ex1-7H-lcwgs-1-1.2	2.0	12.0	128.0	508.0	948.0	1253.0	1369.0	1376.0	1647.0	1795.0	2247.0	2771.0	3625.0	4757.0	6975.0	9464.0	13462.0	17014.0	22506.0	27396.0	35205.0	47239.0	74499.0	104055.0	141834.0	266057.0	54546.0
	18.0	19.0	20.0	21.0	22.0	23.0	24.0	25.0	26.0	27.0	28.0	29.0	30.0	31.0	32.0	33.0	34.0	35.0	36.0	37.0	38.0	39.0	40.0
Zdi-CDup_023-Ex1-8A-lcwgs-1-1.1	2.0	15.0	47.0	95.0	157.0	236.0	262.0	339.0	398.0	485.0	672.0	879.0	1393.0	2477.0	5905.0	12070.0	19720.0	11905.0	4240.0	3852.0	5671.0	18778.0	8310.0
	15.0	16.0	17.0	18.0	19.0	20.0	21.0	22.0	23.0	24.0	25.0	26.0	27.0	28.0	29.0	30.0	31.0	32.0	33.0	34.0	35.0	36.0	37.0	38.0	39.0	40.0
Zdi-CDup_023-Ex1-8A-lcwgs-1-1.2	1.0	15.0	70.0	109.0	141.0	130.0	131.0	159.0	153.0	186.0	236.0	302.0	420.0	574.0	703.0	961.0	1178.0	1499.0	2000.0	3520.0	5755.0	8333.0	11148.0	17211.0	37167.0	5806.0
	18.0	19.0	20.0	21.0	22.0	23.0	24.0	25.0	26.0	27.0	28.0	29.0	30.0	31.0	32.0	33.0	34.0	35.0	36.0	37.0	38.0	39.0	40.0
Zdi-CDup_024-Ex1-8B-lcwgs-1-1.1	6.0	19.0	39.0	87.0	135.0	186.0	229.0	274.0	304.0	365.0	517.0	670.0	1081.0	1899.0	4446.0	9319.0	15859.0	9867.0	3258.0	2880.0	4011.0	14455.0	7018.0
	16.0	17.0	18.0	19.0	20.0	21.0	22.0	23.0	24.0	25.0	26.0	27.0	28.0	29.0	30.0	31.0	32.0	33.0	34.0	35.0	36.0	37.0	38.0	39.0	40.0
Zdi-CDup_024-Ex1-8B-lcwgs-1-1.2	21.0	44.0	97.0	108.0	116.0	98.0	117.0	124.0	130.0	179.0	217.0	315.0	437.0	553.0	766.0	972.0	1278.0	1885.0	3377.0	4943.0	6696.0	8914.0	13012.0	27891.0	4634.0
	17.0	18.0	19.0	20.0	21.0	22.0	23.0	24.0	25.0	26.0	27.0	28.0	29.0	30.0	31.0	32.0	33.0	34.0	35.0	36.0	37.0	38.0	39.0	40.0
Zdi-CDup_025-Ex1-8C-lcwgs-1-1.1	3.0	10.0	56.0	155.0	335.0	576.0	795.0	1011.0	1132.0	1433.0	1735.0	2180.0	3007.0	4546.0	7849.0	18047.0	38887.0	76879.0	45881.0	10568.0	6901.0	8690.0	27790.0	14295.0
	15.0	16.0	17.0	18.0	19.0	20.0	21.0	22.0	23.0	24.0	25.0	26.0	27.0	28.0	29.0	30.0	31.0	32.0	33.0	34.0	35.0	36.0	37.0	38.0	39.0	40.0
Zdi-CDup_025-Ex1-8C-lcwgs-1-1.2	3.0	47.0	207.0	339.0	333.0	303.0	288.0	309.0	317.0	375.0	521.0	682.0	924.0	1297.0	1753.0	2333.0	2739.0	3609.0	5396.0	11388.0	19003.0	25624.0	32016.0	46546.0	103230.0	13179.0
	17.0	18.0	19.0	20.0	21.0	22.0	23.0	24.0	25.0	26.0	27.0	28.0	29.0	30.0	31.0	32.0	33.0	34.0	35.0	36.0	37.0	38.0	39.0	40.0
Zdi-CDup_026-Ex1-8D-lcwgs-1-1.1	5.0	68.0	304.0	854.0	1500.0	2582.0	3606.0	4736.0	5378.0	6522.0	7860.0	10255.0	13716.0	21341.0	37355.0	86763.0	182942.0	328008.0	199809.0	51943.0	38077.0	49650.0	170240.0	86885.0
	15.0	16.0	17.0	18.0	19.0	20.0	21.0	22.0	23.0	24.0	25.0	26.0	27.0	28.0	29.0	30.0	31.0	32.0	33.0	34.0	35.0	36.0	37.0	38.0	39.0	40.0
Zdi-CDup_026-Ex1-8D-lcwgs-1-1.2	10.0	220.0	1017.0	1720.0	1842.0	1662.0	1538.0	1619.0	1735.0	2142.0	2808.0	3725.0	5389.0	7981.0	10859.0	14419.0	17649.0	23259.0	34334.0	65964.0	97153.0	125469.0	149992.0	210343.0	464439.0	63111.0
	18.0	19.0	20.0	21.0	22.0	23.0	24.0	25.0	26.0	27.0	28.0	29.0	30.0	31.0	32.0	33.0	34.0	35.0	36.0	37.0	38.0	39.0	40.0
Zdi-CDup_027-Ex1-8E-lcwgs-1-1.1	8.0	32.0	99.0	184.0	340.0	500.0	615.0	679.0	883.0	1080.0	1375.0	1840.0	2924.0	4961.0	10866.0	23644.0	45941.0	27576.0	5900.0	3620.0	4915.0	15657.0	7253.0
	15.0	16.0	17.0	18.0	19.0	20.0	21.0	22.0	23.0	24.0	25.0	26.0	27.0	28.0	29.0	30.0	31.0	32.0	33.0	34.0	35.0	36.0	37.0	38.0	39.0	40.0
Zdi-CDup_027-Ex1-8E-lcwgs-1-1.2	3.0	37.0	123.0	220.0	187.0	154.0	148.0	153.0	183.0	229.0	362.0	534.0	716.0	1141.0	1708.0	2584.0	3550.0	4775.0	5978.0	8364.0	11352.0	12863.0	14805.0	22659.0	60256.0	7808.0
	18.0	19.0	20.0	21.0	22.0	23.0	24.0	25.0	26.0	27.0	28.0	29.0	30.0	31.0	32.0	33.0	34.0	35.0	36.0	37.0	38.0	39.0	40.0
Zdi-CDup_028-Ex1-8F-lcwgs-1-1.1	7.0	36.0	81.0	126.0	193.0	270.0	389.0	431.0	516.0	634.0	863.0	1064.0	1809.0	3145.0	8087.0	15925.0	20957.0	14750.0	8267.0	8740.0	13452.0	51125.0	26683.0
	15.0	16.0	17.0	18.0	19.0	20.0	21.0	22.0	23.0	24.0	25.0	26.0	27.0	28.0	29.0	30.0	31.0	32.0	33.0	34.0	35.0	36.0	37.0	38.0	39.0	40.0
Zdi-CDup_028-Ex1-8F-lcwgs-1-1.2	2.0	23.0	99.0	184.0	258.0	326.0	332.0	339.0	362.0	440.0	516.0	669.0	803.0	1100.0	1485.0	2016.0	2558.0	3409.0	4288.0	6466.0	8659.0	12733.0	18190.0	27943.0	69109.0	15241.0
	18.0	19.0	20.0	21.0	22.0	23.0	24.0	25.0	26.0	27.0	28.0	29.0	30.0	31.0	32.0	33.0	34.0	35.0	36.0	37.0	38.0	39.0	40.0
Zdi-CDup_029-Ex1-8G-lcwgs-1-1.1	3.0	39.0	55.0	110.0	149.0	176.0	259.0	322.0	353.0	446.0	552.0	777.0	1255.0	2232.0	5564.0	11599.0	15528.0	11077.0	6364.0	7437.0	11434.0	45278.0	23977.0
	16.0	17.0	18.0	19.0	20.0	21.0	22.0	23.0	24.0	25.0	26.0	27.0	28.0	29.0	30.0	31.0	32.0	33.0	34.0	35.0	36.0	37.0	38.0	39.0	40.0
Zdi-CDup_029-Ex1-8G-lcwgs-1-1.2	22.0	77.0	154.0	192.0	208.0	231.0	264.0	262.0	334.0	408.0	522.0	698.0	1045.0	1432.0	2306.0	3138.0	4598.0	5649.0	7109.0	8099.0	9585.0	11559.0	18287.0	55146.0	13661.0
	18.0	19.0	20.0	21.0	22.0	23.0	24.0	25.0	26.0	27.0	28.0	29.0	30.0	31.0	32.0	33.0	34.0	35.0	36.0	37.0	38.0	39.0	40.0
Zdi-CDup_030-Ex1-8H-lcwgs-1-1.1	1.0	13.0	13.0	30.0	65.0	72.0	92.0	113.0	152.0	171.0	203.0	347.0	481.0	962.0	2286.0	4670.0	6580.0	4123.0	1686.0	1791.0	2479.0	7963.0	3664.0
	16.0	17.0	18.0	19.0	20.0	21.0	22.0	23.0	24.0	25.0	26.0	27.0	28.0	29.0	30.0	31.0	32.0	33.0	34.0	35.0	36.0	37.0	38.0	39.0	40.0
Zdi-CDup_030-Ex1-8H-lcwgs-1-1.2	2.0	17.0	52.0	73.0	54.0	61.0	63.0	69.0	83.0	94.0	121.0	173.0	220.0	297.0	416.0	524.0	733.0	987.0	1611.0	2352.0	3365.0	4487.0	6329.0	13497.0	2277.0
	17.0	18.0	19.0	20.0	21.0	22.0	23.0	24.0	25.0	26.0	27.0	28.0	29.0	30.0	31.0	32.0	33.0	34.0	35.0	36.0	37.0	38.0	39.0	40.0
Zdi-CDup_031-Ex1-9A-lcwgs-1-1.1	13.0	197.0	1003.0	2350.0	3519.0	4863.0	5919.0	7650.0	8801.0	10905.0	13006.0	16945.0	22746.0	36077.0	78414.0	216554.0	325045.0	351207.0	307533.0	200174.0	214529.0	297180.0	1004760.0	531365.0
	14.0	15.0	16.0	17.0	18.0	19.0	20.0	21.0	22.0	23.0	24.0	25.0	26.0	27.0	28.0	29.0	30.0	31.0	32.0	33.0	34.0	35.0	36.0	37.0	38.0	39.0	40.0
Zdi-CDup_031-Ex1-9A-lcwgs-1-1.2	2.0	50.0	569.0	2234.0	4556.0	5829.0	6603.0	6727.0	7397.0	8272.0	10282.0	12042.0	15575.0	20461.0	28614.0	37518.0	51239.0	62753.0	79932.0	94599.0	122874.0	167398.0	265468.0	403729.0	622530.0	1323250.0	300252.0
	17.0	18.0	19.0	20.0	21.0	22.0	23.0	24.0	25.0	26.0	27.0	28.0	29.0	30.0	31.0	32.0	33.0	34.0	35.0	36.0	37.0	38.0	39.0	40.0
Zdi-CDup_032-Ex1-9B-lcwgs-1-1.1	2.0	20.0	96.0	255.0	425.0	670.0	873.0	1200.0	1337.0	1645.0	1905.0	2628.0	3408.0	5362.0	10934.0	26437.0	40187.0	59909.0	56896.0	20999.0	14791.0	18252.0	56940.0	28073.0
	15.0	16.0	17.0	18.0	19.0	20.0	21.0	22.0	23.0	24.0	25.0	26.0	27.0	28.0	29.0	30.0	31.0	32.0	33.0	34.0	35.0	36.0	37.0	38.0	39.0	40.0
Zdi-CDup_032-Ex1-9B-lcwgs-1-1.2	6.0	73.0	268.0	506.0	478.0	531.0	553.0	560.0	645.0	762.0	894.0	1245.0	1540.0	2262.0	2941.0	4066.0	5036.0	6544.0	8934.0	15025.0	22277.0	31521.0	42469.0	61245.0	122529.0	20334.0
	17.0	18.0	19.0	20.0	21.0	22.0	23.0	24.0	25.0	26.0	27.0	28.0	29.0	30.0	31.0	32.0	33.0	34.0	35.0	36.0	37.0	38.0	39.0	40.0
Zdi-CDup_033-Ex1-9C-lcwgs-1-1.1	10.0	138.0	603.0	1683.0	2992.0	5167.0	7365.0	9894.0	11548.0	13791.0	16323.0	21261.0	28000.0	43107.0	83279.0	194083.0	308850.0	513119.0	502209.0	150716.0	80959.0	88662.0	264037.0	138916.0
	14.0	15.0	16.0	17.0	18.0	19.0	20.0	21.0	22.0	23.0	24.0	25.0	26.0	27.0	28.0	29.0	30.0	31.0	32.0	33.0	34.0	35.0	36.0	37.0	38.0	39.0	40.0
Zdi-CDup_033-Ex1-9C-lcwgs-1-1.2	1.0	50.0	564.0	2252.0	3871.0	3803.0	3183.0	2957.0	2974.0	3343.0	4196.0	5413.0	7256.0	9935.0	14723.0	19786.0	26787.0	31808.0	40995.0	54391.0	96836.0	159390.0	227722.0	292390.0	421865.0	928540.0	121681.0
	16.0	17.0	18.0	19.0	20.0	21.0	22.0	23.0	24.0	25.0	26.0	27.0	28.0	29.0	30.0	31.0	32.0	33.0	34.0	35.0	36.0	37.0	38.0	39.0	40.0
Zdi-CDup_034-Ex1-9D-lcwgs-1-1.1	1.0	43.0	498.0	2141.0	5730.0	11290.0	19723.0	28485.0	37334.0	42574.0	50834.0	60350.0	77931.0	100828.0	150744.0	260322.0	557595.0	969322.0	1808006.0	1737418.0	458821.0	207941.0	227578.0	762470.0	398580.0
	14.0	15.0	16.0	17.0	18.0	19.0	20.0	21.0	22.0	23.0	24.0	25.0	26.0	27.0	28.0	29.0	30.0	31.0	32.0	33.0	34.0	35.0	36.0	37.0	38.0	39.0	40.0
Zdi-CDup_034-Ex1-9D-lcwgs-1-1.2	2.0	99.0	1984.0	8212.0	12993.0	11607.0	9937.0	8288.0	8480.0	9000.0	10600.0	12992.0	18026.0	25039.0	38018.0	52250.0	68717.0	82611.0	109684.0	161458.0	343343.0	552403.0	725648.0	881382.0	1315846.0	3125502.0	382438.0
	17.0	18.0	19.0	20.0	21.0	22.0	23.0	24.0	25.0	26.0	27.0	28.0	29.0	30.0	31.0	32.0	33.0	34.0	35.0	36.0	37.0	38.0	39.0	40.0
Zdi-CDup_035-Ex1-9E-lcwgs-1-1.1	6.0	78.0	363.0	1038.0	1950.0	3534.0	5207.0	6761.0	7774.0	9352.0	11081.0	14309.0	18302.0	28108.0	47889.0	101816.0	177707.0	344576.0	348536.0	90764.0	37451.0	39573.0	131932.0	69043.0
	15.0	16.0	17.0	18.0	19.0	20.0	21.0	22.0	23.0	24.0	25.0	26.0	27.0	28.0	29.0	30.0	31.0	32.0	33.0	34.0	35.0	36.0	37.0	38.0	39.0	40.0
Zdi-CDup_035-Ex1-9E-lcwgs-1-1.2	23.0	390.0	1514.0	2426.0	2180.0	1658.0	1346.0	1418.0	1483.0	1889.0	2650.0	3917.0	5823.0	8994.0	13128.0	19258.0	26609.0	37058.0	43534.0	64520.0	92869.0	114874.0	135244.0	217515.0	618771.0	78059.0
	18.0	19.0	20.0	21.0	22.0	23.0	24.0	25.0	26.0	27.0	28.0	29.0	30.0	31.0	32.0	33.0	34.0	35.0	36.0	37.0	38.0	39.0	40.0
Zdi-CDup_036-Ex1-9F-lcwgs-1-1.1	16.0	74.0	179.0	315.0	496.0	707.0	863.0	1066.0	1311.0	1459.0	2061.0	2711.0	4324.0	8407.0	19496.0	29882.0	45795.0	42008.0	13684.0	8939.0	11648.0	38847.0	19631.0
	15.0	16.0	17.0	18.0	19.0	20.0	21.0	22.0	23.0	24.0	25.0	26.0	27.0	28.0	29.0	30.0	31.0	32.0	33.0	34.0	35.0	36.0	37.0	38.0	39.0	40.0
Zdi-CDup_036-Ex1-9F-lcwgs-1-1.2	7.0	58.0	206.0	376.0	389.0	381.0	345.0	346.0	371.0	449.0	569.0	742.0	984.0	1432.0	1961.0	2613.0	3277.0	4301.0	5941.0	10549.0	16046.0	22383.0	29072.0	41646.0	94314.0	15161.0
	17.0	18.0	19.0	20.0	21.0	22.0	23.0	24.0	25.0	26.0	27.0	28.0	29.0	30.0	31.0	32.0	33.0	34.0	35.0	36.0	37.0	38.0	39.0	40.0
Zdi-CDup_037-Ex1-9G-lcwgs-1-1.1	4.0	64.0	305.0	789.0	1561.0	2711.0	3800.0	4888.0	5616.0	7016.0	8077.0	10528.0	13704.0	20666.0	37262.0	81359.0	136240.0	242309.0	235050.0	67889.0	36816.0	44184.0	153029.0	82245.0
	15.0	16.0	17.0	18.0	19.0	20.0	21.0	22.0	23.0	24.0	25.0	26.0	27.0	28.0	29.0	30.0	31.0	32.0	33.0	34.0	35.0	36.0	37.0	38.0	39.0	40.0
Zdi-CDup_037-Ex1-9G-lcwgs-1-1.2	20.0	307.0	1166.0	1981.0	1735.0	1577.0	1304.0	1354.0	1513.0	1850.0	2439.0	3497.0	4806.0	7425.0	11055.0	16353.0	21673.0	30165.0	36838.0	55241.0	76554.0	96054.0	110435.0	168872.0	468807.0	73091.0
	17.0	18.0	19.0	20.0	21.0	22.0	23.0	24.0	25.0	26.0	27.0	28.0	29.0	30.0	31.0	32.0	33.0	34.0	35.0	36.0	37.0	38.0	39.0	40.0
Zdi-CDup_038-Ex1-9H-lcwgs-1-1.1	4.0	40.0	164.0	507.0	974.0	1692.0	2347.0	3138.0	3548.0	4192.0	5008.0	6559.0	8847.0	12989.0	23451.0	49988.0	84397.0	154595.0	148442.0	38876.0	17101.0	17833.0	54805.0	26914.0
	14.0	15.0	16.0	17.0	18.0	19.0	20.0	21.0	22.0	23.0	24.0	25.0	26.0	27.0	28.0	29.0	30.0	31.0	32.0	33.0	34.0	35.0	36.0	37.0	38.0	39.0	40.0
Zdi-CDup_038-Ex1-9H-lcwgs-1-1.2	1.0	6.0	146.0	665.0	1059.0	968.0	771.0	622.0	666.0	711.0	826.0	1064.0	1437.0	2041.0	2999.0	4178.0	5429.0	6491.0	8362.0	12478.0	27675.0	46184.0	62975.0	78194.0	112281.0	258384.0	29798.0
	16.0	17.0	18.0	19.0	20.0	21.0	22.0	23.0	24.0	25.0	26.0	27.0	28.0	29.0	30.0	31.0	32.0	33.0	34.0	35.0	36.0	37.0	38.0	39.0	40.0
Zdi-CDup_039-Ex1-10A-lcwgs-1-1.1	1.0	2.0	10.0	64.0	157.0	250.0	332.0	429.0	534.0	598.0	753.0	1013.0	1261.0	1829.0	2899.0	5494.0	13552.0	23693.0	30147.0	30946.0	20696.0	17327.0	25624.0	85346.0	34279.0
	15.0	16.0	17.0	18.0	19.0	20.0	21.0	22.0	23.0	24.0	25.0	26.0	27.0	28.0	29.0	30.0	31.0	32.0	33.0	34.0	35.0	36.0	37.0	38.0	39.0	40.0
Zdi-CDup_039-Ex1-10A-lcwgs-1-1.2	4.0	38.0	178.0	360.0	446.0	500.0	530.0	567.0	615.0	769.0	953.0	1188.0	1565.0	2125.0	2769.0	3732.0	4570.0	5855.0	7265.0	10318.0	15018.0	22786.0	33953.0	52791.0	110815.0	17526.0
	17.0	18.0	19.0	20.0	21.0	22.0	23.0	24.0	25.0	26.0	27.0	28.0	29.0	30.0	31.0	32.0	33.0	34.0	35.0	36.0	37.0	38.0	39.0	40.0
Zdi-CDup_040-Ex1-10B-lcwgs-1-1.1	1.0	17.0	73.0	137.0	258.0	369.0	490.0	625.0	729.0	938.0	1187.0	1644.0	2167.0	3578.0	7084.0	18846.0	32849.0	39153.0	41751.0	25773.0	16584.0	20614.0	57222.0	24775.0
	15.0	16.0	17.0	18.0	19.0	20.0	21.0	22.0	23.0	24.0	25.0	26.0	27.0	28.0	29.0	30.0	31.0	32.0	33.0	34.0	35.0	36.0	37.0	38.0	39.0	40.0
Zdi-CDup_040-Ex1-10B-lcwgs-1-1.2	4.0	39.0	192.0	312.0	465.0	515.0	493.0	510.0	561.0	696.0	940.0	1194.0	1601.0	2344.0	3160.0	4439.0	5481.0	7304.0	9461.0	13963.0	19043.0	28773.0	38981.0	53270.0	89676.0	13447.0
	17.0	18.0	19.0	20.0	21.0	22.0	23.0	24.0	25.0	26.0	27.0	28.0	29.0	30.0	31.0	32.0	33.0	34.0	35.0	36.0	37.0	38.0	39.0	40.0
Zdi-CDup_041-Ex1-10C-lcwgs-1-1.1	3.0	42.0	186.0	493.0	860.0	1309.0	1837.0	2352.0	2751.0	3566.0	4221.0	5731.0	7591.0	12071.0	23386.0	58476.0	99583.0	129059.0	157541.0	92397.0	45526.0	51191.0	128726.0	57170.0
	15.0	16.0	17.0	18.0	19.0	20.0	21.0	22.0	23.0	24.0	25.0	26.0	27.0	28.0	29.0	30.0	31.0	32.0	33.0	34.0	35.0	36.0	37.0	38.0	39.0	40.0
Zdi-CDup_041-Ex1-10C-lcwgs-1-1.2	7.0	143.0	567.0	1149.0	1238.0	1352.0	1369.0	1467.0	1708.0	2158.0	2831.0	3785.0	4983.0	7136.0	9574.0	12974.0	15906.0	20142.0	26234.0	41471.0	61652.0	88556.0	115378.0	152065.0	276402.0	35821.0
	17.0	18.0	19.0	20.0	21.0	22.0	23.0	24.0	25.0	26.0	27.0	28.0	29.0	30.0	31.0	32.0	33.0	34.0	35.0	36.0	37.0	38.0	39.0	40.0
Zdi-CDup_042-Ex1-10D-lcwgs-1-1.1	16.0	169.0	777.0	1882.0	2949.0	4571.0	5819.0	7676.0	8887.0	11008.0	13368.0	17774.0	23238.0	36288.0	68074.0	174396.0	309682.0	387167.0	413755.0	272100.0	199506.0	273795.0	889622.0	405334.0
	14.0	15.0	16.0	17.0	18.0	19.0	20.0	21.0	22.0	23.0	24.0	25.0	26.0	27.0	28.0	29.0	30.0	31.0	32.0	33.0	34.0	35.0	36.0	37.0	38.0	39.0	40.0
Zdi-CDup_042-Ex1-10D-lcwgs-1-1.2	2.0	46.0	598.0	2365.0	4679.0	5859.0	6608.0	6483.0	7097.0	8112.0	9877.0	12064.0	15730.0	21058.0	30286.0	40297.0	55546.0	70263.0	93263.0	118763.0	167086.0	212676.0	300352.0	386890.0	542044.0	1203489.0	206320.0
	16.0	17.0	18.0	19.0	20.0	21.0	22.0	23.0	24.0	25.0	26.0	27.0	28.0	29.0	30.0	31.0	32.0	33.0	34.0	35.0	36.0	37.0	38.0	39.0	40.0
Zdi-CDup_043-Ex1-10E-lcwgs-1-1.1	1.0	15.0	317.0	1478.0	3847.0	6419.0	9907.0	13115.0	17039.0	19701.0	23502.0	28300.0	36040.0	45492.0	67183.0	114889.0	265629.0	464166.0	648464.0	830992.0	552333.0	382391.0	572157.0	2177646.0	1009395.0
	14.0	15.0	16.0	17.0	18.0	19.0	20.0	21.0	22.0	23.0	24.0	25.0	26.0	27.0	28.0	29.0	30.0	31.0	32.0	33.0	34.0	35.0	36.0	37.0	38.0	39.0	40.0
Zdi-CDup_043-Ex1-10E-lcwgs-1-1.2	2.0	106.0	1314.0	5378.0	10254.0	12919.0	14110.0	13954.0	15189.0	16769.0	20669.0	25162.0	34047.0	46477.0	68088.0	95585.0	142434.0	200208.0	276071.0	317765.0	366441.0	387885.0	427471.0	513385.0	888426.0	2861245.0	529064.0
	17.0	18.0	19.0	20.0	21.0	22.0	23.0	24.0	25.0	26.0	27.0	28.0	29.0	30.0	31.0	32.0	33.0	34.0	35.0	36.0	37.0	38.0	39.0	40.0
Zdi-CDup_044-Ex1-10F-lcwgs-1-1.1	1.0	13.0	61.0	190.0	356.0	558.0	862.0	1160.0	1298.0	1647.0	1938.0	2506.0	3283.0	4993.0	8641.0	18931.0	32605.0	52481.0	80832.0	46062.0	15029.0	14565.0	34780.0	14778.0
	15.0	16.0	17.0	18.0	19.0	20.0	21.0	22.0	23.0	24.0	25.0	26.0	27.0	28.0	29.0	30.0	31.0	32.0	33.0	34.0	35.0	36.0	37.0	38.0	39.0	40.0
Zdi-CDup_044-Ex1-10F-lcwgs-1-1.2	4.0	61.0	236.0	407.0	415.0	412.0	419.0	402.0	410.0	472.0	603.0	952.0	1181.0	1781.0	2326.0	3031.0	3628.0	4891.0	7677.0	16742.0	25922.0	33563.0	40940.0	57897.0	120090.0	13108.0
	17.0	18.0	19.0	20.0	21.0	22.0	23.0	24.0	25.0	26.0	27.0	28.0	29.0	30.0	31.0	32.0	33.0	34.0	35.0	36.0	37.0	38.0	39.0	40.0
Zdi-CDup_045-Ex1-10G-lcwgs-1-1.1	6.0	55.0	315.0	740.0	1208.0	1901.0	2771.0	3701.0	4161.0	5238.0	6263.0	8401.0	11487.0	18039.0	34339.0	84473.0	141619.0	182306.0	224352.0	132615.0	69859.0	85366.0	252676.0	116940.0
	15.0	16.0	17.0	18.0	19.0	20.0	21.0	22.0	23.0	24.0	25.0	26.0	27.0	28.0	29.0	30.0	31.0	32.0	33.0	34.0	35.0	36.0	37.0	38.0	39.0	40.0
Zdi-CDup_045-Ex1-10G-lcwgs-1-1.2	19.0	250.0	933.0	1682.0	1990.0	2134.0	2017.0	2278.0	2622.0	3353.0	4359.0	6305.0	9549.0	14214.0	21192.0	31725.0	43540.0	58699.0	70048.0	88223.0	99614.0	114563.0	123197.0	173538.0	441833.0	70954.0
	17.0	18.0	19.0	20.0	21.0	22.0	23.0	24.0	25.0	26.0	27.0	28.0	29.0	30.0	31.0	32.0	33.0	34.0	35.0	36.0	37.0	38.0	39.0	40.0
Zdi-CDup_046-Ex1-10H-lcwgs-1-1.1	5.0	36.0	153.0	428.0	755.0	1191.0	1698.0	2165.0	2514.0	3009.0	3885.0	4914.0	6582.0	10019.0	18423.0	44092.0	74478.0	103449.0	139979.0	84173.0	39170.0	45548.0	129228.0	57220.0
	15.0	16.0	17.0	18.0	19.0	20.0	21.0	22.0	23.0	24.0	25.0	26.0	27.0	28.0	29.0	30.0	31.0	32.0	33.0	34.0	35.0	36.0	37.0	38.0	39.0	40.0
Zdi-CDup_046-Ex1-10H-lcwgs-1-1.2	12.0	130.0	566.0	997.0	1087.0	1098.0	1091.0	1182.0	1339.0	1602.0	2031.0	2610.0	3804.0	5115.0	6945.0	9352.0	11367.0	15111.0	20496.0	35581.0	52747.0	72826.0	94100.0	128655.0	265740.0	37530.0
	17.0	18.0	19.0	20.0	21.0	22.0	23.0	24.0	25.0	26.0	27.0	28.0	29.0	30.0	31.0	32.0	33.0	34.0	35.0	36.0	37.0	38.0	39.0	40.0
Zdi-CDup_047-Ex1-11A-lcwgs-1-1.1	32.0	521.0	2627.0	6240.0	9340.0	13239.0	16407.0	20746.0	23956.0	29114.0	34365.0	44239.0	57237.0	85639.0	145961.0	359651.0	783846.0	1142759.0	1230184.0	955029.0	718500.0	899330.0	2004556.0	844630.0
	14.0	15.0	16.0	17.0	18.0	19.0	20.0	21.0	22.0	23.0	24.0	25.0	26.0	27.0	28.0	29.0	30.0	31.0	32.0	33.0	34.0	35.0	36.0	37.0	38.0	39.0	40.0
Zdi-CDup_047-Ex1-11A-lcwgs-1-1.2	3.0	108.0	1597.0	6166.0	13021.0	17641.0	19946.0	20608.0	23586.0	26738.0	33310.0	40564.0	53832.0	72258.0	103549.0	138649.0	187426.0	227780.0	283528.0	329729.0	420687.0	566057.0	886084.0	1310582.0	1747830.0	2509189.0	387680.0
	17.0	18.0	19.0	20.0	21.0	22.0	23.0	24.0	25.0	26.0	27.0	28.0	29.0	30.0	31.0	32.0	33.0	34.0	35.0	36.0	37.0	38.0	39.0	40.0
Zdi-CDup_048-Ex1-11B-lcwgs-1-1.1	1.0	18.0	54.0	155.0	280.0	389.0	542.0	650.0	766.0	900.0	1156.0	1365.0	1819.0	2727.0	4502.0	9677.0	19045.0	29144.0	42902.0	38691.0	16158.0	17961.0	39315.0	16507.0
	15.0	16.0	17.0	18.0	19.0	20.0	21.0	22.0	23.0	24.0	25.0	26.0	27.0	28.0	29.0	30.0	31.0	32.0	33.0	34.0	35.0	36.0	37.0	38.0	39.0	40.0
Zdi-CDup_048-Ex1-11B-lcwgs-1-1.2	1.0	43.0	188.0	319.0	348.0	355.0	366.0	388.0	424.0	524.0	639.0	931.0	1131.0	1622.0	2311.0	3215.0	3912.0	5223.0	7252.0	11987.0	17354.0	24386.0	31484.0	42572.0	77096.0	10653.0
	17.0	18.0	19.0	20.0	21.0	22.0	23.0	24.0	25.0	26.0	27.0	28.0	29.0	30.0	31.0	32.0	33.0	34.0	35.0	36.0	37.0	38.0	39.0	40.0
Zdi-CDup_049-Ex1-11C-lcwgs-1-1.1	2.0	18.0	64.0	167.0	287.0	427.0	643.0	734.0	860.0	1045.0	1339.0	1706.0	2120.0	3237.0	5398.0	11864.0	23143.0	35059.0	49884.0	44765.0	19430.0	22448.0	50126.0	20818.0
	14.0	15.0	16.0	17.0	18.0	19.0	20.0	21.0	22.0	23.0	24.0	25.0	26.0	27.0	28.0	29.0	30.0	31.0	32.0	33.0	34.0	35.0	36.0	37.0	38.0	39.0	40.0
Zdi-CDup_049-Ex1-11C-lcwgs-1-1.2	1.0	3.0	45.0	215.0	407.0	438.0	448.0	412.0	474.0	503.0	679.0	830.0	1152.0	1552.0	2154.0	2933.0	4153.0	5072.0	6568.0	8352.0	13057.0	20038.0	28314.0	37560.0	50744.0	95558.0	13922.0
	17.0	18.0	19.0	20.0	21.0	22.0	23.0	24.0	25.0	26.0	27.0	28.0	29.0	30.0	31.0	32.0	33.0	34.0	35.0	36.0	37.0	38.0	39.0	40.0
Zdi-CDup_050-Ex1-11D-lcwgs-1-1.1	3.0	25.0	142.0	334.0	636.0	1014.0	1398.0	1754.0	1962.0	2443.0	2859.0	3645.0	4774.0	6862.0	10968.0	22889.0	42763.0	67479.0	109027.0	101375.0	34188.0	34861.0	71469.0	27815.0
	14.0	15.0	16.0	17.0	18.0	19.0	20.0	21.0	22.0	23.0	24.0	25.0	26.0	27.0	28.0	29.0	30.0	31.0	32.0	33.0	34.0	35.0	36.0	37.0	38.0	39.0	40.0
Zdi-CDup_050-Ex1-11D-lcwgs-1-1.2	1.0	11.0	103.0	454.0	797.0	806.0	794.0	667.0	726.0	865.0	991.0	1285.0	1786.0	2508.0	3751.0	5081.0	6976.0	8635.0	11504.0	16203.0	29324.0	42595.0	55079.0	65772.0	87651.0	183608.0	22712.0
	17.0	18.0	19.0	20.0	21.0	22.0	23.0	24.0	25.0	26.0	27.0	28.0	29.0	30.0	31.0	32.0	33.0	34.0	35.0	36.0	37.0	38.0	39.0	40.0
Zdi-CDup_051-Ex1-11E-lcwgs-1-1.1	2.0	30.0	93.0	206.0	493.0	835.0	1124.0	1491.0	1652.0	2062.0	2326.0	3137.0	3716.0	5272.0	8323.0	16224.0	30212.0	49794.0	89464.0	88780.0	26950.0	27877.0	58307.0	23341.0
	15.0	16.0	17.0	18.0	19.0	20.0	21.0	22.0	23.0	24.0	25.0	26.0	27.0	28.0	29.0	30.0	31.0	32.0	33.0	34.0	35.0	36.0	37.0	38.0	39.0	40.0
Zdi-CDup_051-Ex1-11E-lcwgs-1-1.2	7.0	77.0	443.0	667.0	593.0	563.0	500.0	505.0	598.0	766.0	1008.0	1620.0	2314.0	3598.0	5526.0	8230.0	11371.0	15640.0	18486.0	24277.0	30280.0	34287.0	38697.0	59442.0	159702.0	22514.0
	18.0	19.0	20.0	21.0	22.0	23.0	24.0	25.0	26.0	27.0	28.0	29.0	30.0	31.0	32.0	33.0	34.0	35.0	36.0	37.0	38.0	39.0	40.0
Zdi-CDup_053-Ex1-11F-lcwgs-1-1.1	3.0	21.0	68.0	78.0	119.0	162.0	232.0	263.0	285.0	355.0	473.0	685.0	995.0	1732.0	3821.0	7262.0	10783.0	14403.0	12369.0	5756.0	6986.0	17137.0	6786.0
	15.0	16.0	17.0	18.0	19.0	20.0	21.0	22.0	23.0	24.0	25.0	26.0	27.0	28.0	29.0	30.0	31.0	32.0	33.0	34.0	35.0	36.0	37.0	38.0	39.0	40.0
Zdi-CDup_053-Ex1-11F-lcwgs-1-1.2	2.0	20.0	44.0	136.0	141.0	146.0	146.0	164.0	153.0	214.0	254.0	347.0	445.0	586.0	857.0	1231.0	1454.0	1972.0	2646.0	4357.0	6085.0	8672.0	11346.0	15379.0	29557.0	4420.0
	17.0	18.0	19.0	20.0	21.0	22.0	23.0	24.0	25.0	26.0	27.0	28.0	29.0	30.0	31.0	32.0	33.0	34.0	35.0	36.0	37.0	38.0	39.0	40.0
Zdi-CDup_054-Ex1-11G-lcwgs-1-1.1	5.0	99.0	378.0	1009.0	1882.0	3077.0	4272.0	5503.0	6117.0	7223.0	8663.0	10996.0	13961.0	20054.0	31340.0	63642.0	120162.0	194537.0	337143.0	313364.0	85252.0	72983.0	91735.0	35045.0
	15.0	16.0	17.0	18.0	19.0	20.0	21.0	22.0	23.0	24.0	25.0	26.0	27.0	28.0	29.0	30.0	31.0	32.0	33.0	34.0	35.0	36.0	37.0	38.0	39.0	40.0
Zdi-CDup_054-Ex1-11G-lcwgs-1-1.2	18.0	360.0	1359.0	2257.0	2052.0	1827.0	1623.0	1725.0	1965.0	2450.0	3380.0	5198.0	7828.0	12395.0	18015.0	26752.0	34999.0	46842.0	58366.0	88184.0	116550.0	135827.0	143157.0	194793.0	463215.0	57305.0
	17.0	18.0	19.0	20.0	21.0	22.0	23.0	24.0	25.0	26.0	27.0	28.0	29.0	30.0	31.0	32.0	33.0	34.0	35.0	36.0	37.0	38.0	39.0	40.0
Zdi-CDup_055-Ex1-11H-lcwgs-1-1.1	1.0	4.0	16.0	56.0	59.0	129.0	133.0	173.0	214.0	248.0	309.0	409.0	527.0	795.0	1426.0	3217.0	6158.0	8970.0	11702.0	9943.0	5430.0	7090.0	17712.0	6542.0
	16.0	17.0	18.0	19.0	20.0	21.0	22.0	23.0	24.0	25.0	26.0	27.0	28.0	29.0	30.0	31.0	32.0	33.0	34.0	35.0	36.0	37.0	38.0	39.0	40.0
Zdi-CDup_055-Ex1-11H-lcwgs-1-1.2	14.0	54.0	107.0	119.0	131.0	151.0	166.0	165.0	188.0	242.0	324.0	369.0	561.0	812.0	1129.0	1436.0	1833.0	2435.0	3621.0	5337.0	7672.0	10575.0	14088.0	25785.0	3949.0
	16.0	17.0	18.0	19.0	20.0	21.0	22.0	23.0	24.0	25.0	26.0	27.0	28.0	29.0	30.0	31.0	32.0	33.0	34.0	35.0	36.0	37.0	38.0	39.0	40.0
Zdi-CDup_056-Ex1-12A-lcwgs-1-1.1	1.0	57.0	549.0	2359.0	5730.0	9128.0	14280.0	18922.0	24030.0	27549.0	32391.0	38000.0	48059.0	60750.0	88066.0	148693.0	312438.0	531479.0	918920.0	1029326.0	421983.0	316902.0	498923.0	2314555.0	1211950.0
	13.0	14.0	15.0	16.0	17.0	18.0	19.0	20.0	21.0	22.0	23.0	24.0	25.0	26.0	27.0	28.0	29.0	30.0	31.0	32.0	33.0	34.0	35.0	36.0	37.0	38.0	39.0	40.0
Zdi-CDup_056-Ex1-12A-lcwgs-1-1.2	1.0	4.0	103.0	1781.0	6970.0	12513.0	13223.0	13429.0	12418.0	12667.0	13291.0	15614.0	18127.0	22726.0	27411.0	35856.0	45380.0	57166.0	67597.0	86515.0	115824.0	211107.0	348339.0	500552.0	702037.0	1215562.0	3728366.0	790461.0
	16.0	17.0	18.0	19.0	20.0	21.0	22.0	23.0	24.0	25.0	26.0	27.0	28.0	29.0	30.0	31.0	32.0	33.0	34.0	35.0	36.0	37.0	38.0	39.0	40.0
Zdi-CDup_057-Ex1-12B-lcwgs-1-1.1	2.0	36.0	347.0	1068.0	2585.0	4425.0	7295.0	10127.0	12803.0	14260.0	16659.0	18986.0	24579.0	31612.0	46202.0	78396.0	162546.0	277772.0	549771.0	658716.0	205131.0	81196.0	86127.0	322299.0	168835.0
	14.0	15.0	16.0	17.0	18.0	19.0	20.0	21.0	22.0	23.0	24.0	25.0	26.0	27.0	28.0	29.0	30.0	31.0	32.0	33.0	34.0	35.0	36.0	37.0	38.0	39.0	40.0
Zdi-CDup_057-Ex1-12B-lcwgs-1-1.2	2.0	44.0	699.0	2959.0	4788.0	4328.0	3524.0	3151.0	3102.0	3132.0	3797.0	4600.0	5947.0	7833.0	11063.0	14476.0	18483.0	21471.0	28734.0	48719.0	120563.0	195121.0	251869.0	313321.0	472460.0	1088011.0	149578.0
	16.0	17.0	18.0	19.0	20.0	21.0	22.0	23.0	24.0	25.0	26.0	27.0	28.0	29.0	30.0	31.0	32.0	33.0	34.0	35.0	36.0	37.0	38.0	39.0	40.0
Zdi-CDup_058-Ex1-12C-lcwgs-1-1.1	1.0	40.0	528.0	2319.0	5545.0	8886.0	13731.0	18149.0	23354.0	26731.0	32164.0	38302.0	50356.0	67492.0	108199.0	221673.0	571467.0	868291.0	1140380.0	1173293.0	486782.0	320962.0	366964.0	1057997.0	559576.0
	14.0	15.0	16.0	17.0	18.0	19.0	20.0	21.0	22.0	23.0	24.0	25.0	26.0	27.0	28.0	29.0	30.0	31.0	32.0	33.0	34.0	35.0	36.0	37.0	38.0	39.0	40.0
Zdi-CDup_058-Ex1-12C-lcwgs-1-1.2	3.0	101.0	1372.0	5749.0	10581.0	11619.0	11376.0	10567.0	11615.0	13177.0	16409.0	20894.0	28508.0	37510.0	54529.0	73854.0	100008.0	122663.0	157886.0	200699.0	308070.0	459961.0	679404.0	902042.0	1218593.0	2337095.0	368897.0
	16.0	17.0	18.0	19.0	20.0	21.0	22.0	23.0	24.0	25.0	26.0	27.0	28.0	29.0	30.0	31.0	32.0	33.0	34.0	35.0	36.0	37.0	38.0	39.0	40.0
Zdi-CDup_059-Ex1-12D-lcwgs-1-1.1	4.0	101.0	827.0	2836.0	6777.0	12344.0	21283.0	30020.0	38066.0	41987.0	50262.0	58081.0	73563.0	93434.0	135245.0	205575.0	374446.0	712083.0	1638547.0	2000848.0	560164.0	137858.0	88904.0	324429.0	161255.0
	15.0	16.0	17.0	18.0	19.0	20.0	21.0	22.0	23.0	24.0	25.0	26.0	27.0	28.0	29.0	30.0	31.0	32.0	33.0	34.0	35.0	36.0	37.0	38.0	39.0	40.0
Zdi-CDup_059-Ex1-12D-lcwgs-1-1.2	92.0	1794.0	7515.0	11347.0	8896.0	6673.0	5213.0	4564.0	4166.0	4637.0	5541.0	7743.0	10323.0	15261.0	20337.0	23245.0	23469.0	33865.0	78480.0	279175.0	509282.0	633956.0	752305.0	1172593.0	2850425.0	298042.0
	17.0	18.0	19.0	20.0	21.0	22.0	23.0	24.0	25.0	26.0	27.0	28.0	29.0	30.0	31.0	32.0	33.0	34.0	35.0	36.0	37.0	38.0	39.0	40.0
Zdi-CDup_060-Ex1-12E-lcwgs-1-1.1	1.0	19.0	67.0	171.0	282.0	428.0	611.0	715.0	888.0	1140.0	1321.0	1793.0	2556.0	4028.0	7736.0	17157.0	27285.0	38571.0	38120.0	15264.0	10943.0	14814.0	49592.0	20894.0
	15.0	16.0	17.0	18.0	19.0	20.0	21.0	22.0	23.0	24.0	25.0	26.0	27.0	28.0	29.0	30.0	31.0	32.0	33.0	34.0	35.0	36.0	37.0	38.0	39.0	40.0
Zdi-CDup_060-Ex1-12E-lcwgs-1-1.2	6.0	43.0	169.0	310.0	369.0	371.0	389.0	389.0	444.0	564.0	683.0	971.0	1461.0	2161.0	3188.0	5124.0	7431.0	10339.0	12041.0	14171.0	15848.0	17400.0	20089.0	31765.0	92330.0	16340.0
	16.0	17.0	18.0	19.0	20.0	21.0	22.0	23.0	24.0	25.0	26.0	27.0	28.0	29.0	30.0	31.0	32.0	33.0	34.0	35.0	36.0	37.0	38.0	39.0	40.0
Zdi-CDup_061-Ex1-12F-lcwgs-1-1.1	2.0	39.0	424.0	1529.0	3419.0	5498.0	8676.0	11824.0	14860.0	16674.0	19934.0	23825.0	31399.0	41262.0	65356.0	129892.0	315202.0	476643.0	698034.0	756388.0	264653.0	132413.0	131207.0	350837.0	175302.0
	14.0	15.0	16.0	17.0	18.0	19.0	20.0	21.0	22.0	23.0	24.0	25.0	26.0	27.0	28.0	29.0	30.0	31.0	32.0	33.0	34.0	35.0	36.0	37.0	38.0	39.0	40.0
Zdi-CDup_061-Ex1-12F-lcwgs-1-1.2	1.0	57.0	892.0	3537.0	5853.0	5960.0	5488.0	4987.0	5156.0	5653.0	7127.0	9016.0	12477.0	17115.0	25370.0	34019.0	45849.0	56152.0	73392.0	101569.0	182838.0	272534.0	376255.0	468012.0	623665.0	1189628.0	142690.0
	17.0	18.0	19.0	20.0	21.0	22.0	23.0	24.0	25.0	26.0	27.0	28.0	29.0	30.0	31.0	32.0	33.0	34.0	35.0	36.0	37.0	38.0	39.0	40.0
Zdi-CDup_062-Ex1-12G-lcwgs-1-1.1	3.0	28.0	113.0	240.0	384.0	607.0	760.0	999.0	1133.0	1526.0	1864.0	2559.0	3462.0	5746.0	11041.0	26203.0	38896.0	52457.0	52171.0	20288.0	13050.0	16594.0	53375.0	24402.0
	15.0	16.0	17.0	18.0	19.0	20.0	21.0	22.0	23.0	24.0	25.0	26.0	27.0	28.0	29.0	30.0	31.0	32.0	33.0	34.0	35.0	36.0	37.0	38.0	39.0	40.0
Zdi-CDup_062-Ex1-12G-lcwgs-1-1.2	6.0	51.0	260.0	446.0	537.0	486.0	485.0	468.0	557.0	699.0	849.0	1248.0	1855.0	2899.0	4188.0	6383.0	8707.0	12054.0	14443.0	18736.0	22717.0	26986.0	29637.0	42466.0	111312.0	19426.0
	17.0	18.0	19.0	20.0	21.0	22.0	23.0	24.0	25.0	26.0	27.0	28.0	29.0	30.0	31.0	32.0	33.0	34.0	35.0	36.0	37.0	38.0	39.0	40.0
Zdi-CDup_064-Ex1-5A-lcwgs-1-1.1	9.0	66.0	416.0	906.0	1359.0	1775.0	2389.0	2831.0	3244.0	3903.0	4527.0	5735.0	7322.0	10489.0	17969.0	43967.0	82962.0	105597.0	88885.0	69532.0	89872.0	161467.0	749220.0	420584.0
	15.0	16.0	17.0	18.0	19.0	20.0	21.0	22.0	23.0	24.0	25.0	26.0	27.0	28.0	29.0	30.0	31.0	32.0	33.0	34.0	35.0	36.0	37.0	38.0	39.0	40.0
Zdi-CDup_064-Ex1-5A-lcwgs-1-1.2	20.0	294.0	1044.0	2097.0	2728.0	3005.0	2996.0	3152.0	3435.0	3971.0	4572.0	5367.0	6473.0	8554.0	10711.0	14054.0	17303.0	22241.0	27694.0	37728.0	53575.0	85683.0	138482.0	268786.0	907057.0	244004.0
	17.0	18.0	19.0	20.0	21.0	22.0	23.0	24.0	25.0	26.0	27.0	28.0	29.0	30.0	31.0	32.0	33.0	34.0	35.0	36.0	37.0	38.0	39.0	40.0
Zdi-CDup_065-Ex1-5B-lcwgs-1-1.1	3.0	46.0	159.0	421.0	667.0	973.0	1181.0	1598.0	1788.0	2211.0	2605.0	3410.0	4481.0	6803.0	12171.0	29906.0	60762.0	100498.0	65441.0	24290.0	21580.0	31448.0	112443.0	61180.0
	15.0	16.0	17.0	18.0	19.0	20.0	21.0	22.0	23.0	24.0	25.0	26.0	27.0	28.0	29.0	30.0	31.0	32.0	33.0	34.0	35.0	36.0	37.0	38.0	39.0	40.0
Zdi-CDup_065-Ex1-5B-lcwgs-1-1.2	7.0	103.0	438.0	744.0	849.0	831.0	788.0	834.0	834.0	1064.0	1179.0	1513.0	1894.0	2743.0	3697.0	5026.0	6109.0	7973.0	11278.0	19501.0	30025.0	43195.0	59054.0	92741.0	213622.0	40023.0
	16.0	17.0	18.0	19.0	20.0	21.0	22.0	23.0	24.0	25.0	26.0	27.0	28.0	29.0	30.0	31.0	32.0	33.0	34.0	35.0	36.0	37.0	38.0	39.0	40.0
Zdi-CDup_066-Ex1-5C-lcwgs-1-1.1	2.0	64.0	661.0	2661.0	6349.0	11413.0	18451.0	25846.0	32840.0	36613.0	43793.0	51171.0	65889.0	86396.0	132024.0	238527.0	558390.0	1086716.0	1983115.0	1248164.0	327927.0	210278.0	267573.0	841650.0	444511.0
	14.0	15.0	16.0	17.0	18.0	19.0	20.0	21.0	22.0	23.0	24.0	25.0	26.0	27.0	28.0	29.0	30.0	31.0	32.0	33.0	34.0	35.0	36.0	37.0	38.0	39.0	40.0
Zdi-CDup_066-Ex1-5C-lcwgs-1-1.2	6.0	120.0	1956.0	7975.0	13403.0	12908.0	11595.0	10626.0	11062.0	12055.0	14816.0	18625.0	24652.0	31832.0	44527.0	58641.0	77348.0	89379.0	114740.0	152496.0	278499.0	470533.0	675433.0	870524.0	1295299.0	3046927.0	375047.0
	16.0	17.0	18.0	19.0	20.0	21.0	22.0	23.0	24.0	25.0	26.0	27.0	28.0	29.0	30.0	31.0	32.0	33.0	34.0	35.0	36.0	37.0	38.0	39.0	40.0
Zdi-CDup_071-Ex1-12H-lcwgs-1-1.1	1.0	4.0	74.0	212.0	496.0	814.0	1240.0	1655.0	2106.0	2366.0	2822.0	3314.0	4338.0	5860.0	8719.0	16364.0	36174.0	57129.0	91694.0	100462.0	38451.0	23383.0	30366.0	112246.0	56426.0
	15.0	16.0	17.0	18.0	19.0	20.0	21.0	22.0	23.0	24.0	25.0	26.0	27.0	28.0	29.0	30.0	31.0	32.0	33.0	34.0	35.0	36.0	37.0	38.0	39.0	40.0
Zdi-CDup_071-Ex1-12H-lcwgs-1-1.2	7.0	126.0	527.0	981.0	959.0	912.0	834.0	865.0	925.0	1238.0	1403.0	1809.0	2302.0	3233.0	4132.0	5657.0	6778.0	9101.0	12451.0	23082.0	36510.0	50420.0	65239.0	96110.0	231005.0	40110.0

