Sample	32	37	42	47	52	57	62	67	72	77	82	87	92	97	102	107	112	117	122	127	132	137	142	147	150
Zdi-ADup_001-Ex1-11B-lcwgs-1-1.clmp.r1	54733.0	222497.0	348165.0	477972.0	591674.0	686711.0	768317.0	835299.0	874277.0	889464.0	887667.0	853937.0	806289.0	747669.0	688950.0	631273.0	575296.0	517006.0	464595.0	415354.0	372062.0	336575.0	303637.0	309590.0	1734080.0
Zdi-ADup_001-Ex1-11B-lcwgs-1-1.clmp.r2	54738.0	222512.0	348263.0	478182.0	591949.0	686866.0	768321.0	834784.0	873535.0	888702.0	886588.0	852694.0	804248.0	746079.0	687264.0	629665.0	573293.0	515284.0	462879.0	413878.0	371231.0	335096.0	304068.0	329787.0	1733183.0
Zdi-ADup_002-Ex1-9G-lcwgs-1-1.clmp.r1	92743.0	374395.0	562620.0	730997.0	851242.0	926443.0	969994.0	984490.0	971468.0	934265.0	878514.0	807062.0	727562.0	643909.0	566232.0	496827.0	432973.0	373888.0	321696.0	275035.0	235251.0	202607.0	174028.0	165522.0	699684.0
Zdi-ADup_002-Ex1-9G-lcwgs-1-1.clmp.r2	92808.0	374664.0	562665.0	731111.0	851164.0	926243.0	970119.0	983972.0	971019.0	933185.0	877277.0	806024.0	726330.0	642840.0	565085.0	495113.0	431370.0	372620.0	320802.0	274213.0	234634.0	202374.0	174505.0	176800.0	702510.0
Zdi-ADup_003-Ex1-9H-lcwgs-1-1.clmp.r1	111767.0	454248.0	677803.0	868581.0	991605.0	1061265.0	1093698.0	1097368.0	1069300.0	1021245.0	956091.0	877936.0	792670.0	703165.0	621221.0	543525.0	473542.0	410439.0	352441.0	302111.0	257757.0	222431.0	191614.0	180122.0	793484.0
Zdi-ADup_003-Ex1-9H-lcwgs-1-1.clmp.r2	111752.0	454307.0	677734.0	868547.0	991668.0	1061460.0	1093562.0	1096922.0	1068593.0	1020382.0	955288.0	876792.0	791361.0	701601.0	619787.0	542027.0	472154.0	409093.0	351421.0	301292.0	257074.0	221921.0	192062.0	193221.0	795408.0
Zdi-ADup_004-Ex1-10A-lcwgs-1-1.clmp.r1	212.0	937.0	1421.0	1805.0	1858.0	1809.0	1726.0	1495.0	1415.0	1240.0	1118.0	953.0	869.0	714.0	633.0	525.0	513.0	446.0	374.0	335.0	296.0	226.0	224.0	199.0	1472.0
Zdi-ADup_004-Ex1-10A-lcwgs-1-1.clmp.r2	211.0	933.0	1419.0	1824.0	1849.0	1791.0	1739.0	1511.0	1411.0	1226.0	1112.0	948.0	877.0	717.0	633.0	523.0	503.0	447.0	371.0	335.0	295.0	219.0	228.0	224.0	1469.0
Zdi-ADup_005-Ex1-10B-lcwgs-1-1.clmp.r1	5439.0	21416.0	32343.0	42152.0	49000.0	52852.0	54459.0	54039.0	51558.0	47903.0	43730.0	38500.0	33628.0	28756.0	24402.0	20479.0	17159.0	14129.0	11828.0	9794.0	8027.0	6620.0	5494.0	4971.0	18291.0
Zdi-ADup_005-Ex1-10B-lcwgs-1-1.clmp.r2	5433.0	21360.0	32358.0	42176.0	48990.0	52889.0	54438.0	53962.0	51487.0	47875.0	43725.0	38464.0	33558.0	28694.0	24338.0	20405.0	17137.0	14107.0	11796.0	9802.0	8000.0	6622.0	5517.0	5280.0	18556.0
Zdi-ADup_006-Ex1-10C-lcwgs-1-1.clmp.r1	90064.0	368624.0	564308.0	744626.0	873199.0	963159.0	1026121.0	1066241.0	1085135.0	1074878.0	1046349.0	998567.0	936862.0	866919.0	795420.0	727039.0	657599.0	592889.0	529566.0	473775.0	420525.0	379820.0	342392.0	354186.0	2373222.0
Zdi-ADup_006-Ex1-10C-lcwgs-1-1.clmp.r2	90069.0	368348.0	564289.0	744782.0	873190.0	963519.0	1026278.0	1065906.0	1084771.0	1074018.0	1045339.0	997471.0	935084.0	864851.0	793319.0	724952.0	655382.0	591015.0	527893.0	472343.0	419124.0	378660.0	343486.0	378522.0	2368874.0
Zdi-ADup_007-Ex1-10D-lcwgs-1-1.clmp.r1	176468.0	640620.0	859320.0	1037985.0	1159683.0	1233892.0	1269801.0	1278815.0	1250913.0	1193079.0	1110155.0	1008831.0	895067.0	782029.0	679411.0	586404.0	501190.0	429324.0	363982.0	307749.0	259179.0	221827.0	187205.0	180061.0	733754.0
Zdi-ADup_007-Ex1-10D-lcwgs-1-1.clmp.r2	176326.0	640221.0	858783.0	1037757.0	1159068.0	1234101.0	1269727.0	1278578.0	1250308.0	1191861.0	1109051.0	1007365.0	893148.0	780240.0	677656.0	584678.0	499511.0	427776.0	362815.0	306850.0	258331.0	220933.0	187857.0	192957.0	740846.0
Zdi-ADup_008-Ex1-10E-lcwgs-1-1.clmp.r1	4925.0	24665.0	52587.0	92333.0	134708.0	173384.0	201307.0	221915.0	230381.0	228496.0	219686.0	206317.0	188463.0	167860.0	150692.0	134043.0	118455.0	103778.0	90122.0	78915.0	68281.0	59778.0	52318.0	52110.0	274944.0
Zdi-ADup_008-Ex1-10E-lcwgs-1-1.clmp.r2	4947.0	24709.0	52620.0	92352.0	134585.0	173355.0	201358.0	221995.0	230284.0	228103.0	219491.0	206002.0	188052.0	167326.0	150244.0	133655.0	118131.0	103392.0	89852.0	78660.0	68127.0	59584.0	52427.0	55402.0	275810.0
Zdi-ADup_009-Ex1-10F-lcwgs-1-1.clmp.r1	6907.0	27717.0	40036.0	48973.0	55523.0	58911.0	59822.0	59838.0	57945.0	55069.0	50310.0	45817.0	40548.0	35654.0	30943.0	26702.0	23078.0	20297.0	17048.0	14617.0	12298.0	10470.0	9014.0	8779.0	41533.0
Zdi-ADup_009-Ex1-10F-lcwgs-1-1.clmp.r2	6909.0	27703.0	40047.0	48977.0	55548.0	58890.0	59754.0	59840.0	57914.0	55043.0	50344.0	45782.0	40474.0	35608.0	30914.0	26639.0	22978.0	20235.0	16981.0	14575.0	12297.0	10465.0	9060.0	9257.0	41615.0
Zdi-ADup_010-Ex1-10G-lcwgs-1-1.clmp.r1	1410.0	5556.0	7801.0	9771.0	11157.0	11909.0	12315.0	12558.0	12342.0	11854.0	11069.0	10375.0	9459.0	8412.0	7685.0	6982.0	5965.0	5227.0	4700.0	4047.0	3583.0	3158.0	2861.0	2839.0	16459.0
Zdi-ADup_010-Ex1-10G-lcwgs-1-1.clmp.r2	1405.0	5569.0	7804.0	9764.0	11140.0	11923.0	12324.0	12552.0	12308.0	11855.0	11062.0	10358.0	9437.0	8419.0	7669.0	6941.0	5962.0	5238.0	4695.0	4039.0	3564.0	3170.0	2867.0	3006.0	16423.0
Zdi-ADup_011-Ex1-10H-lcwgs-1-1.clmp.r1	90683.0	353785.0	515707.0	673183.0	795553.0	893262.0	957505.0	995173.0	997538.0	963248.0	903003.0	825010.0	737127.0	646867.0	564296.0	489617.0	423384.0	363800.0	311444.0	266104.0	227617.0	197267.0	170341.0	166995.0	827990.0
Zdi-ADup_011-Ex1-10H-lcwgs-1-1.clmp.r2	90666.0	353657.0	515600.0	673421.0	795446.0	893216.0	957744.0	995133.0	997093.0	962320.0	901901.0	823290.0	736016.0	645400.0	563013.0	488117.0	421852.0	362661.0	310296.0	265286.0	227112.0	196691.0	170997.0	179177.0	830394.0
Zdi-ADup_012-Ex1-11A-lcwgs-1-1.clmp.r1	489.0	1704.0	2489.0	3222.0	4115.0	4994.0	6163.0	7318.0	8089.0	8626.0	8954.0	8962.0	8995.0	8802.0	8594.0	7996.0	7833.0	7527.0	7140.0	6818.0	6502.0	6205.0	6137.0	7813.0	105733.0
Zdi-ADup_012-Ex1-11A-lcwgs-1-1.clmp.r2	489.0	1699.0	2489.0	3229.0	4113.0	4993.0	6165.0	7309.0	8080.0	8625.0	8965.0	8958.0	8957.0	8792.0	8572.0	7977.0	7826.0	7523.0	7126.0	6779.0	6488.0	6195.0	6160.0	8662.0	105049.0
Zdi-ADup_013-Ex1-12F-lcwgs-1-1.clmp.r1	8463.0	28337.0	38407.0	46015.0	51205.0	54892.0	56717.0	57703.0	57495.0	55230.0	53450.0	50490.0	47759.0	44330.0	41479.0	38313.0	35986.0	33184.0	31113.0	28682.0	27023.0	25121.0	23732.0	26528.0	251383.0
Zdi-ADup_013-Ex1-12F-lcwgs-1-1.clmp.r2	8456.0	28343.0	38391.0	46014.0	51199.0	54909.0	56674.0	57718.0	57527.0	55240.0	53378.0	50389.0	47678.0	44276.0	41417.0	38245.0	35878.0	33084.0	31046.0	28591.0	26932.0	25043.0	23732.0	28586.0	250291.0
Zdi-ADup_014-Ex1-11C-lcwgs-1-1.clmp.r1	44991.0	158767.0	213570.0	260969.0	295678.0	319834.0	336253.0	348939.0	350316.0	344756.0	333108.0	315541.0	292655.0	267783.0	244346.0	220880.0	199556.0	179172.0	162140.0	144217.0	129110.0	116237.0	105402.0	110251.0	697223.0
Zdi-ADup_014-Ex1-11C-lcwgs-1-1.clmp.r2	45037.0	158869.0	213803.0	260918.0	295705.0	320124.0	336152.0	348996.0	349993.0	344504.0	332789.0	315033.0	292144.0	267183.0	243766.0	220110.0	198799.0	178548.0	161578.0	143554.0	128615.0	115845.0	105610.0	118444.0	695575.0
Zdi-ADup_015-Ex1-11D-lcwgs-1-1.clmp.r1	107721.0	415249.0	586441.0	711150.0	780392.0	812720.0	820031.0	813132.0	788899.0	751985.0	708789.0	653957.0	595818.0	537421.0	481968.0	427020.0	378747.0	332395.0	290742.0	252189.0	219543.0	192595.0	167531.0	161315.0	727922.0
Zdi-ADup_015-Ex1-11D-lcwgs-1-1.clmp.r2	107681.0	415064.0	586231.0	711126.0	780139.0	812405.0	820055.0	812798.0	788576.0	751641.0	708224.0	652872.0	594912.0	536424.0	480974.0	426152.0	377718.0	331434.0	289967.0	251646.0	219182.0	192110.0	167756.0	170396.0	730189.0
Zdi-ADup_016-Ex1-11E-lcwgs-1-1.clmp.r1	61331.0	268719.0	455057.0	657230.0	833655.0	977845.0	1092197.0	1174627.0	1221107.0	1224922.0	1193739.0	1136136.0	1057461.0	968899.0	881641.0	798918.0	721477.0	647094.0	576271.0	511920.0	456640.0	410221.0	368377.0	373696.0	2157155.0
Zdi-ADup_016-Ex1-11E-lcwgs-1-1.clmp.r2	61380.0	268968.0	455097.0	657347.0	833786.0	978105.0	1092342.0	1174164.0	1219940.0	1223252.0	1192164.0	1134450.0	1055217.0	966210.0	879554.0	796460.0	719256.0	644686.0	574465.0	510587.0	455140.0	408707.0	368674.0	399619.0	2156765.0
Zdi-ADup_017-Ex1-11F-lcwgs-1-1.clmp.r1	81327.0	308556.0	441553.0	566054.0	664580.0	742115.0	791948.0	821246.0	823115.0	801325.0	757510.0	696111.0	625615.0	553349.0	484291.0	420833.0	364862.0	313888.0	269149.0	230513.0	195569.0	168097.0	145184.0	135304.0	578261.0
Zdi-ADup_017-Ex1-11F-lcwgs-1-1.clmp.r2	81338.0	308557.0	441427.0	566106.0	664425.0	742224.0	791985.0	821147.0	823041.0	800789.0	757007.0	695167.0	624689.0	552460.0	483449.0	420065.0	364063.0	313156.0	268486.0	229983.0	195074.0	167888.0	146066.0	143314.0	578449.0
Zdi-ADup_018-Ex1-11G-lcwgs-1-1.clmp.r1	128840.0	480749.0	665073.0	829450.0	962518.0	1073052.0	1159575.0	1219331.0	1243605.0	1229230.0	1180700.0	1103375.0	1005937.0	902753.0	803116.0	710483.0	625481.0	545299.0	476935.0	413066.0	359613.0	314640.0	276205.0	274348.0	1502148.0
Zdi-ADup_018-Ex1-11G-lcwgs-1-1.clmp.r2	128834.0	480655.0	664906.0	829300.0	962164.0	1073281.0	1159465.0	1219344.0	1243055.0	1227556.0	1179140.0	1102089.0	1004517.0	900945.0	801090.0	708552.0	623816.0	543455.0	475722.0	412175.0	358493.0	313745.0	276957.0	293675.0	1502591.0
Zdi-ADup_019-Ex1-11H-lcwgs-1-1.clmp.r1	11741.0	53643.0	94248.0	138846.0	178652.0	213697.0	238085.0	256566.0	264171.0	260854.0	248695.0	229715.0	205492.0	181213.0	158411.0	137231.0	118382.0	101319.0	85815.0	73254.0	62163.0	53080.0	45436.0	42570.0	188801.0
Zdi-ADup_019-Ex1-11H-lcwgs-1-1.clmp.r2	11723.0	53633.0	94176.0	138937.0	178631.0	213642.0	238096.0	256558.0	263989.0	260662.0	248467.0	229607.0	205111.0	180776.0	158145.0	136903.0	118217.0	101033.0	85592.0	73064.0	61976.0	52988.0	45544.0	45447.0	189163.0
Zdi-ADup_020-Ex1-12A-lcwgs-1-1.clmp.r1	63.0	253.0	356.0	404.0	485.0	527.0	546.0	518.0	538.0	562.0	517.0	472.0	437.0	471.0	427.0	446.0	417.0	382.0	359.0	319.0	273.0	268.0	249.0	307.0	2567.0
Zdi-ADup_020-Ex1-12A-lcwgs-1-1.clmp.r2	67.0	256.0	354.0	407.0	488.0	520.0	536.0	524.0	539.0	557.0	518.0	472.0	438.0	476.0	422.0	439.0	415.0	384.0	359.0	316.0	268.0	269.0	246.0	331.0	2562.0
Zdi-ADup_021-Ex1-12B-lcwgs-1-1.clmp.r1	485.0	1781.0	2558.0	3385.0	3780.0	4231.0	4485.0	4486.0	4406.0	4456.0	4390.0	3965.0	3768.0	3489.0	3237.0	2807.0	2692.0	2435.0	2088.0	1942.0	1815.0	1661.0	1515.0	1643.0	10953.0
Zdi-ADup_021-Ex1-12B-lcwgs-1-1.clmp.r2	489.0	1778.0	2555.0	3375.0	3747.0	4227.0	4521.0	4478.0	4413.0	4452.0	4378.0	3976.0	3764.0	3478.0	3219.0	2807.0	2674.0	2422.0	2080.0	1945.0	1808.0	1666.0	1544.0	1749.0	10908.0
Zdi-ADup_022-Ex1-12C-lcwgs-1-1.clmp.r1	278337.0	1065697.0	1506237.0	1864655.0	2095805.0	2239173.0	2323650.0	2353814.0	2324184.0	2242009.0	2124315.0	1968667.0	1791951.0	1605908.0	1431626.0	1270886.0	1121011.0	982770.0	858068.0	746358.0	647527.0	569765.0	499357.0	493156.0	2338009.0
Zdi-ADup_022-Ex1-12C-lcwgs-1-1.clmp.r2	278574.0	1065687.0	1505876.0	1865025.0	2096101.0	2239248.0	2323982.0	2353246.0	2322976.0	2240477.0	2121764.0	1965932.0	1788717.0	1602210.0	1427737.0	1266781.0	1117006.0	979665.0	855338.0	743483.0	645265.0	567588.0	501201.0	528447.0	2340609.0
Zdi-ADup_023-Ex1-12D-lcwgs-1-1.clmp.r1	36378.0	136368.0	192366.0	244258.0	281136.0	308440.0	323025.0	330874.0	330274.0	320211.0	303693.0	282086.0	256059.0	229813.0	203412.0	179985.0	157131.0	138202.0	120136.0	104476.0	89529.0	78590.0	68981.0	67523.0	330992.0
Zdi-ADup_023-Ex1-12D-lcwgs-1-1.clmp.r2	36352.0	136427.0	192380.0	244270.0	281227.0	308410.0	322904.0	330809.0	329998.0	319836.0	303557.0	281578.0	255668.0	229424.0	202884.0	179466.0	156704.0	137826.0	119792.0	104165.0	89225.0	78390.0	68976.0	72301.0	331369.0
Zdi-ADup_024-Ex1-12E-lcwgs-1-1.clmp.r1	30032.0	111919.0	159235.0	198181.0	224620.0	237233.0	241524.0	238640.0	226072.0	207359.0	182976.0	160529.0	139146.0	118068.0	100653.0	85268.0	74032.0	63997.0	54961.0	48436.0	43068.0	39254.0	36737.0	41731.0	426024.0
Zdi-ADup_024-Ex1-12E-lcwgs-1-1.clmp.r2	29963.0	111838.0	159130.0	198040.0	224558.0	237234.0	241363.0	238598.0	225928.0	207211.0	182822.0	160329.0	138935.0	117910.0	100526.0	85116.0	73842.0	63788.0	54883.0	48324.0	42955.0	39158.0	36758.0	45931.0	424555.0
Zdi-ADup_025-Ex1-2A-lcwgs-1-1.clmp.r1	1185.0	5470.0	8798.0	10940.0	12103.0	11941.0	11061.0	10136.0	8952.0	7758.0	6783.0	5787.0	4725.0	4055.0	3503.0	2997.0	2672.0	2249.0	1937.0	1709.0	1535.0	1356.0	1216.0	1163.0	6927.0
Zdi-ADup_025-Ex1-2A-lcwgs-1-1.clmp.r2	1187.0	5467.0	8762.0	10969.0	12147.0	11956.0	11021.0	10121.0	8945.0	7725.0	6774.0	5790.0	4722.0	4058.0	3501.0	2981.0	2653.0	2241.0	1929.0	1702.0	1539.0	1365.0	1190.0	1239.0	6974.0
Zdi-ADup_026-Ex1-12G-lcwgs-1-1.clmp.r1	10159.0	38709.0	54980.0	67937.0	77231.0	83381.0	86519.0	86415.0	83434.0	76799.0	69511.0	60209.0	50641.0	42224.0	34494.0	28083.0	22812.0	18409.0	14668.0	12156.0	9844.0	8322.0	6973.0	6726.0	39913.0
Zdi-ADup_026-Ex1-12G-lcwgs-1-1.clmp.r2	10129.0	38692.0	54896.0	67871.0	77218.0	83390.0	86668.0	86400.0	83364.0	76771.0	69457.0	60147.0	50618.0	42173.0	34449.0	28056.0	22762.0	18331.0	14622.0	12138.0	9840.0	8303.0	6957.0	7358.0	39939.0
Zdi-ADup_027-Ex1-12H-lcwgs-1-1.clmp.r1	194481.0	697208.0	939463.0	1163188.0	1347847.0	1493244.0	1607340.0	1671503.0	1673586.0	1617927.0	1508587.0	1359129.0	1185618.0	1013086.0	849750.0	707266.0	582705.0	472996.0	380875.0	305063.0	242049.0	191225.0	150590.0	127129.0	391056.0
Zdi-ADup_027-Ex1-12H-lcwgs-1-1.clmp.r2	194341.0	696534.0	938778.0	1162889.0	1347670.0	1492692.0	1607187.0	1671227.0	1672709.0	1617278.0	1507414.0	1358201.0	1184229.0	1011637.0	848584.0	706198.0	581479.0	472020.0	380050.0	304571.0	241570.0	190878.0	151197.0	138068.0	395510.0
Zdi-ADup_028-Ex1-9F-lcwgs-1-1.clmp.r1	85340.0	336023.0	484123.0	593167.0	645143.0	660277.0	649513.0	625312.0	589777.0	542213.0	492176.0	437544.0	384536.0	334411.0	289043.0	247954.0	211917.0	181251.0	154029.0	129409.0	109561.0	93347.0	79567.0	74986.0	314192.0
Zdi-ADup_028-Ex1-9F-lcwgs-1-1.clmp.r2	85351.0	335999.0	484203.0	593183.0	645300.0	660513.0	649671.0	624805.0	589617.0	541944.0	491644.0	437039.0	383875.0	333571.0	288284.0	247294.0	211405.0	180506.0	153384.0	128913.0	109186.0	93368.0	80169.0	80546.0	315041.0
Zdi-ADup_029-Ex1-1A-lcwgs-1-1.clmp.r1	121.0	620.0	971.0	1449.0	1710.0	1896.0	1911.0	1935.0	1953.0	1907.0	1885.0	1903.0	1769.0	1774.0	1695.0	1617.0	1566.0	1464.0	1454.0	1392.0	1243.0	1187.0	1155.0	1175.0	10001.0
Zdi-ADup_029-Ex1-1A-lcwgs-1-1.clmp.r2	123.0	622.0	975.0	1447.0	1704.0	1900.0	1913.0	1941.0	1942.0	1899.0	1895.0	1902.0	1769.0	1767.0	1694.0	1608.0	1560.0	1464.0	1450.0	1393.0	1229.0	1187.0	1154.0	1313.0	9902.0
Zdi-ADup_030-Ex1-1B-lcwgs-1-1.clmp.r1	574.0	2873.0	5013.0	7014.0	8424.0	9403.0	8980.0	8850.0	8520.0	7802.0	7011.0	6316.0	5372.0	4775.0	4142.0	3627.0	3244.0	2781.0	2412.0	2123.0	1940.0	1787.0	1620.0	1808.0	12769.0
Zdi-ADup_030-Ex1-1B-lcwgs-1-1.clmp.r2	577.0	2878.0	5003.0	7016.0	8448.0	9408.0	8974.0	8824.0	8518.0	7818.0	6986.0	6295.0	5381.0	4780.0	4152.0	3607.0	3221.0	2765.0	2407.0	2114.0	1934.0	1800.0	1607.0	1945.0	12722.0
Zdi-ADup_031-Ex1-1C-lcwgs-1-1.clmp.r1	588.0	2741.0	4610.0	6503.0	7927.0	8904.0	9153.0	9411.0	9168.0	8899.0	8794.0	8327.0	7804.0	7519.0	6952.0	6494.0	6308.0	5690.0	5456.0	4910.0	4583.0	4365.0	4062.0	4369.0	32140.0
Zdi-ADup_031-Ex1-1C-lcwgs-1-1.clmp.r2	573.0	2741.0	4616.0	6517.0	7925.0	8898.0	9164.0	9422.0	9170.0	8887.0	8775.0	8305.0	7795.0	7508.0	6927.0	6459.0	6314.0	5656.0	5426.0	4936.0	4589.0	4338.0	4041.0	4688.0	32007.0
Zdi-ADup_032-Ex1-1D-lcwgs-1-1.clmp.r1	6350.0	28013.0	47806.0	66933.0	85490.0	100355.0	110961.0	122365.0	127869.0	130589.0	129704.0	125293.0	118437.0	109310.0	100995.0	91742.0	83055.0	74184.0	66571.0	59237.0	52390.0	46747.0	42000.0	42790.0	264458.0
Zdi-ADup_032-Ex1-1D-lcwgs-1-1.clmp.r2	6372.0	28055.0	47859.0	66937.0	85455.0	100295.0	110982.0	122347.0	127747.0	130404.0	129622.0	125140.0	118145.0	108989.0	100669.0	91423.0	82816.0	73893.0	66282.0	58993.0	52219.0	46528.0	42082.0	46194.0	264196.0
Zdi-ADup_033-Ex1-1E-lcwgs-1-1.clmp.r1	1176.0	5479.0	9960.0	14564.0	17938.0	19753.0	19822.0	19678.0	18394.0	17124.0	15695.0	13953.0	12535.0	10680.0	9456.0	8096.0	6969.0	6038.0	5362.0	4590.0	3918.0	3329.0	3016.0	3150.0	19776.0
Zdi-ADup_033-Ex1-1E-lcwgs-1-1.clmp.r2	1167.0	5473.0	9973.0	14599.0	17942.0	19714.0	19814.0	19662.0	18387.0	17127.0	15694.0	13958.0	12517.0	10636.0	9412.0	8053.0	6957.0	6022.0	5338.0	4562.0	3904.0	3344.0	3059.0	3445.0	19692.0
Zdi-ADup_034-Ex1-1F-lcwgs-1-1.clmp.r1	996.0	4739.0	8340.0	12080.0	15342.0	16924.0	17766.0	18024.0	17713.0	17021.0	15886.0	14923.0	13397.0	12039.0	10920.0	9927.0	8837.0	7768.0	7176.0	6300.0	5538.0	5123.0	4695.0	4766.0	31899.0
Zdi-ADup_034-Ex1-1F-lcwgs-1-1.clmp.r2	986.0	4737.0	8374.0	12089.0	15331.0	16938.0	17753.0	18012.0	17732.0	16995.0	15854.0	14903.0	13354.0	12038.0	10890.0	9864.0	8847.0	7750.0	7132.0	6296.0	5526.0	5085.0	4729.0	5132.0	31792.0
Zdi-ADup_035-Ex1-1G-lcwgs-1-1.clmp.r1	8673.0	39490.0	64186.0	83712.0	94126.0	97667.0	94761.0	91148.0	83888.0	75896.0	67396.0	58482.0	50099.0	42212.0	35846.0	29963.0	25104.0	20794.0	17261.0	14717.0	12331.0	10549.0	9056.0	8640.0	44244.0
Zdi-ADup_035-Ex1-1G-lcwgs-1-1.clmp.r2	8699.0	39420.0	64192.0	83748.0	94095.0	97746.0	94794.0	91079.0	83815.0	75825.0	67378.0	58351.0	49986.0	42075.0	35771.0	29893.0	24984.0	20755.0	17194.0	14679.0	12305.0	10542.0	9098.0	9498.0	44319.0
Zdi-ADup_036-Ex1-1H-lcwgs-1-1.clmp.r1	2201.0	10304.0	16318.0	21023.0	23580.0	24138.0	23919.0	22487.0	20667.0	18770.0	16737.0	14866.0	13037.0	11691.0	10379.0	9100.0	8179.0	7258.0	6656.0	5830.0	5126.0	4865.0	4607.0	4867.0	34814.0
Zdi-ADup_036-Ex1-1H-lcwgs-1-1.clmp.r2	2203.0	10300.0	16314.0	20986.0	23573.0	24142.0	23904.0	22518.0	20667.0	18752.0	16690.0	14858.0	13048.0	11643.0	10349.0	9078.0	8160.0	7237.0	6643.0	5831.0	5113.0	4851.0	4636.0	5286.0	34637.0
Zdi-ADup_037-Ex1-3D-lcwgs-1-1.clmp.r1	657.0	3492.0	6753.0	10429.0	13411.0	15359.0	15857.0	16081.0	15918.0	15053.0	14524.0	13939.0	13131.0	12111.0	10955.0	9622.0	8691.0	7556.0	6787.0	6006.0	5328.0	4778.0	4256.0	4333.0	25887.0
Zdi-ADup_037-Ex1-3D-lcwgs-1-1.clmp.r2	658.0	3495.0	6754.0	10422.0	13413.0	15359.0	15856.0	16076.0	15891.0	15053.0	14521.0	13902.0	13149.0	12112.0	10912.0	9553.0	8651.0	7568.0	6802.0	5965.0	5312.0	4808.0	4278.0	4560.0	25844.0
Zdi-ADup_038-Ex1-2B-lcwgs-1-1.clmp.r1	746.0	3266.0	5636.0	7792.0	9078.0	9894.0	9877.0	9619.0	9101.0	8407.0	7647.0	6994.0	6250.0	5432.0	4951.0	4392.0	3833.0	3267.0	2918.0	2499.0	2202.0	1928.0	1700.0	1701.0	9443.0
Zdi-ADup_038-Ex1-2B-lcwgs-1-1.clmp.r2	759.0	3267.0	5628.0	7807.0	9091.0	9873.0	9872.0	9612.0	9093.0	8377.0	7643.0	6978.0	6233.0	5437.0	4955.0	4375.0	3810.0	3256.0	2908.0	2504.0	2201.0	1933.0	1696.0	1826.0	9439.0
Zdi-ADup_039-Ex1-2C-lcwgs-1-1.clmp.r1	657.0	3160.0	5754.0	8179.0	10434.0	11514.0	12290.0	12548.0	12482.0	12223.0	11767.0	11308.0	10542.0	9881.0	9232.0	8439.0	7711.0	6723.0	6227.0	5505.0	5004.0	4609.0	4237.0	4305.0	25567.0
Zdi-ADup_039-Ex1-2C-lcwgs-1-1.clmp.r2	644.0	3158.0	5757.0	8177.0	10451.0	11501.0	12268.0	12529.0	12476.0	12211.0	11731.0	11325.0	10570.0	9853.0	9194.0	8420.0	7687.0	6714.0	6199.0	5522.0	4992.0	4594.0	4250.0	4550.0	25525.0
Zdi-ADup_040-Ex1-2D-lcwgs-1-1.clmp.r1	903.0	4578.0	7918.0	11380.0	13981.0	15479.0	16175.0	16384.0	16040.0	15641.0	14709.0	13763.0	12850.0	11785.0	10710.0	9786.0	8725.0	7992.0	7018.0	6329.0	5824.0	5098.0	4589.0	4546.0	25922.0
Zdi-ADup_040-Ex1-2D-lcwgs-1-1.clmp.r2	898.0	4578.0	7925.0	11347.0	13969.0	15501.0	16196.0	16373.0	16018.0	15611.0	14687.0	13728.0	12834.0	11767.0	10675.0	9788.0	8712.0	7983.0	7004.0	6310.0	5782.0	5116.0	4625.0	4877.0	25821.0
Zdi-ADup_041-Ex1-2E-lcwgs-1-1.clmp.r1	449.0	2071.0	3787.0	5404.0	6534.0	7359.0	7671.0	7697.0	7812.0	7330.0	7091.0	6900.0	6229.0	5589.0	5125.0	4585.0	4142.0	3722.0	3413.0	2989.0	2646.0	2399.0	2108.0	2113.0	12191.0
Zdi-ADup_041-Ex1-2E-lcwgs-1-1.clmp.r2	458.0	2066.0	3788.0	5378.0	6553.0	7400.0	7667.0	7681.0	7799.0	7329.0	7085.0	6868.0	6208.0	5583.0	5112.0	4580.0	4156.0	3695.0	3408.0	2980.0	2627.0	2386.0	2111.0	2333.0	12105.0
Zdi-ADup_042-Ex1-2F-lcwgs-1-1.clmp.r1	50208.0	244281.0	435235.0	639125.0	816067.0	944861.0	1040825.0	1100755.0	1127061.0	1105518.0	1055893.0	978376.0	882093.0	783013.0	688428.0	598257.0	518841.0	446124.0	382412.0	323884.0	275519.0	238538.0	204809.0	195506.0	887777.0
Zdi-ADup_042-Ex1-2F-lcwgs-1-1.clmp.r2	50164.0	244193.0	435147.0	639212.0	816501.0	944961.0	1040674.0	1100535.0	1126097.0	1104365.0	1054907.0	977007.0	880182.0	781578.0	686931.0	596362.0	517118.0	444840.0	381175.0	322818.0	274703.0	237621.0	205195.0	209991.0	891129.0
Zdi-ADup_043-Ex1-2G-lcwgs-1-1.clmp.r1	4025.0	19854.0	35691.0	53348.0	67491.0	76416.0	82836.0	85710.0	85478.0	82376.0	76845.0	70384.0	63106.0	55630.0	48673.0	42234.0	36435.0	31200.0	26417.0	22651.0	18774.0	16435.0	14281.0	13371.0	61870.0
Zdi-ADup_043-Ex1-2G-lcwgs-1-1.clmp.r2	4024.0	19816.0	35661.0	53410.0	67501.0	76365.0	82922.0	85754.0	85310.0	82336.0	76787.0	70322.0	62972.0	55434.0	48565.0	42107.0	36350.0	31111.0	26292.0	22584.0	18740.0	16389.0	14289.0	14470.0	62020.0
Zdi-ADup_044-Ex1-2H-lcwgs-1-1.clmp.r1	35917.0	163517.0	271915.0	369969.0	440688.0	483245.0	500601.0	508078.0	496114.0	472178.0	438559.0	396993.0	353706.0	311285.0	269775.0	233553.0	200888.0	171360.0	145820.0	123478.0	104417.0	89777.0	76310.0	74032.0	304583.0
Zdi-ADup_044-Ex1-2H-lcwgs-1-1.clmp.r2	35962.0	163789.0	271919.0	369945.0	440596.0	483230.0	500655.0	508018.0	495476.0	471482.0	437951.0	396406.0	353145.0	310387.0	269134.0	232689.0	200046.0	170805.0	145414.0	123014.0	103979.0	89483.0	76738.0	80261.0	306234.0
Zdi-ADup_045-Ex1-3A-lcwgs-1-1.clmp.r1	2268.0	10520.0	16814.0	22011.0	24338.0	24215.0	23308.0	21270.0	19195.0	16705.0	14596.0	12376.0	10230.0	8604.0	6999.0	5829.0	5002.0	4070.0	3272.0	2771.0	2282.0	1974.0	1694.0	1555.0	7771.0
Zdi-ADup_045-Ex1-3A-lcwgs-1-1.clmp.r2	2269.0	10500.0	16828.0	21968.0	24299.0	24313.0	23284.0	21210.0	19182.0	16709.0	14650.0	12375.0	10209.0	8548.0	7012.0	5817.0	4981.0	4045.0	3241.0	2764.0	2307.0	1967.0	1685.0	1692.0	7814.0
Zdi-ADup_046-Ex1-3B-lcwgs-1-1.clmp.r1	615.0	2740.0	5085.0	7380.0	8844.0	9632.0	9468.0	9212.0	8585.0	8168.0	7480.0	6725.0	6112.0	5371.0	4703.0	4065.0	3595.0	3095.0	2702.0	2327.0	2005.0	1882.0	1593.0	1593.0	8579.0
Zdi-ADup_046-Ex1-3B-lcwgs-1-1.clmp.r2	613.0	2760.0	5094.0	7353.0	8854.0	9628.0	9473.0	9209.0	8545.0	8156.0	7480.0	6721.0	6095.0	5364.0	4679.0	4074.0	3597.0	3084.0	2699.0	2319.0	2000.0	1871.0	1595.0	1698.0	8595.0
Zdi-ADup_047-Ex1-3C-lcwgs-1-1.clmp.r1	8486.0	38647.0	65200.0	89830.0	108450.0	118527.0	121582.0	119788.0	115493.0	107459.0	98323.0	88133.0	77212.0	67536.0	57976.0	50152.0	42420.0	36108.0	30478.0	25533.0	21712.0	18722.0	15928.0	15426.0	64185.0
Zdi-ADup_047-Ex1-3C-lcwgs-1-1.clmp.r2	8492.0	38626.0	65287.0	89734.0	108445.0	118586.0	121537.0	119749.0	115389.0	107306.0	98128.0	87894.0	76991.0	67224.0	57740.0	49957.0	42316.0	35931.0	30329.0	25412.0	21672.0	18661.0	16086.0	16995.0	64819.0
Zdi-CDup_001-Ex1-5D-lcwgs-1-1.clmp.r1	9915.0	38860.0	51538.0	60829.0	64210.0	64731.0	62831.0	60815.0	58593.0	55513.0	52595.0	50521.0	47945.0	45947.0	43295.0	41066.0	39070.0	36526.0	34710.0	32632.0	31279.0	29246.0	28222.0	32853.0	255078.0
Zdi-CDup_001-Ex1-5D-lcwgs-1-1.clmp.r2	9936.0	38933.0	51516.0	60884.0	64153.0	64790.0	62848.0	60752.0	58597.0	55467.0	52571.0	50394.0	47826.0	45849.0	43126.0	40883.0	38878.0	36370.0	34531.0	32501.0	31057.0	29069.0	28241.0	36372.0	253276.0
Zdi-CDup_002-Ex1-5E-lcwgs-1-1.clmp.r1	819.0	3264.0	4582.0	5515.0	5854.0	6205.0	6265.0	6067.0	5959.0	6065.0	5688.0	5672.0	5372.0	5372.0	5177.0	4905.0	4629.0	4421.0	4209.0	3901.0	3696.0	3648.0	3469.0	3924.0	31999.0
Zdi-CDup_002-Ex1-5E-lcwgs-1-1.clmp.r2	813.0	3263.0	4585.0	5532.0	5837.0	6194.0	6276.0	6081.0	5956.0	6045.0	5680.0	5667.0	5364.0	5366.0	5142.0	4882.0	4637.0	4401.0	4169.0	3907.0	3682.0	3665.0	3465.0	4259.0	31809.0
Zdi-CDup_003-Ex1-5F-lcwgs-1-1.clmp.r1	6159.0	21950.0	27239.0	31509.0	33082.0	33065.0	32389.0	31568.0	31203.0	29573.0	28508.0	27529.0	27126.0	26237.0	25509.0	24607.0	23334.0	22492.0	21393.0	20496.0	19309.0	18622.0	17910.0	20337.0	155471.0
Zdi-CDup_003-Ex1-5F-lcwgs-1-1.clmp.r2	6181.0	21994.0	27234.0	31493.0	33083.0	33049.0	32432.0	31597.0	31188.0	29511.0	28461.0	27456.0	27062.0	26233.0	25416.0	24532.0	23200.0	22381.0	21289.0	20405.0	19225.0	18551.0	17942.0	22434.0	154268.0
Zdi-CDup_004-Ex1-5G-lcwgs-1-1.clmp.r1	947.0	3574.0	4725.0	5447.0	5923.0	6268.0	6046.0	6142.0	6044.0	5975.0	5781.0	5640.0	5445.0	5318.0	5046.0	4892.0	4694.0	4400.0	4251.0	3940.0	3784.0	3558.0	3504.0	3941.0	32424.0
Zdi-CDup_004-Ex1-5G-lcwgs-1-1.clmp.r2	938.0	3569.0	4731.0	5461.0	5932.0	6261.0	6041.0	6122.0	6045.0	5999.0	5769.0	5629.0	5442.0	5299.0	5011.0	4878.0	4683.0	4406.0	4240.0	3928.0	3790.0	3544.0	3495.0	4345.0	32151.0
Zdi-CDup_005-Ex1-5H-lcwgs-1-1.clmp.r1	5739.0	23538.0	34529.0	45064.0	54729.0	62368.0	67637.0	72684.0	75974.0	79252.0	81360.0	84544.0	86862.0	88738.0	89339.0	89612.0	88027.0	86906.0	83777.0	80584.0	77814.0	74937.0	73050.0	83617.0	697093.0
Zdi-CDup_005-Ex1-5H-lcwgs-1-1.clmp.r2	5769.0	23668.0	34574.0	45175.0	54785.0	62360.0	67617.0	72783.0	75983.0	79173.0	81229.0	84396.0	86741.0	88537.0	89100.0	89359.0	87792.0	86616.0	83413.0	80237.0	77435.0	74795.0	73117.0	91177.0	691943.0
Zdi-CDup_006-Ex1-6A-lcwgs-1-1.clmp.r1	6857.0	31298.0	51764.0	74341.0	95396.0	111766.0	125666.0	137301.0	146488.0	154665.0	161375.0	167351.0	172258.0	176637.0	179025.0	181208.0	180121.0	178723.0	174442.0	170401.0	165825.0	164350.0	162377.0	195499.0	1834030.0
Zdi-CDup_006-Ex1-6A-lcwgs-1-1.clmp.r2	6924.0	31391.0	51911.0	74336.0	95378.0	111906.0	125734.0	137124.0	146456.0	154572.0	161031.0	167029.0	171992.0	176114.0	178481.0	180698.0	179494.0	177691.0	173590.0	169668.0	164901.0	163548.0	162653.0	218071.0	1818471.0
Zdi-CDup_007-Ex1-6B-lcwgs-1-1.clmp.r1	7607.0	31844.0	45342.0	57639.0	65451.0	68619.0	68549.0	67857.0	65906.0	63237.0	59646.0	56261.0	53002.0	49980.0	46652.0	43778.0	40978.0	37952.0	35153.0	32716.0	30223.0	28555.0	26330.0	28461.0	212145.0
Zdi-CDup_007-Ex1-6B-lcwgs-1-1.clmp.r2	7593.0	31796.0	45359.0	57760.0	65420.0	68599.0	68513.0	67871.0	65903.0	63159.0	59596.0	56208.0	52886.0	49862.0	46500.0	43637.0	40839.0	37885.0	34994.0	32555.0	30123.0	28464.0	26322.0	31719.0	210320.0
Zdi-CDup_008-Ex1-6C-lcwgs-1-1.clmp.r1	2636.0	10019.0	13728.0	16491.0	17993.0	18646.0	18685.0	18873.0	18486.0	18408.0	18170.0	18127.0	17553.0	17845.0	17517.0	17157.0	17006.0	16400.0	15894.0	15151.0	14755.0	14437.0	14290.0	17249.0	171540.0
Zdi-CDup_008-Ex1-6C-lcwgs-1-1.clmp.r2	2636.0	10039.0	13745.0	16459.0	17998.0	18661.0	18695.0	18859.0	18511.0	18390.0	18173.0	18114.0	17522.0	17809.0	17443.0	17068.0	16937.0	16383.0	15894.0	15089.0	14669.0	14382.0	14305.0	19430.0	169845.0
Zdi-CDup_010-Ex1-6D-lcwgs-1-1.clmp.r1	15002.0	60537.0	85182.0	104112.0	116698.0	121859.0	123777.0	124781.0	124534.0	122829.0	122464.0	120953.0	120906.0	119321.0	118284.0	116550.0	113969.0	111183.0	108722.0	104893.0	101950.0	102183.0	101039.0	124755.0	1272185.0
Zdi-CDup_010-Ex1-6D-lcwgs-1-1.clmp.r2	15063.0	60608.0	85234.0	104216.0	116719.0	121838.0	123769.0	124787.0	124518.0	122760.0	122324.0	120705.0	120782.0	118985.0	118013.0	116195.0	113518.0	110667.0	108267.0	104489.0	101541.0	101632.0	101046.0	140111.0	1260881.0
Zdi-CDup_011-Ex1-6E-lcwgs-1-1.clmp.r1	9907.0	40962.0	58816.0	73153.0	82049.0	85728.0	88032.0	88867.0	88894.0	88938.0	89504.0	89817.0	89876.0	90354.0	89747.0	89052.0	87338.0	86115.0	84045.0	80932.0	78388.0	77130.0	75854.0	89767.0	887305.0
Zdi-CDup_011-Ex1-6E-lcwgs-1-1.clmp.r2	9935.0	40959.0	58772.0	73256.0	82202.0	85721.0	88036.0	88814.0	88829.0	88935.0	89417.0	89734.0	89784.0	90292.0	89481.0	88786.0	87105.0	85742.0	83691.0	80641.0	78109.0	76806.0	75803.0	99794.0	879926.0
Zdi-CDup_012-Ex1-6F-lcwgs-1-1.clmp.r1	3612.0	13234.0	16401.0	19237.0	21183.0	22435.0	22619.0	23067.0	23221.0	23405.0	23327.0	23907.0	23876.0	23847.0	23533.0	23229.0	22633.0	21825.0	20857.0	19724.0	18750.0	17961.0	17420.0	19630.0	156122.0
Zdi-CDup_012-Ex1-6F-lcwgs-1-1.clmp.r2	3615.0	13248.0	16430.0	19217.0	21221.0	22472.0	22639.0	23061.0	23240.0	23412.0	23311.0	23836.0	23829.0	23786.0	23466.0	23118.0	22550.0	21740.0	20782.0	19678.0	18690.0	17810.0	17280.0	21551.0	155073.0
Zdi-CDup_013-Ex1-6G-lcwgs-1-1.clmp.r1	1353.0	5402.0	7295.0	8763.0	9449.0	9901.0	10251.0	10343.0	10250.0	10392.0	10692.0	10773.0	10868.0	10691.0	10691.0	10579.0	10228.0	10181.0	10132.0	9697.0	9246.0	9165.0	9143.0	10781.0	106959.0
Zdi-CDup_013-Ex1-6G-lcwgs-1-1.clmp.r2	1363.0	5409.0	7315.0	8762.0	9455.0	9932.0	10243.0	10332.0	10248.0	10374.0	10659.0	10746.0	10856.0	10690.0	10678.0	10580.0	10179.0	10161.0	10104.0	9649.0	9225.0	9162.0	9121.0	11855.0	106127.0
Zdi-CDup_014-Ex1-6H-lcwgs-1-1.clmp.r1	26402.0	102178.0	137466.0	163282.0	176329.0	179909.0	179070.0	177202.0	170417.0	163243.0	157456.0	149589.0	143095.0	135863.0	128481.0	120842.0	114194.0	106398.0	99671.0	92937.0	86585.0	82034.0	77309.0	85556.0	640427.0
Zdi-CDup_014-Ex1-6H-lcwgs-1-1.clmp.r2	26455.0	102254.0	137515.0	163389.0	176338.0	179823.0	179075.0	177258.0	170166.0	162986.0	157263.0	149439.0	142846.0	135548.0	128075.0	120452.0	113855.0	106077.0	99252.0	92496.0	86261.0	81387.0	77119.0	93965.0	636641.0
Zdi-CDup_015-Ex1-7A-lcwgs-1-1.clmp.r1	1300.0	5726.0	8385.0	10554.0	11803.0	12920.0	12927.0	13099.0	12929.0	12919.0	12777.0	12433.0	12079.0	11826.0	11683.0	11057.0	10741.0	10232.0	9632.0	9209.0	8947.0	8619.0	8467.0	9643.0	88067.0
Zdi-CDup_015-Ex1-7A-lcwgs-1-1.clmp.r2	1300.0	5716.0	8402.0	10586.0	11789.0	12907.0	12949.0	13094.0	12909.0	12915.0	12783.0	12428.0	12046.0	11785.0	11706.0	11029.0	10681.0	10235.0	9601.0	9157.0	8897.0	8565.0	8473.0	10732.0	87289.0
Zdi-CDup_016-Ex1-7B-lcwgs-1-1.clmp.r1	16189.0	67824.0	99422.0	124664.0	140886.0	145457.0	144482.0	141265.0	136340.0	129736.0	123285.0	117046.0	111010.0	103929.0	98242.0	91709.0	85620.0	79392.0	73749.0	68565.0	63887.0	59411.0	55267.0	61493.0	438417.0
Zdi-CDup_016-Ex1-7B-lcwgs-1-1.clmp.r2	16226.0	67816.0	99474.0	124705.0	140840.0	145501.0	144514.0	141276.0	136307.0	129611.0	123200.0	116939.0	110771.0	103548.0	98001.0	91422.0	85235.0	78968.0	73417.0	68350.0	63673.0	59250.0	55099.0	66905.0	436239.0
Zdi-CDup_017-Ex1-7C-lcwgs-1-1.clmp.r1	6088.0	23037.0	30260.0	35007.0	37115.0	36640.0	35974.0	34830.0	33589.0	31707.0	30295.0	29008.0	27697.0	26414.0	25536.0	23716.0	22744.0	21231.0	19921.0	18748.0	17511.0	16441.0	15444.0	16795.0	128981.0
Zdi-CDup_017-Ex1-7C-lcwgs-1-1.clmp.r2	6090.0	23039.0	30272.0	35053.0	37165.0	36618.0	36005.0	34772.0	33543.0	31715.0	30291.0	28949.0	27673.0	26345.0	25500.0	23659.0	22680.0	21130.0	19847.0	18717.0	17498.0	16347.0	15542.0	18177.0	128102.0
Zdi-CDup_018-Ex1-7D-lcwgs-1-1.clmp.r1	16633.0	60433.0	75186.0	86302.0	91045.0	92286.0	91081.0	90130.0	88661.0	86489.0	85415.0	84986.0	83597.0	82446.0	81923.0	80116.0	77940.0	75658.0	73399.0	70543.0	68737.0	66999.0	66485.0	81122.0	731507.0
Zdi-CDup_018-Ex1-7D-lcwgs-1-1.clmp.r2	16639.0	60437.0	75267.0	86356.0	91016.0	92254.0	91094.0	90167.0	88682.0	86459.0	85352.0	84843.0	83366.0	82224.0	81619.0	79777.0	77541.0	75263.0	73109.0	70271.0	68408.0	66741.0	66583.0	89739.0	725912.0
Zdi-CDup_019-Ex1-7E-lcwgs-1-1.clmp.r1	23965.0	97527.0	139023.0	172317.0	192737.0	201059.0	203230.0	202412.0	197848.0	192857.0	186956.0	181662.0	175532.0	168943.0	163008.0	157028.0	149079.0	141561.0	135527.0	129463.0	122175.0	117912.0	114206.0	131009.0	1121203.0
Zdi-CDup_019-Ex1-7E-lcwgs-1-1.clmp.r2	23987.0	97579.0	139105.0	172333.0	192746.0	201149.0	203291.0	202416.0	197738.0	192742.0	186818.0	181455.0	175107.0	168566.0	162604.0	156593.0	148567.0	141151.0	135214.0	128886.0	121755.0	117632.0	114369.0	142808.0	1113628.0
Zdi-CDup_020-Ex1-7F-lcwgs-1-1.clmp.r1	1310.0	4984.0	6070.0	6997.0	7374.0	7289.0	7258.0	6993.0	6935.0	6585.0	6216.0	6163.0	5851.0	5579.0	5458.0	5115.0	4821.0	4573.0	4268.0	4028.0	3734.0	3618.0	3406.0	3945.0	30878.0
Zdi-CDup_020-Ex1-7F-lcwgs-1-1.clmp.r2	1315.0	4983.0	6066.0	7027.0	7384.0	7289.0	7251.0	6983.0	6913.0	6570.0	6243.0	6163.0	5821.0	5576.0	5446.0	5118.0	4811.0	4525.0	4261.0	4012.0	3691.0	3606.0	3410.0	4299.0	30685.0
Zdi-CDup_021-Ex1-7G-lcwgs-1-1.clmp.r1	35064.0	134263.0	177430.0	207414.0	220204.0	221998.0	220952.0	216873.0	211807.0	205559.0	199046.0	194144.0	187636.0	181557.0	175886.0	169176.0	162731.0	155078.0	148485.0	141349.0	133856.0	128678.0	124842.0	143421.0	1228271.0
Zdi-CDup_021-Ex1-7G-lcwgs-1-1.clmp.r2	35069.0	134304.0	177523.0	207538.0	220093.0	221936.0	221125.0	216882.0	211758.0	205373.0	198827.0	193898.0	187350.0	181138.0	175493.0	168541.0	162221.0	154615.0	147993.0	140890.0	133498.0	128273.0	125146.0	156654.0	1219582.0
Zdi-CDup_022-Ex1-7H-lcwgs-1-1.clmp.r1	4292.0	17581.0	24950.0	30662.0	34104.0	34988.0	34889.0	33876.0	32694.0	31429.0	29974.0	28573.0	27389.0	25742.0	24851.0	23071.0	21648.0	20243.0	18791.0	17456.0	16307.0	15346.0	14316.0	15548.0	115990.0
Zdi-CDup_022-Ex1-7H-lcwgs-1-1.clmp.r2	4298.0	17594.0	24937.0	30680.0	34092.0	34913.0	34897.0	33962.0	32683.0	31382.0	29948.0	28507.0	27339.0	25718.0	24773.0	22966.0	21548.0	20145.0	18770.0	17408.0	16241.0	15335.0	14268.0	16840.0	115466.0
Zdi-CDup_023-Ex1-8A-lcwgs-1-1.clmp.r1	238.0	1076.0	1578.0	1978.0	2219.0	2315.0	2331.0	2354.0	2280.0	2169.0	2183.0	2081.0	2107.0	1972.0	1851.0	1805.0	1732.0	1651.0	1563.0	1472.0	1456.0	1291.0	1290.0	1449.0	12765.0
Zdi-CDup_023-Ex1-8A-lcwgs-1-1.clmp.r2	237.0	1079.0	1572.0	1974.0	2212.0	2319.0	2329.0	2356.0	2262.0	2176.0	2191.0	2093.0	2120.0	1963.0	1849.0	1796.0	1717.0	1655.0	1569.0	1456.0	1448.0	1281.0	1282.0	1607.0	12663.0
Zdi-CDup_024-Ex1-8B-lcwgs-1-1.clmp.r1	227.0	864.0	1256.0	1519.0	1650.0	1718.0	1733.0	1767.0	1736.0	1583.0	1588.0	1528.0	1424.0	1435.0	1407.0	1251.0	1204.0	1282.0	1136.0	1143.0	1018.0	957.0	967.0	1103.0	9680.0
Zdi-CDup_024-Ex1-8B-lcwgs-1-1.clmp.r2	230.0	857.0	1249.0	1530.0	1667.0	1713.0	1709.0	1769.0	1748.0	1570.0	1587.0	1530.0	1423.0	1439.0	1404.0	1244.0	1205.0	1282.0	1123.0	1136.0	1027.0	966.0	959.0	1210.0	9599.0
Zdi-CDup_025-Ex1-8C-lcwgs-1-1.clmp.r1	688.0	2697.0	3748.0	4422.0	4917.0	4750.0	4874.0	4532.0	4304.0	4211.0	4034.0	3781.0	3430.0	3343.0	3260.0	3013.0	2822.0	2564.0	2386.0	2326.0	2124.0	2106.0	1995.0	2061.0	17116.0
Zdi-CDup_025-Ex1-8C-lcwgs-1-1.clmp.r2	686.0	2704.0	3770.0	4421.0	4911.0	4750.0	4867.0	4534.0	4294.0	4197.0	4038.0	3782.0	3418.0	3338.0	3264.0	2991.0	2820.0	2552.0	2370.0	2330.0	2106.0	2079.0	1975.0	2256.0	17051.0
Zdi-CDup_026-Ex1-8D-lcwgs-1-1.clmp.r1	4405.0	17155.0	23360.0	26590.0	27605.0	27441.0	26368.0	25301.0	23799.0	22386.0	21260.0	20171.0	19129.0	18037.0	17238.0	16351.0	15426.0	14793.0	13667.0	13054.0	12440.0	11799.0	11194.0	12576.0	111295.0
Zdi-CDup_026-Ex1-8D-lcwgs-1-1.clmp.r2	4413.0	17156.0	23364.0	26606.0	27596.0	27461.0	26381.0	25311.0	23742.0	22347.0	21263.0	20156.0	19102.0	17973.0	17217.0	16313.0	15397.0	14744.0	13607.0	13044.0	12386.0	11698.0	11200.0	13920.0	110443.0
Zdi-CDup_027-Ex1-8E-lcwgs-1-1.clmp.r1	484.0	1824.0	2255.0	2691.0	2670.0	2581.0	2583.0	2479.0	2339.0	2164.0	2036.0	1860.0	1886.0	1798.0	1660.0	1603.0	1538.0	1448.0	1260.0	1137.0	1142.0	1120.0	1081.0	1193.0	10266.0
Zdi-CDup_027-Ex1-8E-lcwgs-1-1.clmp.r2	485.0	1823.0	2268.0	2685.0	2671.0	2574.0	2570.0	2482.0	2350.0	2146.0	2048.0	1860.0	1878.0	1796.0	1650.0	1601.0	1531.0	1462.0	1262.0	1140.0	1132.0	1114.0	1064.0	1346.0	10160.0
Zdi-CDup_028-Ex1-8F-lcwgs-1-1.clmp.r1	625.0	2276.0	3017.0	3657.0	4264.0	4575.0	4589.0	4741.0	4900.0	4724.0	4628.0	4659.0	4460.0	4386.0	4351.0	4144.0	3966.0	3975.0	3786.0	3641.0	3389.0	3432.0	3288.0	3718.0	36010.0
Zdi-CDup_028-Ex1-8F-lcwgs-1-1.clmp.r2	627.0	2259.0	3012.0	3683.0	4272.0	4558.0	4607.0	4736.0	4884.0	4706.0	4630.0	4651.0	4458.0	4393.0	4347.0	4140.0	3952.0	3930.0	3771.0	3625.0	3396.0	3397.0	3313.0	4223.0	35631.0
Zdi-CDup_029-Ex1-8G-lcwgs-1-1.clmp.r1	404.0	1479.0	2007.0	2554.0	2980.0	3222.0	3469.0	3586.0	3737.0	3652.0	3780.0	3723.0	3716.0	3854.0	3882.0	3779.0	3615.0	3686.0	3488.0	3312.0	3242.0	3135.0	3024.0	3438.0	32114.0
Zdi-CDup_029-Ex1-8G-lcwgs-1-1.clmp.r2	403.0	1475.0	2004.0	2573.0	2979.0	3211.0	3467.0	3604.0	3739.0	3632.0	3772.0	3729.0	3723.0	3849.0	3862.0	3762.0	3609.0	3671.0	3480.0	3307.0	3225.0	3128.0	3034.0	3776.0	31864.0
Zdi-CDup_030-Ex1-8H-lcwgs-1-1.clmp.r1	154.0	623.0	845.0	891.0	1034.0	1108.0	1085.0	1020.0	1010.0	996.0	1010.0	1032.0	950.0	905.0	826.0	751.0	760.0	743.0	666.0	590.0	585.0	571.0	577.0	630.0	5222.0
Zdi-CDup_030-Ex1-8H-lcwgs-1-1.clmp.r2	155.0	619.0	844.0	891.0	1037.0	1115.0	1079.0	1026.0	1011.0	986.0	1007.0	1033.0	947.0	912.0	826.0	745.0	760.0	736.0	664.0	598.0	582.0	561.0	588.0	675.0	5187.0
Zdi-CDup_031-Ex1-9A-lcwgs-1-1.clmp.r1	11540.0	49453.0	74590.0	97124.0	111326.0	118057.0	121486.0	122831.0	121510.0	118298.0	115642.0	112908.0	108974.0	104390.0	101837.0	96753.0	91826.0	86888.0	81856.0	77878.0	72948.0	69872.0	66658.0	76516.0	626957.0
Zdi-CDup_031-Ex1-9A-lcwgs-1-1.clmp.r2	11525.0	49478.0	74662.0	97227.0	111324.0	118077.0	121472.0	122690.0	121453.0	118354.0	115478.0	112625.0	108761.0	104224.0	101530.0	96448.0	91598.0	86509.0	81518.0	77671.0	72737.0	69767.0	66839.0	83780.0	622371.0
Zdi-CDup_032-Ex1-9B-lcwgs-1-1.clmp.r1	1356.0	5207.0	7262.0	8728.0	9358.0	9609.0	9394.0	9112.0	8811.0	8291.0	7973.0	7613.0	7228.0	6725.0	6541.0	5844.0	5544.0	5242.0	4774.0	4414.0	4052.0	4189.0	3788.0	4375.0	34669.0
Zdi-CDup_032-Ex1-9B-lcwgs-1-1.clmp.r2	1344.0	5209.0	7272.0	8728.0	9341.0	9623.0	9416.0	9131.0	8780.0	8291.0	8008.0	7576.0	7201.0	6730.0	6504.0	5811.0	5521.0	5223.0	4764.0	4388.0	4018.0	4153.0	3778.0	4712.0	34577.0
Zdi-CDup_033-Ex1-9C-lcwgs-1-1.clmp.r1	9231.0	35832.0	47616.0	54496.0	56349.0	54996.0	53231.0	50626.0	47498.0	44326.0	41852.0	39340.0	36980.0	34569.0	32838.0	30038.0	28092.0	26072.0	24245.0	22276.0	21203.0	19293.0	18441.0	19879.0	145040.0
Zdi-CDup_033-Ex1-9C-lcwgs-1-1.clmp.r2	9227.0	35848.0	47630.0	54492.0	56371.0	54985.0	53243.0	50657.0	47470.0	44253.0	41784.0	39311.0	36910.0	34495.0	32749.0	29946.0	28008.0	25986.0	24171.0	22195.0	21123.0	19296.0	18424.0	21551.0	144234.0
Zdi-CDup_034-Ex1-9D-lcwgs-1-1.clmp.r1	16093.0	65134.0	91031.0	106990.0	113114.0	112881.0	110834.0	106375.0	101627.0	97137.0	92188.0	87635.0	83926.0	79666.0	75168.0	71369.0	68198.0	64579.0	60610.0	57562.0	54355.0	52988.0	50861.0	59217.0	504278.0
Zdi-CDup_034-Ex1-9D-lcwgs-1-1.clmp.r2	16082.0	65197.0	90992.0	107045.0	113183.0	112885.0	110745.0	106431.0	101484.0	97027.0	92178.0	87544.0	83734.0	79466.0	75129.0	71152.0	67907.0	64281.0	60398.0	57425.0	54140.0	52805.0	50685.0	64595.0	501306.0
Zdi-CDup_035-Ex1-9E-lcwgs-1-1.clmp.r1	3436.0	12057.0	15972.0	17937.0	18605.0	18649.0	18156.0	17714.0	17012.0	16610.0	16180.0	15291.0	14864.0	14384.0	13624.0	13177.0	12497.0	11929.0	11117.0	10695.0	9998.0	9540.0	9146.0	10224.0	82936.0
Zdi-CDup_035-Ex1-9E-lcwgs-1-1.clmp.r2	3450.0	12049.0	15978.0	17925.0	18591.0	18682.0	18190.0	17689.0	17003.0	16633.0	16149.0	15247.0	14863.0	14363.0	13574.0	13145.0	12466.0	11901.0	11087.0	10645.0	9920.0	9512.0	9187.0	11039.0	82462.0
Zdi-CDup_036-Ex1-9F-lcwgs-1-1.clmp.r1	1058.0	3703.0	4914.0	5619.0	5858.0	5868.0	5728.0	5571.0	5309.0	5000.0	4851.0	4651.0	4439.0	4102.0	3883.0	3753.0	3535.0	3306.0	3227.0	3016.0	2847.0	2757.0	2627.0	2852.0	25190.0
Zdi-CDup_036-Ex1-9F-lcwgs-1-1.clmp.r2	1049.0	3708.0	4908.0	5621.0	5851.0	5878.0	5739.0	5552.0	5314.0	5001.0	4839.0	4632.0	4446.0	4090.0	3888.0	3742.0	3515.0	3297.0	3228.0	3016.0	2840.0	2738.0	2630.0	3081.0	25061.0
Zdi-CDup_037-Ex1-9G-lcwgs-1-1.clmp.r1	3180.0	11613.0	15385.0	17626.0	18364.0	18441.0	18566.0	17989.0	17711.0	17095.0	16511.0	16133.0	16002.0	15445.0	14973.0	14389.0	14068.0	13581.0	12780.0	12205.0	11671.0	11270.0	10513.0	11918.0	99052.0
Zdi-CDup_037-Ex1-9G-lcwgs-1-1.clmp.r2	3169.0	11609.0	15410.0	17625.0	18331.0	18470.0	18567.0	17982.0	17755.0	17087.0	16474.0	16107.0	15953.0	15408.0	14936.0	14389.0	14032.0	13521.0	12741.0	12147.0	11633.0	11205.0	10577.0	12945.0	98408.0
Zdi-CDup_038-Ex1-9H-lcwgs-1-1.clmp.r1	1964.0	7005.0	8875.0	9745.0	10139.0	9865.0	9548.0	9116.0	8659.0	8168.0	7817.0	7534.0	7017.0	6630.0	6260.0	5911.0	5675.0	5154.0	4808.0	4477.0	4205.0	3909.0	3692.0	4232.0	32187.0
Zdi-CDup_038-Ex1-9H-lcwgs-1-1.clmp.r2	1968.0	6996.0	8860.0	9753.0	10146.0	9845.0	9545.0	9152.0	8651.0	8158.0	7819.0	7527.0	6999.0	6610.0	6220.0	5923.0	5673.0	5133.0	4808.0	4469.0	4179.0	3916.0	3673.0	4564.0	32005.0
Zdi-CDup_039-Ex1-10A-lcwgs-1-1.clmp.r1	981.0	4080.0	6174.0	7751.0	8484.0	9106.0	9260.0	9129.0	9090.0	8870.0	8740.0	8528.0	8346.0	7970.0	7939.0	7550.0	7377.0	6989.0	6801.0	6321.0	6178.0	5865.0	5741.0	6539.0	57673.0
Zdi-CDup_039-Ex1-10A-lcwgs-1-1.clmp.r2	979.0	4077.0	6213.0	7723.0	8475.0	9121.0	9254.0	9104.0	9103.0	8889.0	8709.0	8516.0	8342.0	7933.0	7927.0	7532.0	7341.0	6983.0	6820.0	6294.0	6141.0	5856.0	5740.0	7363.0	57047.0
Zdi-CDup_040-Ex1-10B-lcwgs-1-1.clmp.r1	1763.0	6897.0	9817.0	11615.0	12290.0	11995.0	11729.0	11192.0	10444.0	9563.0	9303.0	8608.0	8157.0	7480.0	7051.0	6470.0	5989.0	5592.0	5118.0	4834.0	4255.0	4093.0	3816.0	4152.0	31089.0
Zdi-CDup_040-Ex1-10B-lcwgs-1-1.clmp.r2	1751.0	6911.0	9837.0	11584.0	12291.0	12032.0	11718.0	11177.0	10434.0	9578.0	9285.0	8600.0	8124.0	7456.0	7043.0	6459.0	6009.0	5594.0	5105.0	4808.0	4228.0	4050.0	3803.0	4516.0	30919.0
Zdi-CDup_041-Ex1-10C-lcwgs-1-1.clmp.r1	5383.0	20765.0	27379.0	30832.0	31429.0	30542.0	28773.0	26967.0	25388.0	23496.0	21969.0	20480.0	18716.0	17723.0	16351.0	15474.0	13886.0	13017.0	12151.0	11029.0	10000.0	9452.0	8759.0	9307.0	66570.0
Zdi-CDup_041-Ex1-10C-lcwgs-1-1.clmp.r2	5368.0	20766.0	27385.0	30890.0	31462.0	30471.0	28787.0	26994.0	25377.0	23449.0	21947.0	20486.0	18687.0	17685.0	16256.0	15418.0	13850.0	12943.0	12108.0	10985.0	9965.0	9393.0	8755.0	10455.0	65956.0
Zdi-CDup_042-Ex1-10D-lcwgs-1-1.clmp.r1	15917.0	62788.0	86566.0	103483.0	109650.0	110886.0	109557.0	106348.0	103511.0	99469.0	95244.0	92648.0	88998.0	86071.0	83052.0	79806.0	76478.0	72661.0	68898.0	65172.0	62671.0	59493.0	58285.0	66801.0	574989.0
Zdi-CDup_042-Ex1-10D-lcwgs-1-1.clmp.r2	15908.0	62697.0	86632.0	103576.0	109776.0	110896.0	109531.0	106241.0	103470.0	99444.0	95116.0	92449.0	88807.0	85954.0	82856.0	79469.0	76246.0	72413.0	68721.0	64846.0	62253.0	59231.0	58385.0	75683.0	568842.0
Zdi-CDup_043-Ex1-10E-lcwgs-1-1.clmp.r1	20934.0	77417.0	101902.0	119890.0	129050.0	133962.0	136805.0	138094.0	138252.0	139100.0	139659.0	141877.0	142653.0	144200.0	145664.0	146369.0	145255.0	143895.0	141909.0	138261.0	136207.0	135855.0	134870.0	166996.0	1627804.0
Zdi-CDup_043-Ex1-10E-lcwgs-1-1.clmp.r2	20943.0	77555.0	101968.0	120037.0	129176.0	134018.0	136832.0	138112.0	138172.0	138979.0	139579.0	141602.0	142348.0	143952.0	145164.0	145726.0	144770.0	143302.0	141254.0	137624.0	135637.0	135264.0	135065.0	190872.0	1608929.0
Zdi-CDup_044-Ex1-10F-lcwgs-1-1.clmp.r1	1325.0	4620.0	5760.0	6415.0	6552.0	6459.0	6295.0	5828.0	5662.0	5327.0	4981.0	4695.0	4457.0	4205.0	3953.0	3809.0	3460.0	3389.0	3119.0	2751.0	2603.0	2435.0	2321.0	2484.0	19706.0
Zdi-CDup_044-Ex1-10F-lcwgs-1-1.clmp.r2	1320.0	4628.0	5742.0	6406.0	6570.0	6474.0	6294.0	5826.0	5652.0	5320.0	4994.0	4678.0	4429.0	4201.0	3959.0	3796.0	3440.0	3388.0	3115.0	2726.0	2595.0	2397.0	2313.0	2848.0	19500.0
Zdi-CDup_045-Ex1-10G-lcwgs-1-1.clmp.r1	9061.0	31741.0	39158.0	42334.0	42527.0	41403.0	39048.0	37519.0	35645.0	33774.0	32150.0	30501.0	29445.0	28190.0	26873.0	25718.0	24202.0	23343.0	21950.0	20631.0	19042.0	18378.0	17287.0	19109.0	149644.0
Zdi-CDup_045-Ex1-10G-lcwgs-1-1.clmp.r2	9066.0	31741.0	39201.0	42387.0	42529.0	41351.0	39058.0	37563.0	35620.0	33703.0	32113.0	30509.0	29387.0	28066.0	26813.0	25634.0	24117.0	23275.0	21879.0	20583.0	18942.0	18328.0	17333.0	21216.0	148259.0
Zdi-CDup_046-Ex1-10H-lcwgs-1-1.clmp.r1	4266.0	14774.0	18231.0	19980.0	20403.0	20205.0	19360.0	18693.0	18072.0	17332.0	16851.0	15952.0	15322.0	14683.0	14450.0	13503.0	12707.0	12189.0	11266.0	10695.0	10132.0	9521.0	9035.0	9950.0	73296.0
Zdi-CDup_046-Ex1-10H-lcwgs-1-1.clmp.r2	4252.0	14787.0	18248.0	20006.0	20430.0	20201.0	19317.0	18708.0	18079.0	17276.0	16818.0	15942.0	15304.0	14664.0	14406.0	13504.0	12665.0	12148.0	11231.0	10641.0	10125.0	9432.0	9028.0	10926.0	72730.0
Zdi-CDup_047-Ex1-11A-lcwgs-1-1.clmp.r1	43708.0	198952.0	311945.0	398276.0	442876.0	455205.0	448749.0	432783.0	407862.0	382274.0	356689.0	331085.0	306487.0	282236.0	259014.0	237362.0	217655.0	196787.0	179630.0	162275.0	147269.0	136699.0	125982.0	135840.0	867937.0
Zdi-CDup_047-Ex1-11A-lcwgs-1-1.clmp.r2	43760.0	199022.0	311979.0	398432.0	442828.0	455218.0	448764.0	432465.0	407510.0	381874.0	356106.0	330548.0	305786.0	281525.0	258137.0	236372.0	216617.0	195991.0	178674.0	161598.0	146691.0	136106.0	126555.0	150691.0	862328.0
Zdi-CDup_048-Ex1-11B-lcwgs-1-1.clmp.r1	1067.0	4369.0	6288.0	7466.0	8001.0	7971.0	7870.0	7615.0	6953.0	6700.0	6146.0	5785.0	5459.0	4912.0	4578.0	4423.0	3957.0	3784.0	3439.0	3115.0	2874.0	2710.0	2477.0	2696.0	20231.0
Zdi-CDup_048-Ex1-11B-lcwgs-1-1.clmp.r2	1062.0	4372.0	6286.0	7465.0	7997.0	7992.0	7856.0	7591.0	6948.0	6715.0	6141.0	5737.0	5437.0	4925.0	4590.0	4403.0	3946.0	3787.0	3425.0	3115.0	2860.0	2746.0	2469.0	2926.0	20095.0
Zdi-CDup_049-Ex1-11C-lcwgs-1-1.clmp.r1	1331.0	5492.0	7678.0	9212.0	9798.0	9931.0	9810.0	9423.0	8978.0	8312.0	7895.0	7452.0	7023.0	6371.0	6076.0	5548.0	5278.0	4729.0	4303.0	3993.0	3705.0	3477.0	3240.0	3607.0	26134.0
Zdi-CDup_049-Ex1-11C-lcwgs-1-1.clmp.r2	1333.0	5500.0	7684.0	9227.0	9816.0	9908.0	9804.0	9426.0	8957.0	8320.0	7879.0	7429.0	7016.0	6344.0	6049.0	5518.0	5278.0	4729.0	4299.0	3974.0	3682.0	3496.0	3233.0	3935.0	25960.0
Zdi-CDup_050-Ex1-11D-lcwgs-1-1.clmp.r1	2443.0	8948.0	11909.0	13629.0	13968.0	13859.0	13518.0	12675.0	11908.0	11168.0	10492.0	9983.0	9192.0	8664.0	8057.0	7454.0	6933.0	6446.0	5895.0	5476.0	5121.0	4907.0	4502.0	4884.0	38692.0
Zdi-CDup_050-Ex1-11D-lcwgs-1-1.clmp.r2	2439.0	8960.0	11895.0	13666.0	13956.0	13852.0	13531.0	12682.0	11915.0	11170.0	10471.0	9934.0	9179.0	8654.0	8035.0	7440.0	6911.0	6411.0	5885.0	5446.0	5116.0	4861.0	4552.0	5421.0	38341.0
Zdi-CDup_051-Ex1-11E-lcwgs-1-1.clmp.r1	1467.0	5358.0	7118.0	7897.0	8534.0	8683.0	8442.0	8304.0	7798.0	7690.0	7294.0	6915.0	6577.0	6193.0	5939.0	5568.0	5348.0	4896.0	4748.0	4302.0	4034.0	3830.0	3850.0	4246.0	33980.0
Zdi-CDup_051-Ex1-11E-lcwgs-1-1.clmp.r2	1468.0	5392.0	7100.0	7889.0	8554.0	8680.0	8434.0	8309.0	7786.0	7686.0	7300.0	6903.0	6598.0	6189.0	5911.0	5551.0	5328.0	4878.0	4707.0	4276.0	4029.0	3855.0	3804.0	4616.0	33768.0
Zdi-CDup_053-Ex1-11F-lcwgs-1-1.clmp.r1	426.0	1715.0	2489.0	2878.0	3025.0	3136.0	2873.0	2836.0	2736.0	2628.0	2415.0	2278.0	2140.0	2137.0	1902.0	1810.0	1815.0	1534.0	1470.0	1334.0	1270.0	1152.0	1129.0	1205.0	9345.0
Zdi-CDup_053-Ex1-11F-lcwgs-1-1.clmp.r2	427.0	1716.0	2473.0	2888.0	3032.0	3147.0	2865.0	2830.0	2736.0	2631.0	2419.0	2273.0	2149.0	2128.0	1902.0	1802.0	1786.0	1523.0	1468.0	1332.0	1259.0	1134.0	1132.0	1352.0	9274.0
Zdi-CDup_054-Ex1-11G-lcwgs-1-1.clmp.r1	6381.0	24250.0	31361.0	34634.0	34744.0	33482.0	31669.0	29154.0	26460.0	23852.0	21512.0	19373.0	17243.0	15143.0	13437.0	12071.0	10674.0	9458.0	8417.0	7435.0	6684.0	5931.0	5338.0	5336.0	32195.0
Zdi-CDup_054-Ex1-11G-lcwgs-1-1.clmp.r2	6389.0	24224.0	31352.0	34656.0	34761.0	33483.0	31704.0	29107.0	26404.0	23871.0	21500.0	19338.0	17205.0	15116.0	13434.0	12042.0	10588.0	9416.0	8368.0	7375.0	6672.0	5869.0	5364.0	5974.0	32022.0
Zdi-CDup_055-Ex1-11H-lcwgs-1-1.clmp.r1	357.0	1481.0	2050.0	2553.0	2830.0	2825.0	2933.0	2886.0	2767.0	2714.0	2465.0	2398.0	2354.0	2145.0	2032.0	1938.0	1729.0	1621.0	1524.0	1497.0	1320.0	1256.0	1234.0	1256.0	9843.0
Zdi-CDup_055-Ex1-11H-lcwgs-1-1.clmp.r2	359.0	1475.0	2055.0	2572.0	2823.0	2823.0	2943.0	2892.0	2770.0	2691.0	2454.0	2404.0	2346.0	2123.0	2015.0	1955.0	1735.0	1610.0	1517.0	1484.0	1314.0	1271.0	1236.0	1450.0	9691.0
Zdi-CDup_056-Ex1-12A-lcwgs-1-1.clmp.r1	11179.0	42066.0	58149.0	71367.0	79448.0	85775.0	90306.0	94068.0	97906.0	101485.0	105274.0	108434.0	114022.0	117593.0	121823.0	124290.0	127026.0	126274.0	126996.0	126169.0	126605.0	127866.0	131095.0	166285.0	1981757.0
Zdi-CDup_056-Ex1-12A-lcwgs-1-1.clmp.r2	11222.0	42133.0	58193.0	71504.0	79535.0	85728.0	90249.0	94091.0	97856.0	101508.0	105243.0	108280.0	113850.0	117277.0	121628.0	123986.0	126606.0	125828.0	126635.0	125716.0	125964.0	127470.0	131245.0	187756.0	1963755.0
Zdi-CDup_057-Ex1-12B-lcwgs-1-1.clmp.r1	6612.0	21527.0	26343.0	29212.0	29360.0	29847.0	29232.0	29370.0	28444.0	27404.0	27137.0	26316.0	26137.0	25502.0	25517.0	24631.0	24099.0	23321.0	22247.0	21695.0	21119.0	20446.0	20279.0	24467.0	238273.0
Zdi-CDup_057-Ex1-12B-lcwgs-1-1.clmp.r2	6639.0	21537.0	26331.0	29275.0	29367.0	29788.0	29237.0	29375.0	28409.0	27368.0	27087.0	26319.0	26097.0	25434.0	25517.0	24528.0	23981.0	23194.0	22194.0	21614.0	21003.0	20338.0	20222.0	27172.0	236511.0
Zdi-CDup_058-Ex1-12C-lcwgs-1-1.clmp.r1	38218.0	146763.0	197808.0	226432.0	233801.0	229667.0	221992.0	211208.0	199359.0	187121.0	175343.0	165206.0	153306.0	143555.0	134830.0	124677.0	114485.0	106533.0	98285.0	90769.0	83602.0	78995.0	72931.0	79954.0	570503.0
Zdi-CDup_058-Ex1-12C-lcwgs-1-1.clmp.r2	38289.0	146784.0	197832.0	226481.0	233879.0	229650.0	221939.0	211066.0	199180.0	187031.0	175246.0	164924.0	152928.0	143247.0	134445.0	124306.0	114150.0	106125.0	97959.0	90384.0	83419.0	78574.0	72950.0	86991.0	567564.0
Zdi-CDup_059-Ex1-12D-lcwgs-1-1.clmp.r1	1940.0	7383.0	9816.0	11603.0	12571.0	13567.0	14373.0	15565.0	16247.0	17273.0	18391.0	18978.0	20186.0	20829.0	21687.0	21454.0	22155.0	21216.0	21348.0	20540.0	20585.0	20110.0	20153.0	24219.0	256720.0
Zdi-CDup_059-Ex1-12D-lcwgs-1-1.clmp.r2	1944.0	7392.0	9825.0	11625.0	12566.0	13567.0	14360.0	15557.0	16289.0	17247.0	18375.0	18930.0	20163.0	20795.0	21650.0	21420.0	22097.0	21170.0	21262.0	20474.0	20504.0	20042.0	20270.0	26942.0	254443.0
Zdi-CDup_060-Ex1-12E-lcwgs-1-1.clmp.r1	861.0	3305.0	4380.0	5340.0	5729.0	6006.0	5939.0	5985.0	5696.0	5672.0	5406.0	5214.0	5046.0	5052.0	4738.0	4586.0	4355.0	4205.0	4020.0	3784.0	3621.0	3545.0	3387.0	3905.0	35182.0
Zdi-CDup_060-Ex1-12E-lcwgs-1-1.clmp.r2	872.0	3312.0	4370.0	5348.0	5735.0	5981.0	5947.0	5984.0	5689.0	5673.0	5413.0	5220.0	5031.0	5046.0	4734.0	4570.0	4322.0	4201.0	4001.0	3785.0	3624.0	3517.0	3379.0	4349.0	34856.0
Zdi-CDup_061-Ex1-12F-lcwgs-1-1.clmp.r1	21486.0	79028.0	97853.0	105364.0	104891.0	99398.0	93348.0	86177.0	78568.0	72419.0	65883.0	61121.0	56487.0	51241.0	47362.0	43232.0	39911.0	36136.0	33429.0	30456.0	27583.0	25445.0	23654.0	25342.0	170138.0
Zdi-CDup_061-Ex1-12F-lcwgs-1-1.clmp.r2	21515.0	79108.0	97858.0	105358.0	104880.0	99432.0	93270.0	86221.0	78552.0	72337.0	65812.0	61023.0	56300.0	51129.0	47243.0	43135.0	39798.0	36018.0	33324.0	30380.0	27525.0	25292.0	23737.0	27335.0	169370.0
Zdi-CDup_062-Ex1-12G-lcwgs-1-1.clmp.r1	1736.0	6357.0	7669.0	8312.0	8399.0	8408.0	8167.0	7667.0	7315.0	7265.0	6776.0	6634.0	6339.0	6010.0	5745.0	5448.0	5162.0	4925.0	4622.0	4157.0	4114.0	3974.0	3816.0	4056.0	33665.0
Zdi-CDup_062-Ex1-12G-lcwgs-1-1.clmp.r2	1742.0	6346.0	7669.0	8313.0	8424.0	8417.0	8157.0	7663.0	7312.0	7243.0	6765.0	6656.0	6326.0	5970.0	5733.0	5450.0	5169.0	4925.0	4608.0	4137.0	4102.0	3978.0	3823.0	4446.0	33364.0
Zdi-CDup_064-Ex1-5A-lcwgs-1-1.clmp.r1	1808.0	8032.0	12793.0	17577.0	21691.0	24536.0	26990.0	29031.0	31042.0	33056.0	35602.0	37967.0	41354.0	43635.0	46514.0	48476.0	49983.0	50976.0	50852.0	51066.0	49785.0	50325.0	50143.0	58903.0	596992.0
Zdi-CDup_064-Ex1-5A-lcwgs-1-1.clmp.r2	1834.0	8040.0	12783.0	17576.0	21723.0	24557.0	26985.0	29032.0	30981.0	33007.0	35635.0	37896.0	41369.0	43526.0	46386.0	48343.0	49829.0	50858.0	50664.0	50949.0	49688.0	50221.0	50227.0	64649.0	592371.0
Zdi-CDup_065-Ex1-5B-lcwgs-1-1.clmp.r1	1108.0	4694.0	7225.0	9441.0	10817.0	11515.0	11736.0	11953.0	11757.0	11397.0	11505.0	11369.0	11245.0	11056.0	10779.0	10455.0	10245.0	9837.0	9403.0	9101.0	8434.0	8244.0	7957.0	8736.0	73016.0
Zdi-CDup_065-Ex1-5B-lcwgs-1-1.clmp.r2	1106.0	4697.0	7221.0	9436.0	10827.0	11520.0	11722.0	11992.0	11774.0	11376.0	11470.0	11345.0	11238.0	11033.0	10727.0	10445.0	10197.0	9788.0	9383.0	9077.0	8375.0	8212.0	8021.0	9455.0	72588.0
Zdi-CDup_066-Ex1-5C-lcwgs-1-1.clmp.r1	26577.0	91884.0	110106.0	119148.0	121570.0	118876.0	115525.0	112711.0	108259.0	104201.0	100625.0	98294.0	95148.0	91094.0	88974.0	84507.0	80688.0	76742.0	72697.0	68041.0	64068.0	60835.0	58235.0	66343.0	490282.0
Zdi-CDup_066-Ex1-5C-lcwgs-1-1.clmp.r2	26622.0	91979.0	110076.0	119249.0	121646.0	118811.0	115490.0	112696.0	108210.0	104149.0	100356.0	98065.0	94928.0	90819.0	88661.0	84114.0	80217.0	76296.0	72204.0	67739.0	63722.0	60515.0	58123.0	74911.0	485832.0
Zdi-CDup_071-Ex1-12H-lcwgs-1-1.clmp.r1	2151.0	7250.0	9225.0	10409.0	11017.0	11088.0	11158.0	10954.0	10652.0	10547.0	10240.0	10116.0	9877.0	9664.0	9576.0	9395.0	8995.0	8857.0	8491.0	8150.0	7916.0	7585.0	7264.0	8549.0	80081.0
Zdi-CDup_071-Ex1-12H-lcwgs-1-1.clmp.r2	2164.0	7263.0	9209.0	10390.0	11023.0	11073.0	11207.0	10929.0	10642.0	10557.0	10237.0	10114.0	9851.0	9623.0	9576.0	9360.0	8938.0	8846.0	8488.0	8085.0	7879.0	7553.0	7281.0	9363.0	79556.0
