	20.0	21.0	22.0	23.0	24.0	25.0	26.0	27.0	28.0	29.0	30.0	31.0	32.0	33.0	34.0	35.0	36.0	37.0	38.0	39.0	40.0
Zdi-ADup_001-Ex1-11B-lcwgs-1-1.clmp.r1	78.0	1309.0	4176.0	7294.0	11849.0	15550.0	19446.0	22636.0	27612.0	32733.0	40257.0	48047.0	62314.0	79087.0	112072.0	164117.0	269540.0	444438.0	1073008.0	5805431.0	7152095.0
	19.0	20.0	21.0	22.0	23.0	24.0	25.0	26.0	27.0	28.0	29.0	30.0	31.0	32.0	33.0	34.0	35.0	36.0	37.0	38.0	39.0	40.0
Zdi-ADup_001-Ex1-11B-lcwgs-1-1.clmp.r2	2.0	650.0	5866.0	12801.0	16848.0	21776.0	25801.0	28311.0	29308.0	32844.0	35960.0	41596.0	47016.0	58596.0	71610.0	96789.0	137566.0	223169.0	365946.0	836339.0	5700253.0	7604042.0
	20.0	21.0	22.0	23.0	24.0	25.0	26.0	27.0	28.0	29.0	30.0	31.0	32.0	33.0	34.0	35.0	36.0	37.0	38.0	39.0	40.0
Zdi-ADup_002-Ex1-9G-lcwgs-1-1.clmp.r1	57.0	888.0	2819.0	5422.0	8841.0	11568.0	14472.0	16537.0	20725.0	24578.0	30615.0	37230.0	49140.0	63755.0	92034.0	135832.0	227569.0	380378.0	957682.0	4961285.0	7358020.0
	19.0	20.0	21.0	22.0	23.0	24.0	25.0	26.0	27.0	28.0	29.0	30.0	31.0	32.0	33.0	34.0	35.0	36.0	37.0	38.0	39.0	40.0
Zdi-ADup_002-Ex1-9G-lcwgs-1-1.clmp.r2	3.0	397.0	3559.0	8564.0	11894.0	15843.0	18463.0	20509.0	21053.0	23234.0	25567.0	30232.0	34727.0	43354.0	53688.0	73847.0	105672.0	175328.0	287190.0	667666.0	4555136.0	8223521.0
	20.0	21.0	22.0	23.0	24.0	25.0	26.0	27.0	28.0	29.0	30.0	31.0	32.0	33.0	34.0	35.0	36.0	37.0	38.0	39.0	40.0
Zdi-ADup_003-Ex1-9H-lcwgs-1-1.clmp.r1	43.0	803.0	2752.0	5283.0	8898.0	11978.0	14947.0	17719.0	21720.0	26196.0	33483.0	40230.0	53943.0	69728.0	101401.0	152662.0	255508.0	430250.0	1098011.0	5624371.0	8155503.0
	19.0	20.0	21.0	22.0	23.0	24.0	25.0	26.0	27.0	28.0	29.0	30.0	31.0	32.0	33.0	34.0	35.0	36.0	37.0	38.0	39.0	40.0
Zdi-ADup_003-Ex1-9H-lcwgs-1-1.clmp.r2	3.0	382.0	3620.0	8909.0	12638.0	16800.0	19680.0	22082.0	22653.0	25608.0	28097.0	33052.0	38405.0	48480.0	59590.0	82452.0	117969.0	197304.0	327148.0	782617.0	5347550.0	8930390.0
	21.0	22.0	23.0	24.0	25.0	26.0	27.0	28.0	29.0	30.0	31.0	32.0	33.0	34.0	35.0	36.0	37.0	38.0	39.0	40.0
Zdi-ADup_004-Ex1-10A-lcwgs-1-1.clmp.r1	1.0	3.0	3.0	13.0	10.0	22.0	18.0	33.0	26.0	46.0	56.0	73.0	97.0	152.0	239.0	369.0	699.0	1942.0	9420.0	9593.0
	20.0	21.0	22.0	23.0	24.0	25.0	26.0	27.0	28.0	29.0	30.0	31.0	32.0	33.0	34.0	35.0	36.0	37.0	38.0	39.0	40.0
Zdi-ADup_004-Ex1-10A-lcwgs-1-1.clmp.r2	1.0	5.0	10.0	23.0	23.0	31.0	25.0	37.0	36.0	49.0	49.0	47.0	73.0	83.0	103.0	184.0	259.0	461.0	1201.0	7344.0	12771.0
	20.0	21.0	22.0	23.0	24.0	25.0	26.0	27.0	28.0	29.0	30.0	31.0	32.0	33.0	34.0	35.0	36.0	37.0	38.0	39.0	40.0
Zdi-ADup_005-Ex1-10B-lcwgs-1-1.clmp.r1	1.0	32.0	111.0	253.0	386.0	553.0	637.0	831.0	1000.0	1265.0	1527.0	1919.0	2529.0	3291.0	4845.0	7102.0	12273.0	20911.0	57201.0	290234.0	290068.0
	20.0	21.0	22.0	23.0	24.0	25.0	26.0	27.0	28.0	29.0	30.0	31.0	32.0	33.0	34.0	35.0	36.0	37.0	38.0	39.0	40.0
Zdi-ADup_005-Ex1-10B-lcwgs-1-1.clmp.r2	13.0	185.0	461.0	588.0	817.0	922.0	969.0	1019.0	1093.0	1239.0	1442.0	1742.0	2172.0	2699.0	3640.0	5224.0	8851.0	14876.0	35486.0	224013.0	389518.0
	20.0	21.0	22.0	23.0	24.0	25.0	26.0	27.0	28.0	29.0	30.0	31.0	32.0	33.0	34.0	35.0	36.0	37.0	38.0	39.0	40.0
Zdi-ADup_006-Ex1-10C-lcwgs-1-1.clmp.r1	83.0	1204.0	3863.0	7512.0	12541.0	16775.0	21285.0	24446.0	30390.0	36008.0	44872.0	54667.0	71678.0	93371.0	134322.0	202104.0	337179.0	577421.0	1508311.0	8497905.0	7675548.0
	19.0	20.0	21.0	22.0	23.0	24.0	25.0	26.0	27.0	28.0	29.0	30.0	31.0	32.0	33.0	34.0	35.0	36.0	37.0	38.0	39.0	40.0
Zdi-ADup_006-Ex1-10C-lcwgs-1-1.clmp.r2	7.0	726.0	6541.0	14307.0	18892.0	25267.0	29798.0	33297.0	34539.0	38989.0	42702.0	49876.0	57077.0	71793.0	88938.0	122156.0	172847.0	284344.0	471523.0	1112883.0	7334815.0	9340168.0
	20.0	21.0	22.0	23.0	24.0	25.0	26.0	27.0	28.0	29.0	30.0	31.0	32.0	33.0	34.0	35.0	36.0	37.0	38.0	39.0	40.0
Zdi-ADup_007-Ex1-10D-lcwgs-1-1.clmp.r1	61.0	983.0	3749.0	7481.0	12154.0	16448.0	21160.0	24832.0	31735.0	38196.0	47537.0	57865.0	76235.0	98245.0	140664.0	206210.0	336208.0	561477.0	1483909.0	7678014.0	7503581.0
	19.0	20.0	21.0	22.0	23.0	24.0	25.0	26.0	27.0	28.0	29.0	30.0	31.0	32.0	33.0	34.0	35.0	36.0	37.0	38.0	39.0	40.0
Zdi-ADup_007-Ex1-10D-lcwgs-1-1.clmp.r2	3.0	514.0	5717.0	14428.0	20599.0	26081.0	29372.0	31751.0	32395.0	36558.0	40485.0	47747.0	54579.0	67560.0	83439.0	113934.0	159388.0	258382.0	411692.0	940523.0	5970216.0	10001381.0
	20.0	21.0	22.0	23.0	24.0	25.0	26.0	27.0	28.0	29.0	30.0	31.0	32.0	33.0	34.0	35.0	36.0	37.0	38.0	39.0	40.0
Zdi-ADup_008-Ex1-10E-lcwgs-1-1.clmp.r1	13.0	166.0	639.0	1257.0	2062.0	2809.0	3451.0	4122.0	4934.0	5957.0	7359.0	8862.0	11608.0	15196.0	21987.0	33037.0	55059.0	94457.0	245862.0	1438970.0	1372656.0
	19.0	20.0	21.0	22.0	23.0	24.0	25.0	26.0	27.0	28.0	29.0	30.0	31.0	32.0	33.0	34.0	35.0	36.0	37.0	38.0	39.0	40.0
Zdi-ADup_008-Ex1-10E-lcwgs-1-1.clmp.r2	1.0	106.0	1040.0	2434.0	3287.0	4205.0	4915.0	5487.0	5591.0	6347.0	6793.0	7972.0	9227.0	11374.0	14177.0	19544.0	28264.0	45798.0	76196.0	178690.0	1219444.0	1679571.0
	20.0	21.0	22.0	23.0	24.0	25.0	26.0	27.0	28.0	29.0	30.0	31.0	32.0	33.0	34.0	35.0	36.0	37.0	38.0	39.0	40.0
Zdi-ADup_009-Ex1-10F-lcwgs-1-1.clmp.r1	9.0	46.0	117.0	244.0	414.0	592.0	768.0	935.0	1123.0	1458.0	1725.0	2189.0	2973.0	3818.0	5577.0	8608.0	14445.0	25149.0	67465.0	359155.0	361039.0
	20.0	21.0	22.0	23.0	24.0	25.0	26.0	27.0	28.0	29.0	30.0	31.0	32.0	33.0	34.0	35.0	36.0	37.0	38.0	39.0	40.0
Zdi-ADup_009-Ex1-10F-lcwgs-1-1.clmp.r2	21.0	219.0	527.0	734.0	863.0	976.0	1152.0	1297.0	1400.0	1495.0	1880.0	2071.0	2674.0	3173.0	4704.0	6517.0	10904.0	18407.0	43781.0	287672.0	467382.0
	20.0	21.0	22.0	23.0	24.0	25.0	26.0	27.0	28.0	29.0	30.0	31.0	32.0	33.0	34.0	35.0	36.0	37.0	38.0	39.0	40.0
Zdi-ADup_010-Ex1-10G-lcwgs-1-1.clmp.r1	2.0	22.0	40.0	78.0	140.0	185.0	263.0	295.0	329.0	446.0	524.0	578.0	830.0	1158.0	1562.0	2412.0	4025.0	6995.0	18418.0	88866.0	72326.0
	20.0	21.0	22.0	23.0	24.0	25.0	26.0	27.0	28.0	29.0	30.0	31.0	32.0	33.0	34.0	35.0	36.0	37.0	38.0	39.0	40.0
Zdi-ADup_010-Ex1-10G-lcwgs-1-1.clmp.r2	10.0	64.0	151.0	193.0	274.0	303.0	339.0	350.0	359.0	423.0	473.0	513.0	694.0	876.0	1161.0	1792.0	2943.0	5047.0	12636.0	74352.0	96541.0
	20.0	21.0	22.0	23.0	24.0	25.0	26.0	27.0	28.0	29.0	30.0	31.0	32.0	33.0	34.0	35.0	36.0	37.0	38.0	39.0	40.0
Zdi-ADup_011-Ex1-10H-lcwgs-1-1.clmp.r1	29.0	678.0	2301.0	4825.0	7894.0	10950.0	13889.0	16371.0	20651.0	24985.0	31308.0	37890.0	50504.0	65786.0	95787.0	144102.0	241755.0	415099.0	1115928.0	6113890.0	5941877.0
	19.0	20.0	21.0	22.0	23.0	24.0	25.0	26.0	27.0	28.0	29.0	30.0	31.0	32.0	33.0	34.0	35.0	36.0	37.0	38.0	39.0	40.0
Zdi-ADup_011-Ex1-10H-lcwgs-1-1.clmp.r2	3.0	364.0	3790.0	9190.0	12960.0	16807.0	19658.0	21921.0	22667.0	25456.0	27771.0	33084.0	37939.0	48027.0	59111.0	81074.0	115193.0	191462.0	314887.0	755375.0	5065063.0	7494697.0
	20.0	21.0	22.0	23.0	24.0	25.0	26.0	27.0	28.0	29.0	30.0	31.0	32.0	33.0	34.0	35.0	36.0	37.0	38.0	39.0	40.0
Zdi-ADup_012-Ex1-11A-lcwgs-1-1.clmp.r1	3.0	21.0	45.0	112.0	144.0	225.0	274.0	336.0	377.0	502.0	535.0	722.0	963.0	1201.0	1694.0	2572.0	4317.0	7231.0	18238.0	118193.0	103515.0
	20.0	21.0	22.0	23.0	24.0	25.0	26.0	27.0	28.0	29.0	30.0	31.0	32.0	33.0	34.0	35.0	36.0	37.0	38.0	39.0	40.0
Zdi-ADup_012-Ex1-11A-lcwgs-1-1.clmp.r2	48.0	252.0	397.0	434.0	470.0	478.0	580.0	578.0	658.0	700.0	828.0	890.0	1120.0	1374.0	1819.0	2732.0	4349.0	7439.0	18181.0	127921.0	89972.0
	20.0	21.0	22.0	23.0	24.0	25.0	26.0	27.0	28.0	29.0	30.0	31.0	32.0	33.0	34.0	35.0	36.0	37.0	38.0	39.0	40.0
Zdi-ADup_013-Ex1-12F-lcwgs-1-1.clmp.r1	3.0	93.0	245.0	446.0	767.0	905.0	1204.0	1430.0	1820.0	2127.0	2613.0	3223.0	4159.0	5379.0	7816.0	11328.0	19396.0	32650.0	80750.0	461996.0	574687.0
	20.0	21.0	22.0	23.0	24.0	25.0	26.0	27.0	28.0	29.0	30.0	31.0	32.0	33.0	34.0	35.0	36.0	37.0	38.0	39.0	40.0
Zdi-ADup_013-Ex1-12F-lcwgs-1-1.clmp.r2	93.0	565.0	1169.0	1450.0	1648.0	1926.0	2009.0	2126.0	2441.0	2660.0	3067.0	3476.0	4335.0	5147.0	7050.0	10106.0	16658.0	28034.0	67344.0	483316.0	568417.0
	20.0	21.0	22.0	23.0	24.0	25.0	26.0	27.0	28.0	29.0	30.0	31.0	32.0	33.0	34.0	35.0	36.0	37.0	38.0	39.0	40.0
Zdi-ADup_014-Ex1-11C-lcwgs-1-1.clmp.r1	29.0	431.0	1514.0	2842.0	4429.0	5924.0	7636.0	9074.0	11156.0	13379.0	16502.0	19709.0	25645.0	32732.0	45769.0	66648.0	107967.0	180469.0	439329.0	2309297.0	2891213.0
	19.0	20.0	21.0	22.0	23.0	24.0	25.0	26.0	27.0	28.0	29.0	30.0	31.0	32.0	33.0	34.0	35.0	36.0	37.0	38.0	39.0	40.0
Zdi-ADup_014-Ex1-11C-lcwgs-1-1.clmp.r2	3.0	296.0	2448.0	5224.0	7207.0	9205.0	10546.0	11837.0	12368.0	13809.0	14760.0	17206.0	19762.0	24513.0	29651.0	39962.0	55780.0	91145.0	149644.0	345161.0	2303617.0	3027550.0
	20.0	21.0	22.0	23.0	24.0	25.0	26.0	27.0	28.0	29.0	30.0	31.0	32.0	33.0	34.0	35.0	36.0	37.0	38.0	39.0	40.0
Zdi-ADup_015-Ex1-11D-lcwgs-1-1.clmp.r1	39.0	733.0	2315.0	4467.0	7355.0	10056.0	12562.0	14748.0	18422.0	22104.0	27464.0	32971.0	44371.0	57009.0	82758.0	122894.0	205475.0	347925.0	880100.0	4453972.0	6367932.0
	19.0	20.0	21.0	22.0	23.0	24.0	25.0	26.0	27.0	28.0	29.0	30.0	31.0	32.0	33.0	34.0	35.0	36.0	37.0	38.0	39.0	40.0
Zdi-ADup_015-Ex1-11D-lcwgs-1-1.clmp.r2	1.0	321.0	3375.0	7880.0	11078.0	14471.0	16386.0	18333.0	18603.0	20751.0	23003.0	27207.0	31472.0	38990.0	48378.0	66416.0	95410.0	156693.0	258652.0	606898.0	4090604.0	7160750.0
	20.0	21.0	22.0	23.0	24.0	25.0	26.0	27.0	28.0	29.0	30.0	31.0	32.0	33.0	34.0	35.0	36.0	37.0	38.0	39.0	40.0
Zdi-ADup_016-Ex1-11E-lcwgs-1-1.clmp.r1	80.0	1410.0	4569.0	8567.0	14503.0	19347.0	24070.0	28351.0	33742.0	39448.0	49110.0	58755.0	76416.0	98227.0	138917.0	204336.0	335803.0	556191.0	1353598.0	7269021.0	9911874.0
	19.0	20.0	21.0	22.0	23.0	24.0	25.0	26.0	27.0	28.0	29.0	30.0	31.0	32.0	33.0	34.0	35.0	36.0	37.0	38.0	39.0	40.0
Zdi-ADup_016-Ex1-11E-lcwgs-1-1.clmp.r2	4.0	854.0	7266.0	15865.0	21018.0	27372.0	32561.0	35899.0	38067.0	42218.0	45924.0	52899.0	60481.0	74450.0	91614.0	123790.0	175028.0	283826.0	465346.0	1063521.0	7320996.0	10247336.0
	20.0	21.0	22.0	23.0	24.0	25.0	26.0	27.0	28.0	29.0	30.0	31.0	32.0	33.0	34.0	35.0	36.0	37.0	38.0	39.0	40.0
Zdi-ADup_017-Ex1-11F-lcwgs-1-1.clmp.r1	47.0	609.0	2192.0	4201.0	6657.0	8981.0	11127.0	13354.0	16665.0	20045.0	25095.0	30744.0	40748.0	52719.0	75983.0	114096.0	189391.0	318251.0	805345.0	4164087.0	6080018.0
	19.0	20.0	21.0	22.0	23.0	24.0	25.0	26.0	27.0	28.0	29.0	30.0	31.0	32.0	33.0	34.0	35.0	36.0	37.0	38.0	39.0	40.0
Zdi-ADup_017-Ex1-11F-lcwgs-1-1.clmp.r2	2.0	321.0	3245.0	7496.0	10424.0	13206.0	15139.0	16574.0	17248.0	19723.0	21401.0	25530.0	28985.0	36862.0	45240.0	62335.0	89415.0	147706.0	242577.0	571347.0	3964062.0	6641517.0
	20.0	21.0	22.0	23.0	24.0	25.0	26.0	27.0	28.0	29.0	30.0	31.0	32.0	33.0	34.0	35.0	36.0	37.0	38.0	39.0	40.0
Zdi-ADup_018-Ex1-11G-lcwgs-1-1.clmp.r1	72.0	1319.0	4262.0	7868.0	12377.0	16663.0	20775.0	24238.0	30066.0	34865.0	44156.0	52942.0	69724.0	89369.0	128170.0	190574.0	312963.0	523163.0	1317992.0	7043480.0	9560484.0
	19.0	20.0	21.0	22.0	23.0	24.0	25.0	26.0	27.0	28.0	29.0	30.0	31.0	32.0	33.0	34.0	35.0	36.0	37.0	38.0	39.0	40.0
Zdi-ADup_018-Ex1-11G-lcwgs-1-1.clmp.r2	6.0	720.0	6129.0	13810.0	18785.0	24127.0	27761.0	30622.0	31523.0	35773.0	38617.0	45351.0	51267.0	64150.0	78928.0	107380.0	151912.0	248381.0	404702.0	945749.0	6640738.0	10519091.0
	20.0	21.0	22.0	23.0	24.0	25.0	26.0	27.0	28.0	29.0	30.0	31.0	32.0	33.0	34.0	35.0	36.0	37.0	38.0	39.0	40.0
Zdi-ADup_019-Ex1-11H-lcwgs-1-1.clmp.r1	10.0	205.0	631.0	1185.0	2002.0	2589.0	3307.0	3924.0	4880.0	5859.0	7179.0	8849.0	11758.0	15214.0	22402.0	33999.0	56991.0	96759.0	249233.0	1322087.0	1793017.0
	20.0	21.0	22.0	23.0	24.0	25.0	26.0	27.0	28.0	29.0	30.0	31.0	32.0	33.0	34.0	35.0	36.0	37.0	38.0	39.0	40.0
Zdi-ADup_019-Ex1-11H-lcwgs-1-1.clmp.r2	92.0	783.0	1968.0	2633.0	3564.0	4120.0	4652.0	4922.0	5559.0	5989.0	7224.0	8378.0	10491.0	12860.0	17922.0	26344.0	43854.0	74326.0	180886.0	1271315.0	1954198.0
	21.0	22.0	23.0	24.0	25.0	26.0	27.0	28.0	29.0	30.0	31.0	32.0	33.0	34.0	35.0	36.0	37.0	38.0	39.0	40.0
Zdi-ADup_020-Ex1-12A-lcwgs-1-1.clmp.r1	1.0	6.0	5.0	7.0	12.0	14.0	21.0	11.0	22.0	31.0	33.0	50.0	58.0	90.0	119.0	210.0	390.0	967.0	5116.0	5000.0
	20.0	21.0	22.0	23.0	24.0	25.0	26.0	27.0	28.0	29.0	30.0	31.0	32.0	33.0	34.0	35.0	36.0	37.0	38.0	39.0	40.0
Zdi-ADup_020-Ex1-12A-lcwgs-1-1.clmp.r2	1.0	8.0	10.0	13.0	21.0	18.0	21.0	23.0	32.0	25.0	29.0	27.0	40.0	59.0	64.0	97.0	155.0	290.0	705.0	4823.0	5702.0
	21.0	22.0	23.0	24.0	25.0	26.0	27.0	28.0	29.0	30.0	31.0	32.0	33.0	34.0	35.0	36.0	37.0	38.0	39.0	40.0
Zdi-ADup_021-Ex1-12B-lcwgs-1-1.clmp.r1	17.0	41.0	70.0	99.0	103.0	129.0	134.0	164.0	194.0	259.0	308.0	409.0	493.0	756.0	1128.0	1878.0	3046.0	7137.0	32262.0	33826.0
	20.0	21.0	22.0	23.0	24.0	25.0	26.0	27.0	28.0	29.0	30.0	31.0	32.0	33.0	34.0	35.0	36.0	37.0	38.0	39.0	40.0
Zdi-ADup_021-Ex1-12B-lcwgs-1-1.clmp.r2	10.0	53.0	90.0	120.0	142.0	176.0	172.0	164.0	211.0	213.0	252.0	274.0	337.0	411.0	585.0	772.0	1390.0	2316.0	5482.0	31716.0	37567.0
	20.0	21.0	22.0	23.0	24.0	25.0	26.0	27.0	28.0	29.0	30.0	31.0	32.0	33.0	34.0	35.0	36.0	37.0	38.0	39.0	40.0
Zdi-ADup_022-Ex1-12C-lcwgs-1-1.clmp.r1	125.0	2345.0	7781.0	15188.0	24938.0	33366.0	42383.0	49493.0	61559.0	72890.0	90415.0	109678.0	142583.0	181965.0	257232.0	376318.0	615117.0	1010729.0	2481664.0	12475912.0	18691254.0
	19.0	20.0	21.0	22.0	23.0	24.0	25.0	26.0	27.0	28.0	29.0	30.0	31.0	32.0	33.0	34.0	35.0	36.0	37.0	38.0	39.0	40.0
Zdi-ADup_022-Ex1-12C-lcwgs-1-1.clmp.r2	3.0	1098.0	10730.0	25479.0	36039.0	47647.0	55987.0	62195.0	65166.0	71824.0	78815.0	92664.0	105339.0	131006.0	160992.0	217597.0	307250.0	497998.0	802075.0	1822418.0	12053508.0	20097105.0
	20.0	21.0	22.0	23.0	24.0	25.0	26.0	27.0	28.0	29.0	30.0	31.0	32.0	33.0	34.0	35.0	36.0	37.0	38.0	39.0	40.0
Zdi-ADup_023-Ex1-12D-lcwgs-1-1.clmp.r1	23.0	341.0	1000.0	1957.0	3058.0	4372.0	5478.0	6281.0	7991.0	9610.0	11962.0	14546.0	18890.0	24401.0	34682.0	51223.0	84756.0	140866.0	345838.0	1761115.0	2585548.0
	19.0	20.0	21.0	22.0	23.0	24.0	25.0	26.0	27.0	28.0	29.0	30.0	31.0	32.0	33.0	34.0	35.0	36.0	37.0	38.0	39.0	40.0
Zdi-ADup_023-Ex1-12D-lcwgs-1-1.clmp.r2	1.0	174.0	1515.0	3487.0	4919.0	6208.0	7072.0	8049.0	8136.0	9225.0	10045.0	11721.0	13522.0	16680.0	20654.0	28513.0	40791.0	67044.0	110242.0	252396.0	1667621.0	2825923.0
	20.0	21.0	22.0	23.0	24.0	25.0	26.0	27.0	28.0	29.0	30.0	31.0	32.0	33.0	34.0	35.0	36.0	37.0	38.0	39.0	40.0
Zdi-ADup_024-Ex1-12E-lcwgs-1-1.clmp.r1	20.0	230.0	904.0	1928.0	2855.0	3908.0	4674.0	5473.0	6964.0	8157.0	9819.0	11552.0	14543.0	18308.0	25602.0	36567.0	59073.0	97766.0	236410.0	1157417.0	1787525.0
	19.0	20.0	21.0	22.0	23.0	24.0	25.0	26.0	27.0	28.0	29.0	30.0	31.0	32.0	33.0	34.0	35.0	36.0	37.0	38.0	39.0	40.0
Zdi-ADup_024-Ex1-12E-lcwgs-1-1.clmp.r2	2.0	185.0	1600.0	3380.0	4778.0	5790.0	6326.0	6749.0	6950.0	7776.0	8182.0	9475.0	10649.0	13055.0	15886.0	21171.0	29998.0	48463.0	79696.0	183666.0	1166313.0	1859605.0
	21.0	22.0	23.0	24.0	25.0	26.0	27.0	28.0	29.0	30.0	31.0	32.0	33.0	34.0	35.0	36.0	37.0	38.0	39.0	40.0
Zdi-ADup_025-Ex1-2A-lcwgs-1-1.clmp.r1	2.0	26.0	33.0	71.0	87.0	132.0	144.0	170.0	220.0	285.0	340.0	437.0	586.0	918.0	1345.0	2339.0	3905.0	9961.0	44570.0	71387.0
	20.0	21.0	22.0	23.0	24.0	25.0	26.0	27.0	28.0	29.0	30.0	31.0	32.0	33.0	34.0	35.0	36.0	37.0	38.0	39.0	40.0
Zdi-ADup_025-Ex1-2A-lcwgs-1-1.clmp.r2	3.0	33.0	56.0	94.0	112.0	145.0	165.0	181.0	186.0	213.0	269.0	333.0	463.0	526.0	710.0	1019.0	1741.0	2924.0	7071.0	42181.0	78533.0
	20.0	21.0	22.0	23.0	24.0	25.0	26.0	27.0	28.0	29.0	30.0	31.0	32.0	33.0	34.0	35.0	36.0	37.0	38.0	39.0	40.0
Zdi-ADup_026-Ex1-12G-lcwgs-1-1.clmp.r1	7.0	85.0	211.0	356.0	647.0	741.0	907.0	1167.0	1475.0	1807.0	2329.0	2738.0	3749.0	4757.0	6940.0	10348.0	17337.0	29166.0	73510.0	354077.0	578195.0
	20.0	21.0	22.0	23.0	24.0	25.0	26.0	27.0	28.0	29.0	30.0	31.0	32.0	33.0	34.0	35.0	36.0	37.0	38.0	39.0	40.0
Zdi-ADup_026-Ex1-12G-lcwgs-1-1.clmp.r2	37.0	331.0	753.0	1021.0	1294.0	1314.0	1403.0	1356.0	1607.0	1731.0	2106.0	2355.0	2975.0	3869.0	5126.0	7401.0	12527.0	20477.0	49182.0	319766.0	653918.0
	20.0	21.0	22.0	23.0	24.0	25.0	26.0	27.0	28.0	29.0	30.0	31.0	32.0	33.0	34.0	35.0	36.0	37.0	38.0	39.0	40.0
Zdi-ADup_027-Ex1-12H-lcwgs-1-1.clmp.r1	43.0	899.0	3792.0	7421.0	11685.0	15619.0	19796.0	23396.0	29949.0	36364.0	46307.0	56560.0	75734.0	97731.0	141606.0	208901.0	344186.0	570477.0	1434615.0	7150667.0	11597163.0
	19.0	20.0	21.0	22.0	23.0	24.0	25.0	26.0	27.0	28.0	29.0	30.0	31.0	32.0	33.0	34.0	35.0	36.0	37.0	38.0	39.0	40.0
Zdi-ADup_027-Ex1-12H-lcwgs-1-1.clmp.r2	4.0	519.0	5975.0	15482.0	20683.0	25400.0	27394.0	29299.0	29849.0	33100.0	37293.0	44240.0	51109.0	64994.0	80291.0	110486.0	158499.0	262100.0	425414.0	998105.0	6864477.0	12588198.0
	20.0	21.0	22.0	23.0	24.0	25.0	26.0	27.0	28.0	29.0	30.0	31.0	32.0	33.0	34.0	35.0	36.0	37.0	38.0	39.0	40.0
Zdi-ADup_028-Ex1-9F-lcwgs-1-1.clmp.r1	15.0	423.0	1391.0	2820.0	4618.0	6375.0	7905.0	9289.0	11725.0	14237.0	17862.0	21400.0	28697.0	37837.0	54676.0	82066.0	137441.0	232872.0	591832.0	2876610.0	4604720.0
	20.0	21.0	22.0	23.0	24.0	25.0	26.0	27.0	28.0	29.0	30.0	31.0	32.0	33.0	34.0	35.0	36.0	37.0	38.0	39.0	40.0
Zdi-ADup_028-Ex1-9F-lcwgs-1-1.clmp.r2	175.0	1831.0	4722.0	6910.0	9024.0	10494.0	11639.0	11948.0	13363.0	14591.0	17447.0	20067.0	25480.0	31718.0	43251.0	62571.0	104063.0	170863.0	400881.0	2640312.0	5143461.0
	20.0	21.0	22.0	23.0	24.0	25.0	26.0	27.0	28.0	29.0	30.0	31.0	32.0	33.0	34.0	35.0	36.0	37.0	38.0	39.0	40.0
Zdi-ADup_029-Ex1-1A-lcwgs-1-1.clmp.r1	1.0	3.0	10.0	32.0	28.0	53.0	46.0	60.0	81.0	100.0	135.0	175.0	220.0	276.0	377.0	569.0	977.0	1742.0	4027.0	19138.0	17703.0
	20.0	21.0	22.0	23.0	24.0	25.0	26.0	27.0	28.0	29.0	30.0	31.0	32.0	33.0	34.0	35.0	36.0	37.0	38.0	39.0	40.0
Zdi-ADup_029-Ex1-1A-lcwgs-1-1.clmp.r2	3.0	16.0	35.0	37.0	63.0	55.0	87.0	83.0	100.0	102.0	143.0	155.0	179.0	238.0	316.0	472.0	815.0	1404.0	3403.0	19928.0	18119.0
	20.0	21.0	22.0	23.0	24.0	25.0	26.0	27.0	28.0	29.0	30.0	31.0	32.0	33.0	34.0	35.0	36.0	37.0	38.0	39.0	40.0
Zdi-ADup_030-Ex1-1B-lcwgs-1-1.clmp.r1	2.0	15.0	37.0	64.0	68.0	97.0	151.0	147.0	209.0	208.0	289.0	392.0	472.0	657.0	983.0	1417.0	2358.0	4048.0	9964.0	45854.0	61748.0
	20.0	21.0	22.0	23.0	24.0	25.0	26.0	27.0	28.0	29.0	30.0	31.0	32.0	33.0	34.0	35.0	36.0	37.0	38.0	39.0	40.0
Zdi-ADup_030-Ex1-1B-lcwgs-1-1.clmp.r2	6.0	27.0	68.0	98.0	137.0	154.0	178.0	193.0	192.0	245.0	261.0	328.0	409.0	523.0	680.0	1063.0	1835.0	3137.0	7584.0	44558.0	67504.0
	21.0	22.0	23.0	24.0	25.0	26.0	27.0	28.0	29.0	30.0	31.0	32.0	33.0	34.0	35.0	36.0	37.0	38.0	39.0	40.0
Zdi-ADup_031-Ex1-1C-lcwgs-1-1.clmp.r1	29.0	63.0	102.0	160.0	194.0	259.0	299.0	377.0	435.0	547.0	705.0	830.0	1155.0	1598.0	2357.0	3971.0	6736.0	15980.0	73578.0	76302.0
	20.0	21.0	22.0	23.0	24.0	25.0	26.0	27.0	28.0	29.0	30.0	31.0	32.0	33.0	34.0	35.0	36.0	37.0	38.0	39.0	40.0
Zdi-ADup_031-Ex1-1C-lcwgs-1-1.clmp.r2	10.0	71.0	168.0	178.0	223.0	294.0	325.0	364.0	348.0	434.0	520.0	602.0	759.0	881.0	1365.0	1929.0	3160.0	5385.0	13357.0	75680.0	79624.0
	20.0	21.0	22.0	23.0	24.0	25.0	26.0	27.0	28.0	29.0	30.0	31.0	32.0	33.0	34.0	35.0	36.0	37.0	38.0	39.0	40.0
Zdi-ADup_032-Ex1-1D-lcwgs-1-1.clmp.r1	11.0	160.0	550.0	1045.0	1713.0	2259.0	2808.0	3324.0	3966.0	4830.0	5836.0	7029.0	9020.0	11306.0	15781.0	23029.0	37924.0	61873.0	150642.0	819503.0	1071035.0
	19.0	20.0	21.0	22.0	23.0	24.0	25.0	26.0	27.0	28.0	29.0	30.0	31.0	32.0	33.0	34.0	35.0	36.0	37.0	38.0	39.0	40.0
Zdi-ADup_032-Ex1-1D-lcwgs-1-1.clmp.r2	1.0	87.0	798.0	1643.0	2267.0	2980.0	3563.0	4242.0	4304.0	4688.0	5142.0	5950.0	6835.0	8519.0	10258.0	14061.0	19550.0	31890.0	52003.0	121018.0	835719.0	1098126.0
	21.0	22.0	23.0	24.0	25.0	26.0	27.0	28.0	29.0	30.0	31.0	32.0	33.0	34.0	35.0	36.0	37.0	38.0	39.0	40.0
Zdi-ADup_033-Ex1-1E-lcwgs-1-1.clmp.r1	15.0	41.0	104.0	168.0	235.0	311.0	321.0	433.0	516.0	663.0	734.0	1035.0	1363.0	1810.0	2808.0	4751.0	8048.0	19792.0	94671.0	132632.0
	20.0	21.0	22.0	23.0	24.0	25.0	26.0	27.0	28.0	29.0	30.0	31.0	32.0	33.0	34.0	35.0	36.0	37.0	38.0	39.0	40.0
Zdi-ADup_033-Ex1-1E-lcwgs-1-1.clmp.r2	5.0	48.0	121.0	188.0	237.0	332.0	360.0	401.0	436.0	520.0	575.0	688.0	828.0	1062.0	1536.0	2244.0	3660.0	6228.0	14835.0	90781.0	145366.0
	20.0	21.0	22.0	23.0	24.0	25.0	26.0	27.0	28.0	29.0	30.0	31.0	32.0	33.0	34.0	35.0	36.0	37.0	38.0	39.0	40.0
Zdi-ADup_034-Ex1-1F-lcwgs-1-1.clmp.r1	2.0	19.0	79.0	152.0	207.0	263.0	313.0	391.0	458.0	534.0	681.0	816.0	1185.0	1543.0	2205.0	3191.0	5555.0	9212.0	22197.0	107314.0	131822.0
	20.0	21.0	22.0	23.0	24.0	25.0	26.0	27.0	28.0	29.0	30.0	31.0	32.0	33.0	34.0	35.0	36.0	37.0	38.0	39.0	40.0
Zdi-ADup_034-Ex1-1F-lcwgs-1-1.clmp.r2	10.0	87.0	182.0	243.0	291.0	381.0	423.0	446.0	485.0	527.0	649.0	730.0	971.0	1217.0	1723.0	2449.0	4233.0	7217.0	17408.0	105767.0	142700.0
	20.0	21.0	22.0	23.0	24.0	25.0	26.0	27.0	28.0	29.0	30.0	31.0	32.0	33.0	34.0	35.0	36.0	37.0	38.0	39.0	40.0
Zdi-ADup_035-Ex1-1G-lcwgs-1-1.clmp.r1	5.0	55.0	188.0	365.0	692.0	816.0	1093.0	1272.0	1583.0	1844.0	2402.0	2933.0	3946.0	5223.0	7611.0	11591.0	19602.0	33514.0	84307.0	387432.0	613767.0
	20.0	21.0	22.0	23.0	24.0	25.0	26.0	27.0	28.0	29.0	30.0	31.0	32.0	33.0	34.0	35.0	36.0	37.0	38.0	39.0	40.0
Zdi-ADup_035-Ex1-1G-lcwgs-1-1.clmp.r2	28.0	210.0	521.0	732.0	1009.0	1318.0	1462.0	1480.0	1627.0	1943.0	2221.0	2650.0	3286.0	4101.0	5817.0	8590.0	14465.0	24497.0	58028.0	353655.0	692601.0
	20.0	21.0	22.0	23.0	24.0	25.0	26.0	27.0	28.0	29.0	30.0	31.0	32.0	33.0	34.0	35.0	36.0	37.0	38.0	39.0	40.0
Zdi-ADup_036-Ex1-1H-lcwgs-1-1.clmp.r1	3.0	43.0	91.0	161.0	264.0	309.0	421.0	462.0	557.0	697.0	894.0	1079.0	1394.0	1820.0	2630.0	3881.0	6571.0	11185.0	26601.0	120541.0	161815.0
	20.0	21.0	22.0	23.0	24.0	25.0	26.0	27.0	28.0	29.0	30.0	31.0	32.0	33.0	34.0	35.0	36.0	37.0	38.0	39.0	40.0
Zdi-ADup_036-Ex1-1H-lcwgs-1-1.clmp.r2	10.0	106.0	256.0	339.0	391.0	511.0	566.0	501.0	577.0	664.0	803.0	920.0	1173.0	1467.0	2045.0	2884.0	5059.0	8370.0	20077.0	116736.0	177964.0
	20.0	21.0	22.0	23.0	24.0	25.0	26.0	27.0	28.0	29.0	30.0	31.0	32.0	33.0	34.0	35.0	36.0	37.0	38.0	39.0	40.0
Zdi-ADup_037-Ex1-3D-lcwgs-1-1.clmp.r1	2.0	20.0	51.0	123.0	194.0	242.0	311.0	336.0	392.0	475.0	666.0	742.0	946.0	1271.0	1848.0	2832.0	4888.0	7930.0	19480.0	96536.0	121629.0
	19.0	20.0	21.0	22.0	23.0	24.0	25.0	26.0	27.0	28.0	29.0	30.0	31.0	32.0	33.0	34.0	35.0	36.0	37.0	38.0	39.0	40.0
Zdi-ADup_037-Ex1-3D-lcwgs-1-1.clmp.r2	1.0	9.0	59.0	138.0	180.0	268.0	328.0	352.0	378.0	430.0	454.0	541.0	633.0	768.0	998.0	1346.0	2029.0	3374.0	5883.0	14210.0	93110.0	135425.0
	21.0	22.0	23.0	24.0	25.0	26.0	27.0	28.0	29.0	30.0	31.0	32.0	33.0	34.0	35.0	36.0	37.0	38.0	39.0	40.0
Zdi-ADup_038-Ex1-2B-lcwgs-1-1.clmp.r1	4.0	26.0	49.0	73.0	114.0	132.0	180.0	187.0	261.0	277.0	374.0	486.0	648.0	951.0	1429.0	2423.0	4241.0	10573.0	49266.0	66879.0
	20.0	21.0	22.0	23.0	24.0	25.0	26.0	27.0	28.0	29.0	30.0	31.0	32.0	33.0	34.0	35.0	36.0	37.0	38.0	39.0	40.0
Zdi-ADup_038-Ex1-2B-lcwgs-1-1.clmp.r2	5.0	28.0	71.0	95.0	126.0	186.0	178.0	210.0	214.0	229.0	289.0	303.0	454.0	562.0	744.0	1060.0	1859.0	3180.0	7618.0	46221.0	74941.0
	20.0	21.0	22.0	23.0	24.0	25.0	26.0	27.0	28.0	29.0	30.0	31.0	32.0	33.0	34.0	35.0	36.0	37.0	38.0	39.0	40.0
Zdi-ADup_039-Ex1-2C-lcwgs-1-1.clmp.r1	3.0	20.0	45.0	91.0	132.0	210.0	267.0	292.0	373.0	444.0	591.0	665.0	927.0	1150.0	1683.0	2527.0	4321.0	7135.0	17605.0	84983.0	96834.0
	20.0	21.0	22.0	23.0	24.0	25.0	26.0	27.0	28.0	29.0	30.0	31.0	32.0	33.0	34.0	35.0	36.0	37.0	38.0	39.0	40.0
Zdi-ADup_039-Ex1-2C-lcwgs-1-1.clmp.r2	9.0	74.0	116.0	189.0	268.0	334.0	352.0	374.0	440.0	440.0	540.0	599.0	768.0	978.0	1328.0	1994.0	3306.0	5742.0	13723.0	84752.0	103972.0
	20.0	21.0	22.0	23.0	24.0	25.0	26.0	27.0	28.0	29.0	30.0	31.0	32.0	33.0	34.0	35.0	36.0	37.0	38.0	39.0	40.0
Zdi-ADup_040-Ex1-2D-lcwgs-1-1.clmp.r1	3.0	20.0	64.0	120.0	194.0	237.0	320.0	348.0	483.0	509.0	708.0	860.0	1133.0	1456.0	1949.0	3043.0	5104.0	8909.0	21588.0	100542.0	120535.0
	20.0	21.0	22.0	23.0	24.0	25.0	26.0	27.0	28.0	29.0	30.0	31.0	32.0	33.0	34.0	35.0	36.0	37.0	38.0	39.0	40.0
Zdi-ADup_040-Ex1-2D-lcwgs-1-1.clmp.r2	11.0	76.0	159.0	260.0	297.0	374.0	400.0	439.0	506.0	562.0	631.0	722.0	959.0	1165.0	1628.0	2295.0	3895.0	6839.0	16432.0	99698.0	130777.0
	21.0	22.0	23.0	24.0	25.0	26.0	27.0	28.0	29.0	30.0	31.0	32.0	33.0	34.0	35.0	36.0	37.0	38.0	39.0	40.0
Zdi-ADup_041-Ex1-2E-lcwgs-1-1.clmp.r1	7.0	23.0	51.0	77.0	122.0	129.0	159.0	196.0	237.0	300.0	370.0	478.0	667.0	926.0	1378.0	2366.0	4054.0	10160.0	48238.0	57418.0
	20.0	21.0	22.0	23.0	24.0	25.0	26.0	27.0	28.0	29.0	30.0	31.0	32.0	33.0	34.0	35.0	36.0	37.0	38.0	39.0	40.0
Zdi-ADup_041-Ex1-2E-lcwgs-1-1.clmp.r2	4.0	21.0	62.0	106.0	130.0	162.0	206.0	201.0	221.0	246.0	291.0	318.0	402.0	531.0	737.0	1044.0	1791.0	3144.0	7738.0	47509.0	62492.0
	20.0	21.0	22.0	23.0	24.0	25.0	26.0	27.0	28.0	29.0	30.0	31.0	32.0	33.0	34.0	35.0	36.0	37.0	38.0	39.0	40.0
Zdi-ADup_042-Ex1-2F-lcwgs-1-1.clmp.r1	44.0	812.0	2935.0	5762.0	9538.0	12829.0	16006.0	18587.0	22954.0	27509.0	33932.0	40984.0	54053.0	70557.0	100837.0	150320.0	249737.0	419034.0	1038610.0	5507959.0	8180407.0
	19.0	20.0	21.0	22.0	23.0	24.0	25.0	26.0	27.0	28.0	29.0	30.0	31.0	32.0	33.0	34.0	35.0	36.0	37.0	38.0	39.0	40.0
Zdi-ADup_042-Ex1-2F-lcwgs-1-1.clmp.r2	1.0	361.0	3597.0	8572.0	12135.0	16677.0	19895.0	22861.0	23389.0	26441.0	28941.0	34337.0	38976.0	49794.0	61408.0	84322.0	121801.0	201135.0	328237.0	763252.0	5269256.0	8848018.0
	20.0	21.0	22.0	23.0	24.0	25.0	26.0	27.0	28.0	29.0	30.0	31.0	32.0	33.0	34.0	35.0	36.0	37.0	38.0	39.0	40.0
Zdi-ADup_043-Ex1-2G-lcwgs-1-1.clmp.r1	4.0	68.0	226.0	355.0	687.0	881.0	1231.0	1369.0	1679.0	2029.0	2480.0	3066.0	4083.0	5413.0	7768.0	11419.0	19393.0	32964.0	83104.0	422968.0	590344.0
	20.0	21.0	22.0	23.0	24.0	25.0	26.0	27.0	28.0	29.0	30.0	31.0	32.0	33.0	34.0	35.0	36.0	37.0	38.0	39.0	40.0
Zdi-ADup_043-Ex1-2G-lcwgs-1-1.clmp.r2	28.0	262.0	589.0	878.0	1235.0	1380.0	1657.0	1696.0	1894.0	2023.0	2377.0	2922.0	3535.0	4350.0	6292.0	8859.0	14974.0	24944.0	59008.0	393396.0	659232.0
	20.0	21.0	22.0	23.0	24.0	25.0	26.0	27.0	28.0	29.0	30.0	31.0	32.0	33.0	34.0	35.0	36.0	37.0	38.0	39.0	40.0
Zdi-ADup_044-Ex1-2H-lcwgs-1-1.clmp.r1	22.0	416.0	1394.0	2746.0	4643.0	6381.0	7866.0	8930.0	10820.0	12911.0	16110.0	19768.0	25334.0	33078.0	47413.0	70161.0	116309.0	195013.0	479692.0	2363367.0	3614384.0
	19.0	20.0	21.0	22.0	23.0	24.0	25.0	26.0	27.0	28.0	29.0	30.0	31.0	32.0	33.0	34.0	35.0	36.0	37.0	38.0	39.0	40.0
Zdi-ADup_044-Ex1-2H-lcwgs-1-1.clmp.r2	2.0	161.0	1573.0	3850.0	5617.0	7888.0	9524.0	10799.0	10976.0	12185.0	13417.0	15733.0	18217.0	22887.0	28398.0	39113.0	55899.0	92028.0	150573.0	346184.0	2216854.0	3974880.0
	21.0	22.0	23.0	24.0	25.0	26.0	27.0	28.0	29.0	30.0	31.0	32.0	33.0	34.0	35.0	36.0	37.0	38.0	39.0	40.0
Zdi-ADup_045-Ex1-3A-lcwgs-1-1.clmp.r1	6.0	40.0	66.0	110.0	151.0	231.0	245.0	301.0	413.0	495.0	633.0	828.0	1106.0	1574.0	2423.0	4194.0	6936.0	18129.0	83378.0	148410.0
	20.0	21.0	22.0	23.0	24.0	25.0	26.0	27.0	28.0	29.0	30.0	31.0	32.0	33.0	34.0	35.0	36.0	37.0	38.0	39.0	40.0
Zdi-ADup_045-Ex1-3A-lcwgs-1-1.clmp.r2	1.0	29.0	107.0	155.0	212.0	243.0	278.0	298.0	303.0	359.0	446.0	545.0	651.0	833.0	1187.0	1835.0	2947.0	5014.0	12108.0	75143.0	166975.0
	21.0	22.0	23.0	24.0	25.0	26.0	27.0	28.0	29.0	30.0	31.0	32.0	33.0	34.0	35.0	36.0	37.0	38.0	39.0	40.0
Zdi-ADup_046-Ex1-3B-lcwgs-1-1.clmp.r1	6.0	18.0	39.0	72.0	103.0	130.0	167.0	184.0	223.0	305.0	351.0	418.0	614.0	878.0	1277.0	2279.0	3815.0	9547.0	45914.0	65216.0
	20.0	21.0	22.0	23.0	24.0	25.0	26.0	27.0	28.0	29.0	30.0	31.0	32.0	33.0	34.0	35.0	36.0	37.0	38.0	39.0	40.0
Zdi-ADup_046-Ex1-3B-lcwgs-1-1.clmp.r2	3.0	24.0	37.0	88.0	130.0	145.0	170.0	187.0	190.0	214.0	219.0	278.0	377.0	435.0	619.0	887.0	1545.0	2753.0	6637.0	42670.0	73948.0
	20.0	21.0	22.0	23.0	24.0	25.0	26.0	27.0	28.0	29.0	30.0	31.0	32.0	33.0	34.0	35.0	36.0	37.0	38.0	39.0	40.0
Zdi-ADup_047-Ex1-3C-lcwgs-1-1.clmp.r1	10.0	97.0	341.0	672.0	1208.0	1593.0	2091.0	2415.0	2974.0	3554.0	4330.0	5223.0	6752.0	8402.0	11773.0	16811.0	27201.0	44810.0	108230.0	522363.0	832456.0
	20.0	21.0	22.0	23.0	24.0	25.0	26.0	27.0	28.0	29.0	30.0	31.0	32.0	33.0	34.0	35.0	36.0	37.0	38.0	39.0	40.0
Zdi-ADup_047-Ex1-3C-lcwgs-1-1.clmp.r2	31.0	332.0	844.0	1347.0	1871.0	2349.0	2713.0	2881.0	3166.0	3469.0	4147.0	4778.0	5905.0	7163.0	9483.0	13362.0	21505.0	34666.0	77848.0	479579.0	925867.0
	20.0	21.0	22.0	23.0	24.0	25.0	26.0	27.0	28.0	29.0	30.0	31.0	32.0	33.0	34.0	35.0	36.0	37.0	38.0	39.0	40.0
Zdi-CDup_001-Ex1-5D-lcwgs-1-1.clmp.r1	8.0	89.0	270.0	524.0	925.0	1298.0	1682.0	2040.0	2380.0	2749.0	3546.0	4234.0	5489.0	6919.0	9805.0	14243.0	23131.0	38385.0	94623.0	500421.0	616059.0
	20.0	21.0	22.0	23.0	24.0	25.0	26.0	27.0	28.0	29.0	30.0	31.0	32.0	33.0	34.0	35.0	36.0	37.0	38.0	39.0	40.0
Zdi-CDup_001-Ex1-5D-lcwgs-1-1.clmp.r2	47.0	449.0	1004.0	1323.0	1746.0	2219.0	2692.0	2697.0	3158.0	3442.0	4062.0	4462.0	5538.0	6834.0	9220.0	12719.0	20790.0	33969.0	78771.0	509276.0	624402.0
	20.0	21.0	22.0	23.0	24.0	25.0	26.0	27.0	28.0	29.0	30.0	31.0	32.0	33.0	34.0	35.0	36.0	37.0	38.0	39.0	40.0
Zdi-CDup_002-Ex1-5E-lcwgs-1-1.clmp.r1	1.0	5.0	20.0	53.0	73.0	135.0	167.0	170.0	240.0	270.0	354.0	452.0	558.0	695.0	1056.0	1447.0	2508.0	4511.0	11050.0	59167.0	63745.0
	20.0	21.0	22.0	23.0	24.0	25.0	26.0	27.0	28.0	29.0	30.0	31.0	32.0	33.0	34.0	35.0	36.0	37.0	38.0	39.0	40.0
Zdi-CDup_002-Ex1-5E-lcwgs-1-1.clmp.r2	13.0	40.0	90.0	135.0	176.0	242.0	268.0	275.0	312.0	358.0	393.0	429.0	559.0	677.0	920.0	1361.0	2278.0	3835.0	9559.0	61271.0	63486.0
	20.0	21.0	22.0	23.0	24.0	25.0	26.0	27.0	28.0	29.0	30.0	31.0	32.0	33.0	34.0	35.0	36.0	37.0	38.0	39.0	40.0
Zdi-CDup_003-Ex1-5F-lcwgs-1-1.clmp.r1	2.0	37.0	138.0	280.0	497.0	736.0	972.0	1168.0	1397.0	1722.0	2109.0	2405.0	3249.0	4049.0	5650.0	7958.0	13238.0	22168.0	53283.0	288874.0	346685.0
	20.0	21.0	22.0	23.0	24.0	25.0	26.0	27.0	28.0	29.0	30.0	31.0	32.0	33.0	34.0	35.0	36.0	37.0	38.0	39.0	40.0
Zdi-CDup_003-Ex1-5F-lcwgs-1-1.clmp.r2	32.0	271.0	547.0	769.0	1067.0	1265.0	1546.0	1645.0	1932.0	2086.0	2270.0	2653.0	3296.0	3909.0	5480.0	7580.0	11967.0	19290.0	45675.0	297238.0	346099.0
	21.0	22.0	23.0	24.0	25.0	26.0	27.0	28.0	29.0	30.0	31.0	32.0	33.0	34.0	35.0	36.0	37.0	38.0	39.0	40.0
Zdi-CDup_004-Ex1-5G-lcwgs-1-1.clmp.r1	6.0	32.0	52.0	81.0	124.0	171.0	179.0	225.0	278.0	332.0	424.0	593.0	692.0	1024.0	1541.0	2571.0	4449.0	10867.0	58978.0	65090.0
	20.0	21.0	22.0	23.0	24.0	25.0	26.0	27.0	28.0	29.0	30.0	31.0	32.0	33.0	34.0	35.0	36.0	37.0	38.0	39.0	40.0
Zdi-CDup_004-Ex1-5G-lcwgs-1-1.clmp.r2	3.0	47.0	94.0	117.0	196.0	214.0	280.0	271.0	338.0	327.0	434.0	450.0	540.0	718.0	1027.0	1363.0	2307.0	3919.0	9610.0	61411.0	64043.0
	20.0	21.0	22.0	23.0	24.0	25.0	26.0	27.0	28.0	29.0	30.0	31.0	32.0	33.0	34.0	35.0	36.0	37.0	38.0	39.0	40.0
Zdi-CDup_005-Ex1-5H-lcwgs-1-1.clmp.r1	17.0	205.0	586.0	1102.0	1835.0	2575.0	3245.0	4012.0	4787.0	5343.0	6523.0	7697.0	9859.0	12333.0	17496.0	25214.0	40672.0	69198.0	165117.0	996391.0	1013567.0
	19.0	20.0	21.0	22.0	23.0	24.0	25.0	26.0	27.0	28.0	29.0	30.0	31.0	32.0	33.0	34.0	35.0	36.0	37.0	38.0	39.0	40.0
Zdi-CDup_005-Ex1-5H-lcwgs-1-1.clmp.r2	1.0	135.0	1065.0	2008.0	2602.0	3635.0	4356.0	5203.0	5665.0	6276.0	6822.0	7737.0	9163.0	11004.0	13310.0	17814.0	24714.0	39459.0	65478.0	153308.0	1065029.0	942990.0
	20.0	21.0	22.0	23.0	24.0	25.0	26.0	27.0	28.0	29.0	30.0	31.0	32.0	33.0	34.0	35.0	36.0	37.0	38.0	39.0	40.0
Zdi-CDup_006-Ex1-6A-lcwgs-1-1.clmp.r1	27.0	430.0	1214.0	2348.0	4095.0	5611.0	7236.0	8638.0	10245.0	11772.0	14196.0	16702.0	21791.0	27497.0	37868.0	55598.0	91252.0	155354.0	378027.0	2285976.0	2063287.0
	20.0	21.0	22.0	23.0	24.0	25.0	26.0	27.0	28.0	29.0	30.0	31.0	32.0	33.0	34.0	35.0	36.0	37.0	38.0	39.0	40.0
Zdi-CDup_006-Ex1-6A-lcwgs-1-1.clmp.r2	411.0	2588.0	4602.0	6054.0	8566.0	10514.0	12528.0	13385.0	15235.0	16125.0	18662.0	20852.0	25551.0	30998.0	41173.0	57297.0	92282.0	155473.0	370018.0	2490814.0	1806036.0
	20.0	21.0	22.0	23.0	24.0	25.0	26.0	27.0	28.0	29.0	30.0	31.0	32.0	33.0	34.0	35.0	36.0	37.0	38.0	39.0	40.0
Zdi-CDup_007-Ex1-6B-lcwgs-1-1.clmp.r1	6.0	80.0	200.0	456.0	779.0	1091.0	1455.0	1724.0	2114.0	2578.0	3131.0	3760.0	4939.0	6364.0	8902.0	13429.0	22175.0	37556.0	92840.0	506528.0	613776.0
	19.0	20.0	21.0	22.0	23.0	24.0	25.0	26.0	27.0	28.0	29.0	30.0	31.0	32.0	33.0	34.0	35.0	36.0	37.0	38.0	39.0	40.0
Zdi-CDup_007-Ex1-6B-lcwgs-1-1.clmp.r2	1.0	57.0	431.0	872.0	1185.0	1643.0	2070.0	2367.0	2466.0	2757.0	3106.0	3492.0	4151.0	4966.0	6166.0	8257.0	11857.0	19385.0	32202.0	76652.0	502397.0	637403.0
	20.0	21.0	22.0	23.0	24.0	25.0	26.0	27.0	28.0	29.0	30.0	31.0	32.0	33.0	34.0	35.0	36.0	37.0	38.0	39.0	40.0
Zdi-CDup_008-Ex1-6C-lcwgs-1-1.clmp.r1	3.0	38.0	105.0	257.0	388.0	496.0	685.0	780.0	993.0	1128.0	1349.0	1612.0	2099.0	2809.0	3934.0	5797.0	9818.0	16856.0	42928.0	236863.0	228118.0
	20.0	21.0	22.0	23.0	24.0	25.0	26.0	27.0	28.0	29.0	30.0	31.0	32.0	33.0	34.0	35.0	36.0	37.0	38.0	39.0	40.0
Zdi-CDup_008-Ex1-6C-lcwgs-1-1.clmp.r2	46.0	273.0	457.0	552.0	765.0	892.0	1151.0	1218.0	1330.0	1489.0	1721.0	1992.0	2427.0	2906.0	4098.0	5681.0	9369.0	16254.0	40138.0	250156.0	214141.0
	20.0	21.0	22.0	23.0	24.0	25.0	26.0	27.0	28.0	29.0	30.0	31.0	32.0	33.0	34.0	35.0	36.0	37.0	38.0	39.0	40.0
Zdi-CDup_010-Ex1-6D-lcwgs-1-1.clmp.r1	27.0	284.0	864.0	1754.0	2840.0	3985.0	5051.0	5935.0	7299.0	8445.0	10577.0	12607.0	15864.0	20386.0	28508.0	42152.0	68507.0	117155.0	287004.0	1638185.0	1581239.0
	19.0	20.0	21.0	22.0	23.0	24.0	25.0	26.0	27.0	28.0	29.0	30.0	31.0	32.0	33.0	34.0	35.0	36.0	37.0	38.0	39.0	40.0
Zdi-CDup_010-Ex1-6D-lcwgs-1-1.clmp.r2	1.0	306.0	1727.0	3356.0	4410.0	5933.0	7389.0	8432.0	9281.0	10332.0	11478.0	13017.0	14705.0	18332.0	22441.0	29944.0	42124.0	68390.0	113311.0	268681.0	1729394.0	1475684.0
	20.0	21.0	22.0	23.0	24.0	25.0	26.0	27.0	28.0	29.0	30.0	31.0	32.0	33.0	34.0	35.0	36.0	37.0	38.0	39.0	40.0
Zdi-CDup_011-Ex1-6E-lcwgs-1-1.clmp.r1	16.0	186.0	586.0	1115.0	1877.0	2625.0	3414.0	3920.0	4790.0	5694.0	6960.0	8221.0	10337.0	13668.0	19204.0	28287.0	47428.0	80911.0	199305.0	1174450.0	1177576.0
	19.0	20.0	21.0	22.0	23.0	24.0	25.0	26.0	27.0	28.0	29.0	30.0	31.0	32.0	33.0	34.0	35.0	36.0	37.0	38.0	39.0	40.0
Zdi-CDup_011-Ex1-6E-lcwgs-1-1.clmp.r2	2.0	189.0	1224.0	2286.0	2937.0	3990.0	4892.0	5862.0	6174.0	7012.0	7621.0	8812.0	10012.0	12360.0	15157.0	20366.0	28444.0	45908.0	77262.0	187136.0	1255684.0	1087240.0
	20.0	21.0	22.0	23.0	24.0	25.0	26.0	27.0	28.0	29.0	30.0	31.0	32.0	33.0	34.0	35.0	36.0	37.0	38.0	39.0	40.0
Zdi-CDup_012-Ex1-6F-lcwgs-1-1.clmp.r1	5.0	55.0	169.0	295.0	496.0	685.0	835.0	1001.0	1263.0	1426.0	1764.0	2112.0	2824.0	3415.0	4999.0	7162.0	11869.0	19788.0	48106.0	266672.0	270114.0
	20.0	21.0	22.0	23.0	24.0	25.0	26.0	27.0	28.0	29.0	30.0	31.0	32.0	33.0	34.0	35.0	36.0	37.0	38.0	39.0	40.0
Zdi-CDup_012-Ex1-6F-lcwgs-1-1.clmp.r2	35.0	271.0	499.0	692.0	897.0	1157.0	1295.0	1454.0	1651.0	1749.0	2054.0	2294.0	2886.0	3492.0	4744.0	6580.0	10916.0	18054.0	42480.0	274581.0	267274.0
	21.0	22.0	23.0	24.0	25.0	26.0	27.0	28.0	29.0	30.0	31.0	32.0	33.0	34.0	35.0	36.0	37.0	38.0	39.0	40.0
Zdi-CDup_013-Ex1-6G-lcwgs-1-1.clmp.r1	27.0	66.0	118.0	188.0	291.0	406.0	417.0	572.0	624.0	788.0	971.0	1242.0	1661.0	2326.0	3456.0	5882.0	10452.0	26643.0	146169.0	130926.0
	20.0	21.0	22.0	23.0	24.0	25.0	26.0	27.0	28.0	29.0	30.0	31.0	32.0	33.0	34.0	35.0	36.0	37.0	38.0	39.0	40.0
Zdi-CDup_013-Ex1-6G-lcwgs-1-1.clmp.r2	23.0	145.0	242.0	304.0	435.0	546.0	653.0	662.0	749.0	813.0	1002.0	1145.0	1348.0	1799.0	2314.0	3281.0	5560.0	9964.0	25104.0	154336.0	122800.0
	20.0	21.0	22.0	23.0	24.0	25.0	26.0	27.0	28.0	29.0	30.0	31.0	32.0	33.0	34.0	35.0	36.0	37.0	38.0	39.0	40.0
Zdi-CDup_014-Ex1-6H-lcwgs-1-1.clmp.r1	15.0	222.0	679.0	1457.0	2333.0	3201.0	4185.0	5032.0	5887.0	7213.0	8889.0	10544.0	13807.0	17820.0	25179.0	37523.0	61230.0	105100.0	259679.0	1409820.0	1716120.0
	19.0	20.0	21.0	22.0	23.0	24.0	25.0	26.0	27.0	28.0	29.0	30.0	31.0	32.0	33.0	34.0	35.0	36.0	37.0	38.0	39.0	40.0
Zdi-CDup_014-Ex1-6H-lcwgs-1-1.clmp.r2	2.0	153.0	1250.0	2572.0	3501.0	4867.0	5948.0	6767.0	7048.0	8046.0	8598.0	10213.0	11499.0	14301.0	17545.0	23838.0	33538.0	54185.0	90065.0	213683.0	1423246.0	1755070.0
	21.0	22.0	23.0	24.0	25.0	26.0	27.0	28.0	29.0	30.0	31.0	32.0	33.0	34.0	35.0	36.0	37.0	38.0	39.0	40.0
Zdi-CDup_015-Ex1-7A-lcwgs-1-1.clmp.r1	9.0	65.0	118.0	219.0	283.0	379.0	436.0	550.0	632.0	728.0	917.0	1200.0	1596.0	2433.0	3450.0	6277.0	10992.0	28346.0	149892.0	129452.0
	20.0	21.0	22.0	23.0	24.0	25.0	26.0	27.0	28.0	29.0	30.0	31.0	32.0	33.0	34.0	35.0	36.0	37.0	38.0	39.0	40.0
Zdi-CDup_015-Ex1-7A-lcwgs-1-1.clmp.r2	19.0	116.0	239.0	331.0	412.0	572.0	604.0	642.0	709.0	809.0	928.0	1068.0	1363.0	1680.0	2226.0	3248.0	5574.0	9749.0	25270.0	153655.0	128760.0
	20.0	21.0	22.0	23.0	24.0	25.0	26.0	27.0	28.0	29.0	30.0	31.0	32.0	33.0	34.0	35.0	36.0	37.0	38.0	39.0	40.0
Zdi-CDup_016-Ex1-7B-lcwgs-1-1.clmp.r1	8.0	146.0	460.0	977.0	1755.0	2456.0	3166.0	3893.0	4694.0	5408.0	6710.0	8204.0	10706.0	13404.0	19252.0	28610.0	47372.0	79959.0	199124.0	1071313.0	1269670.0
	19.0	20.0	21.0	22.0	23.0	24.0	25.0	26.0	27.0	28.0	29.0	30.0	31.0	32.0	33.0	34.0	35.0	36.0	37.0	38.0	39.0	40.0
Zdi-CDup_016-Ex1-7B-lcwgs-1-1.clmp.r2	1.0	107.0	885.0	1786.0	2471.0	3548.0	4245.0	4949.0	5334.0	5888.0	6517.0	7516.0	8516.0	10516.0	13007.0	17559.0	24573.0	40213.0	67136.0	157712.0	1049787.0	1345021.0
	20.0	21.0	22.0	23.0	24.0	25.0	26.0	27.0	28.0	29.0	30.0	31.0	32.0	33.0	34.0	35.0	36.0	37.0	38.0	39.0	40.0
Zdi-CDup_017-Ex1-7C-lcwgs-1-1.clmp.r1	7.0	33.0	96.0	234.0	431.0	547.0	763.0	840.0	1092.0	1341.0	1641.0	2067.0	2663.0	3348.0	4713.0	7500.0	12356.0	21324.0	54392.0	289702.0	339639.0
	20.0	21.0	22.0	23.0	24.0	25.0	26.0	27.0	28.0	29.0	30.0	31.0	32.0	33.0	34.0	35.0	36.0	37.0	38.0	39.0	40.0
Zdi-CDup_017-Ex1-7C-lcwgs-1-1.clmp.r2	32.0	239.0	471.0	604.0	841.0	1098.0	1213.0	1301.0	1466.0	1578.0	1885.0	2183.0	2626.0	3206.0	4464.0	6369.0	10720.0	17976.0	44211.0	293057.0	349189.0
	20.0	21.0	22.0	23.0	24.0	25.0	26.0	27.0	28.0	29.0	30.0	31.0	32.0	33.0	34.0	35.0	36.0	37.0	38.0	39.0	40.0
Zdi-CDup_018-Ex1-7D-lcwgs-1-1.clmp.r1	9.0	170.0	572.0	1145.0	2021.0	2731.0	3530.0	4159.0	5127.0	5938.0	7239.0	8523.0	11035.0	13917.0	19672.0	28566.0	47374.0	80548.0	198133.0	1090988.0	1057722.0
	20.0	21.0	22.0	23.0	24.0	25.0	26.0	27.0	28.0	29.0	30.0	31.0	32.0	33.0	34.0	35.0	36.0	37.0	38.0	39.0	40.0
Zdi-CDup_018-Ex1-7D-lcwgs-1-1.clmp.r2	158.0	1100.0	2188.0	2827.0	4030.0	5062.0	5770.0	6379.0	7057.0	7638.0	8755.0	10005.0	12181.0	14919.0	19492.0	27234.0	44037.0	73179.0	172999.0	1119643.0	1044466.0
	20.0	21.0	22.0	23.0	24.0	25.0	26.0	27.0	28.0	29.0	30.0	31.0	32.0	33.0	34.0	35.0	36.0	37.0	38.0	39.0	40.0
Zdi-CDup_019-Ex1-7E-lcwgs-1-1.clmp.r1	15.0	247.0	885.0	1629.0	2984.0	4175.0	5427.0	6628.0	8047.0	9375.0	11629.0	14086.0	18121.0	23402.0	32956.0	49535.0	81442.0	139477.0	348408.0	1948026.0	2111745.0
	19.0	20.0	21.0	22.0	23.0	24.0	25.0	26.0	27.0	28.0	29.0	30.0	31.0	32.0	33.0	34.0	35.0	36.0	37.0	38.0	39.0	40.0
Zdi-CDup_019-Ex1-7E-lcwgs-1-1.clmp.r2	2.0	275.0	1760.0	3440.0	4512.0	6128.0	7423.0	8739.0	9539.0	10689.0	11777.0	13779.0	15754.0	19404.0	23838.0	31998.0	45033.0	73349.0	123287.0	295371.0	2002721.0	2109421.0
	21.0	22.0	23.0	24.0	25.0	26.0	27.0	28.0	29.0	30.0	31.0	32.0	33.0	34.0	35.0	36.0	37.0	38.0	39.0	40.0
Zdi-CDup_020-Ex1-7F-lcwgs-1-1.clmp.r1	7.0	25.0	52.0	92.0	146.0	162.0	182.0	248.0	277.0	376.0	448.0	575.0	724.0	1108.0	1675.0	2854.0	4975.0	12514.0	64574.0	68434.0
	20.0	21.0	22.0	23.0	24.0	25.0	26.0	27.0	28.0	29.0	30.0	31.0	32.0	33.0	34.0	35.0	36.0	37.0	38.0	39.0	40.0
Zdi-CDup_020-Ex1-7F-lcwgs-1-1.clmp.r2	6.0	46.0	94.0	143.0	157.0	260.0	237.0	283.0	308.0	335.0	382.0	482.0	585.0	768.0	990.0	1406.0	2316.0	4102.0	10112.0	64387.0	72049.0
	20.0	21.0	22.0	23.0	24.0	25.0	26.0	27.0	28.0	29.0	30.0	31.0	32.0	33.0	34.0	35.0	36.0	37.0	38.0	39.0	40.0
Zdi-CDup_021-Ex1-7G-lcwgs-1-1.clmp.r1	24.0	356.0	991.0	1894.0	3454.0	4751.0	5949.0	6854.0	8674.0	10073.0	12486.0	15177.0	19311.0	25263.0	35828.0	52839.0	89214.0	152119.0	381645.0	2131932.0	2366886.0
	19.0	20.0	21.0	22.0	23.0	24.0	25.0	26.0	27.0	28.0	29.0	30.0	31.0	32.0	33.0	34.0	35.0	36.0	37.0	38.0	39.0	40.0
Zdi-CDup_021-Ex1-7G-lcwgs-1-1.clmp.r2	1.0	270.0	1944.0	3701.0	5164.0	6848.0	8196.0	9770.0	10415.0	11824.0	12827.0	14607.0	16601.0	20790.0	25580.0	34343.0	48045.0	78665.0	132657.0	319365.0	2192433.0	2371674.0
	20.0	21.0	22.0	23.0	24.0	25.0	26.0	27.0	28.0	29.0	30.0	31.0	32.0	33.0	34.0	35.0	36.0	37.0	38.0	39.0	40.0
Zdi-CDup_022-Ex1-7H-lcwgs-1-1.clmp.r1	2.0	43.0	113.0	270.0	398.0	566.0	704.0	794.0	1025.0	1240.0	1599.0	1809.0	2422.0	3097.0	4430.0	6844.0	11389.0	19710.0	50441.0	273709.0	314105.0
	19.0	20.0	21.0	22.0	23.0	24.0	25.0	26.0	27.0	28.0	29.0	30.0	31.0	32.0	33.0	34.0	35.0	36.0	37.0	38.0	39.0	40.0
Zdi-CDup_022-Ex1-7H-lcwgs-1-1.clmp.r2	1.0	25.0	226.0	418.0	559.0	792.0	1038.0	1091.0	1167.0	1338.0	1439.0	1684.0	1898.0	2392.0	3034.0	4081.0	5772.0	9693.0	16253.0	39482.0	270899.0	331428.0
	21.0	22.0	23.0	24.0	25.0	26.0	27.0	28.0	29.0	30.0	31.0	32.0	33.0	34.0	35.0	36.0	37.0	38.0	39.0	40.0
Zdi-CDup_023-Ex1-8A-lcwgs-1-1.clmp.r1	2.0	13.0	12.0	37.0	46.0	58.0	54.0	79.0	94.0	140.0	155.0	203.0	280.0	345.0	538.0	947.0	1624.0	4407.0	22956.0	23216.0
	19.0	20.0	21.0	22.0	23.0	24.0	25.0	26.0	27.0	28.0	29.0	30.0	31.0	32.0	33.0	34.0	35.0	36.0	37.0	38.0	39.0	40.0
Zdi-CDup_023-Ex1-8A-lcwgs-1-1.clmp.r2	1.0	9.0	19.0	35.0	46.0	73.0	75.0	94.0	120.0	133.0	118.0	144.0	158.0	220.0	289.0	369.0	517.0	865.0	1542.0	3985.0	24238.0	22156.0
	20.0	21.0	22.0	23.0	24.0	25.0	26.0	27.0	28.0	29.0	30.0	31.0	32.0	33.0	34.0	35.0	36.0	37.0	38.0	39.0	40.0
Zdi-CDup_024-Ex1-8B-lcwgs-1-1.clmp.r1	2.0	2.0	6.0	15.0	22.0	23.0	39.0	60.0	70.0	65.0	91.0	112.0	141.0	207.0	261.0	438.0	712.0	1201.0	3031.0	16770.0	17908.0
	20.0	21.0	22.0	23.0	24.0	25.0	26.0	27.0	28.0	29.0	30.0	31.0	32.0	33.0	34.0	35.0	36.0	37.0	38.0	39.0	40.0
Zdi-CDup_024-Ex1-8B-lcwgs-1-1.clmp.r2	2.0	16.0	27.0	42.0	46.0	63.0	80.0	90.0	105.0	102.0	113.0	139.0	163.0	179.0	279.0	411.0	658.0	1080.0	2692.0	17260.0	17629.0
	21.0	22.0	23.0	24.0	25.0	26.0	27.0	28.0	29.0	30.0	31.0	32.0	33.0	34.0	35.0	36.0	37.0	38.0	39.0	40.0
Zdi-CDup_025-Ex1-8C-lcwgs-1-1.clmp.r1	12.0	16.0	42.0	45.0	81.0	88.0	101.0	140.0	162.0	206.0	218.0	321.0	381.0	629.0	913.0	1526.0	2646.0	6722.0	36109.0	45146.0
	19.0	20.0	21.0	22.0	23.0	24.0	25.0	26.0	27.0	28.0	29.0	30.0	31.0	32.0	33.0	34.0	35.0	36.0	37.0	38.0	39.0	40.0
Zdi-CDup_025-Ex1-8C-lcwgs-1-1.clmp.r2	1.0	4.0	23.0	56.0	88.0	116.0	134.0	144.0	178.0	193.0	208.0	258.0	273.0	329.0	441.0	590.0	843.0	1389.0	2323.0	5598.0	37672.0	44643.0
	20.0	21.0	22.0	23.0	24.0	25.0	26.0	27.0	28.0	29.0	30.0	31.0	32.0	33.0	34.0	35.0	36.0	37.0	38.0	39.0	40.0
Zdi-CDup_026-Ex1-8D-lcwgs-1-1.clmp.r1	2.0	30.0	77.0	173.0	282.0	401.0	539.0	602.0	753.0	912.0	1186.0	1519.0	1950.0	2380.0	3497.0	5104.0	8778.0	15165.0	38717.0	211971.0	258802.0
	20.0	21.0	22.0	23.0	24.0	25.0	26.0	27.0	28.0	29.0	30.0	31.0	32.0	33.0	34.0	35.0	36.0	37.0	38.0	39.0	40.0
Zdi-CDup_026-Ex1-8D-lcwgs-1-1.clmp.r2	28.0	172.0	367.0	508.0	658.0	827.0	911.0	951.0	1078.0	1218.0	1406.0	1637.0	1996.0	2514.0	3456.0	4985.0	7929.0	13490.0	32619.0	219718.0	256372.0
	21.0	22.0	23.0	24.0	25.0	26.0	27.0	28.0	29.0	30.0	31.0	32.0	33.0	34.0	35.0	36.0	37.0	38.0	39.0	40.0
Zdi-CDup_027-Ex1-8E-lcwgs-1-1.clmp.r1	3.0	13.0	12.0	33.0	37.0	38.0	49.0	68.0	77.0	119.0	127.0	183.0	223.0	353.0	518.0	900.0	1554.0	4048.0	20581.0	24162.0
	20.0	21.0	22.0	23.0	24.0	25.0	26.0	27.0	28.0	29.0	30.0	31.0	32.0	33.0	34.0	35.0	36.0	37.0	38.0	39.0	40.0
Zdi-CDup_027-Ex1-8E-lcwgs-1-1.clmp.r2	2.0	21.0	15.0	51.0	58.0	62.0	85.0	97.0	99.0	111.0	125.0	142.0	172.0	247.0	323.0	512.0	752.0	1370.0	3449.0	21181.0	24224.0
	20.0	21.0	22.0	23.0	24.0	25.0	26.0	27.0	28.0	29.0	30.0	31.0	32.0	33.0	34.0	35.0	36.0	37.0	38.0	39.0	40.0
Zdi-CDup_028-Ex1-8F-lcwgs-1-1.clmp.r1	1.0	11.0	26.0	45.0	74.0	126.0	143.0	167.0	226.0	253.0	308.0	350.0	454.0	564.0	869.0	1207.0	2146.0	3732.0	9029.0	52905.0	56565.0
	20.0	21.0	22.0	23.0	24.0	25.0	26.0	27.0	28.0	29.0	30.0	31.0	32.0	33.0	34.0	35.0	36.0	37.0	38.0	39.0	40.0
Zdi-CDup_028-Ex1-8F-lcwgs-1-1.clmp.r2	11.0	50.0	107.0	129.0	174.0	207.0	266.0	267.0	307.0	354.0	388.0	421.0	557.0	649.0	912.0	1248.0	2046.0	3468.0	8514.0	56551.0	52575.0
	20.0	21.0	22.0	23.0	24.0	25.0	26.0	27.0	28.0	29.0	30.0	31.0	32.0	33.0	34.0	35.0	36.0	37.0	38.0	39.0	40.0
Zdi-CDup_029-Ex1-8G-lcwgs-1-1.clmp.r1	1.0	5.0	15.0	42.0	58.0	89.0	114.0	107.0	160.0	210.0	219.0	263.0	363.0	507.0	662.0	1035.0	1827.0	3053.0	7842.0	45645.0	46661.0
	20.0	21.0	22.0	23.0	24.0	25.0	26.0	27.0	28.0	29.0	30.0	31.0	32.0	33.0	34.0	35.0	36.0	37.0	38.0	39.0	40.0
Zdi-CDup_029-Ex1-8G-lcwgs-1-1.clmp.r2	5.0	48.0	96.0	112.0	154.0	180.0	209.0	202.0	232.0	247.0	290.0	337.0	450.0	560.0	733.0	1099.0	1687.0	2977.0	6987.0	49497.0	42776.0
	22.0	23.0	24.0	25.0	26.0	27.0	28.0	29.0	30.0	31.0	32.0	33.0	34.0	35.0	36.0	37.0	38.0	39.0	40.0
Zdi-CDup_030-Ex1-8H-lcwgs-1-1.clmp.r1	4.0	8.0	12.0	15.0	31.0	20.0	37.0	39.0	56.0	65.0	82.0	123.0	150.0	232.0	385.0	736.0	1893.0	9937.0	10759.0
	20.0	21.0	22.0	23.0	24.0	25.0	26.0	27.0	28.0	29.0	30.0	31.0	32.0	33.0	34.0	35.0	36.0	37.0	38.0	39.0	40.0
Zdi-CDup_030-Ex1-8H-lcwgs-1-1.clmp.r2	2.0	7.0	18.0	29.0	26.0	33.0	44.0	45.0	53.0	44.0	74.0	78.0	73.0	138.0	147.0	229.0	372.0	642.0	1612.0	10333.0	10585.0
	20.0	21.0	22.0	23.0	24.0	25.0	26.0	27.0	28.0	29.0	30.0	31.0	32.0	33.0	34.0	35.0	36.0	37.0	38.0	39.0	40.0
Zdi-CDup_031-Ex1-9A-lcwgs-1-1.clmp.r1	9.0	225.0	585.0	1097.0	1977.0	2658.0	3445.0	4090.0	4934.0	5829.0	7271.0	8576.0	11157.0	14155.0	19807.0	29073.0	47738.0	80588.0	199000.0	1120849.0	1275055.0
	20.0	21.0	22.0	23.0	24.0	25.0	26.0	27.0	28.0	29.0	30.0	31.0	32.0	33.0	34.0	35.0	36.0	37.0	38.0	39.0	40.0
Zdi-CDup_031-Ex1-9A-lcwgs-1-1.clmp.r2	134.0	1050.0	2084.0	2710.0	3669.0	4696.0	5428.0	5852.0	6593.0	7141.0	8307.0	9355.0	11651.0	14168.0	19267.0	26488.0	43565.0	71385.0	168105.0	1157488.0	1268982.0
	21.0	22.0	23.0	24.0	25.0	26.0	27.0	28.0	29.0	30.0	31.0	32.0	33.0	34.0	35.0	36.0	37.0	38.0	39.0	40.0
Zdi-CDup_032-Ex1-9B-lcwgs-1-1.clmp.r1	9.0	34.0	81.0	116.0	181.0	253.0	282.0	312.0	411.0	459.0	579.0	749.0	945.0	1315.0	1936.0	3321.0	5609.0	13832.0	73683.0	85992.0
	20.0	21.0	22.0	23.0	24.0	25.0	26.0	27.0	28.0	29.0	30.0	31.0	32.0	33.0	34.0	35.0	36.0	37.0	38.0	39.0	40.0
Zdi-CDup_032-Ex1-9B-lcwgs-1-1.clmp.r2	6.0	57.0	131.0	173.0	254.0	292.0	368.0	387.0	414.0	448.0	514.0	610.0	766.0	921.0	1210.0	1639.0	2687.0	4676.0	10861.0	71729.0	91956.0
	20.0	21.0	22.0	23.0	24.0	25.0	26.0	27.0	28.0	29.0	30.0	31.0	32.0	33.0	34.0	35.0	36.0	37.0	38.0	39.0	40.0
Zdi-CDup_033-Ex1-9C-lcwgs-1-1.clmp.r1	5.0	50.0	175.0	335.0	582.0	775.0	1108.0	1183.0	1476.0	1879.0	2246.0	2600.0	3547.0	4633.0	6582.0	9721.0	16154.0	27715.0	69438.0	364715.0	479440.0
	20.0	21.0	22.0	23.0	24.0	25.0	26.0	27.0	28.0	29.0	30.0	31.0	32.0	33.0	34.0	35.0	36.0	37.0	38.0	39.0	40.0
Zdi-CDup_033-Ex1-9C-lcwgs-1-1.clmp.r2	26.0	304.0	641.0	845.0	1087.0	1380.0	1560.0	1693.0	1896.0	2036.0	2538.0	2883.0	3425.0	4229.0	5937.0	8231.0	13545.0	22514.0	53466.0	357932.0	508191.0
	20.0	21.0	22.0	23.0	24.0	25.0	26.0	27.0	28.0	29.0	30.0	31.0	32.0	33.0	34.0	35.0	36.0	37.0	38.0	39.0	40.0
Zdi-CDup_034-Ex1-9D-lcwgs-1-1.clmp.r1	13.0	145.0	508.0	934.0	1625.0	2278.0	2862.0	3452.0	4218.0	4803.0	5822.0	7288.0	9083.0	11743.0	16428.0	24405.0	40303.0	68525.0	169591.0	925414.0	1084376.0
	20.0	21.0	22.0	23.0	24.0	25.0	26.0	27.0	28.0	29.0	30.0	31.0	32.0	33.0	34.0	35.0	36.0	37.0	38.0	39.0	40.0
Zdi-CDup_034-Ex1-9D-lcwgs-1-1.clmp.r2	111.0	845.0	1613.0	2107.0	3099.0	3751.0	4384.0	4740.0	5275.0	5801.0	6713.0	7575.0	9360.0	11324.0	15325.0	21340.0	34736.0	57349.0	135855.0	912985.0	1139528.0
	20.0	21.0	22.0	23.0	24.0	25.0	26.0	27.0	28.0	29.0	30.0	31.0	32.0	33.0	34.0	35.0	36.0	37.0	38.0	39.0	40.0
Zdi-CDup_035-Ex1-9E-lcwgs-1-1.clmp.r1	1.0	25.0	87.0	123.0	229.0	334.0	427.0	522.0	643.0	745.0	950.0	1081.0	1427.0	1939.0	2853.0	4063.0	6764.0	11786.0	29242.0	160850.0	187659.0
	20.0	21.0	22.0	23.0	24.0	25.0	26.0	27.0	28.0	29.0	30.0	31.0	32.0	33.0	34.0	35.0	36.0	37.0	38.0	39.0	40.0
Zdi-CDup_035-Ex1-9E-lcwgs-1-1.clmp.r2	17.0	132.0	261.0	386.0	454.0	642.0	690.0	750.0	845.0	953.0	1113.0	1258.0	1459.0	1893.0	2452.0	3519.0	5922.0	9831.0	23920.0	161428.0	193825.0
	21.0	22.0	23.0	24.0	25.0	26.0	27.0	28.0	29.0	30.0	31.0	32.0	33.0	34.0	35.0	36.0	37.0	38.0	39.0	40.0
Zdi-CDup_036-Ex1-9F-lcwgs-1-1.clmp.r1	10.0	21.0	47.0	59.0	111.0	142.0	162.0	221.0	234.0	308.0	369.0	454.0	658.0	860.0	1338.0	2155.0	3548.0	8871.0	47951.0	56145.0
	20.0	21.0	22.0	23.0	24.0	25.0	26.0	27.0	28.0	29.0	30.0	31.0	32.0	33.0	34.0	35.0	36.0	37.0	38.0	39.0	40.0
Zdi-CDup_036-Ex1-9F-lcwgs-1-1.clmp.r2	5.0	38.0	78.0	117.0	152.0	184.0	205.0	255.0	235.0	284.0	325.0	337.0	467.0	574.0	824.0	1091.0	1770.0	2989.0	7048.0	47532.0	59154.0
	20.0	21.0	22.0	23.0	24.0	25.0	26.0	27.0	28.0	29.0	30.0	31.0	32.0	33.0	34.0	35.0	36.0	37.0	38.0	39.0	40.0
Zdi-CDup_037-Ex1-9G-lcwgs-1-1.clmp.r1	5.0	19.0	83.0	160.0	288.0	401.0	526.0	554.0	758.0	835.0	1092.0	1324.0	1682.0	2178.0	3074.0	4549.0	7531.0	12752.0	31919.0	175502.0	201249.0
	20.0	21.0	22.0	23.0	24.0	25.0	26.0	27.0	28.0	29.0	30.0	31.0	32.0	33.0	34.0	35.0	36.0	37.0	38.0	39.0	40.0
Zdi-CDup_037-Ex1-9G-lcwgs-1-1.clmp.r2	13.0	149.0	295.0	399.0	568.0	723.0	832.0	880.0	938.0	1042.0	1285.0	1388.0	1702.0	2094.0	2851.0	4121.0	6602.0	10981.0	26340.0	177836.0	205442.0
	20.0	21.0	22.0	23.0	24.0	25.0	26.0	27.0	28.0	29.0	30.0	31.0	32.0	33.0	34.0	35.0	36.0	37.0	38.0	39.0	40.0
Zdi-CDup_038-Ex1-9H-lcwgs-1-1.clmp.r1	4.0	13.0	34.0	67.0	126.0	170.0	225.0	271.0	297.0	363.0	392.0	540.0	742.0	906.0	1301.0	1935.0	3175.0	5490.0	14378.0	73756.0	88407.0
	20.0	21.0	22.0	23.0	24.0	25.0	26.0	27.0	28.0	29.0	30.0	31.0	32.0	33.0	34.0	35.0	36.0	37.0	38.0	39.0	40.0
Zdi-CDup_038-Ex1-9H-lcwgs-1-1.clmp.r2	7.0	57.0	114.0	177.0	212.0	267.0	311.0	347.0	387.0	428.0	479.0	541.0	675.0	869.0	1152.0	1583.0	2626.0	4724.0	10787.0	71774.0	95075.0
	21.0	22.0	23.0	24.0	25.0	26.0	27.0	28.0	29.0	30.0	31.0	32.0	33.0	34.0	35.0	36.0	37.0	38.0	39.0	40.0
Zdi-CDup_039-Ex1-10A-lcwgs-1-1.clmp.r1	9.0	33.0	64.0	147.0	185.0	219.0	272.0	336.0	395.0	490.0	608.0	776.0	1062.0	1546.0	2288.0	4022.0	7227.0	18350.0	99711.0	93742.0
	20.0	21.0	22.0	23.0	24.0	25.0	26.0	27.0	28.0	29.0	30.0	31.0	32.0	33.0	34.0	35.0	36.0	37.0	38.0	39.0	40.0
Zdi-CDup_039-Ex1-10A-lcwgs-1-1.clmp.r2	8.0	94.0	177.0	224.0	308.0	389.0	453.0	468.0	555.0	576.0	686.0	755.0	1007.0	1268.0	1701.0	2436.0	4121.0	7216.0	18239.0	107108.0	83693.0
	20.0	21.0	22.0	23.0	24.0	25.0	26.0	27.0	28.0	29.0	30.0	31.0	32.0	33.0	34.0	35.0	36.0	37.0	38.0	39.0	40.0
Zdi-CDup_040-Ex1-10B-lcwgs-1-1.clmp.r1	1.0	10.0	26.0	60.0	111.0	147.0	168.0	213.0	249.0	335.0	395.0	510.0	672.0	887.0	1335.0	1908.0	3343.0	5837.0	15380.0	81250.0	100475.0
	20.0	21.0	22.0	23.0	24.0	25.0	26.0	27.0	28.0	29.0	30.0	31.0	32.0	33.0	34.0	35.0	36.0	37.0	38.0	39.0	40.0
Zdi-CDup_040-Ex1-10B-lcwgs-1-1.clmp.r2	5.0	61.0	126.0	184.0	247.0	301.0	322.0	338.0	390.0	451.0	495.0	614.0	778.0	901.0	1266.0	1785.0	2949.0	5149.0	13261.0	83647.0	100042.0
	21.0	22.0	23.0	24.0	25.0	26.0	27.0	28.0	29.0	30.0	31.0	32.0	33.0	34.0	35.0	36.0	37.0	38.0	39.0	40.0
Zdi-CDup_041-Ex1-10C-lcwgs-1-1.clmp.r1	19.0	64.0	122.0	242.0	325.0	450.0	525.0	679.0	842.0	981.0	1272.0	1701.0	2216.0	3191.0	4906.0	8233.0	14190.0	36654.0	188478.0	250748.0
	20.0	21.0	22.0	23.0	24.0	25.0	26.0	27.0	28.0	29.0	30.0	31.0	32.0	33.0	34.0	35.0	36.0	37.0	38.0	39.0	40.0
Zdi-CDup_041-Ex1-10C-lcwgs-1-1.clmp.r2	22.0	139.0	349.0	454.0	649.0	767.0	882.0	857.0	983.0	1101.0	1356.0	1515.0	1899.0	2317.0	3200.0	4511.0	7606.0	13117.0	31678.0	196958.0	245478.0
	20.0	21.0	22.0	23.0	24.0	25.0	26.0	27.0	28.0	29.0	30.0	31.0	32.0	33.0	34.0	35.0	36.0	37.0	38.0	39.0	40.0
Zdi-CDup_042-Ex1-10D-lcwgs-1-1.clmp.r1	6.0	124.0	433.0	812.0	1530.0	2153.0	2652.0	3197.0	3959.0	4429.0	5561.0	6914.0	8942.0	11648.0	16656.0	25141.0	42001.0	72355.0	184065.0	1022748.0	1124116.0
	19.0	20.0	21.0	22.0	23.0	24.0	25.0	26.0	27.0	28.0	29.0	30.0	31.0	32.0	33.0	34.0	35.0	36.0	37.0	38.0	39.0	40.0
Zdi-CDup_042-Ex1-10D-lcwgs-1-1.clmp.r2	1.0	124.0	1015.0	1942.0	2743.0	3595.0	4506.0	5030.0	5452.0	6130.0	6749.0	7679.0	8755.0	10772.0	13252.0	17557.0	25325.0	41369.0	69670.0	171086.0	1087930.0	1048760.0
	20.0	21.0	22.0	23.0	24.0	25.0	26.0	27.0	28.0	29.0	30.0	31.0	32.0	33.0	34.0	35.0	36.0	37.0	38.0	39.0	40.0
Zdi-CDup_043-Ex1-10E-lcwgs-1-1.clmp.r1	14.0	280.0	926.0	1734.0	3271.0	4765.0	6073.0	7255.0	8935.0	10339.0	12525.0	14746.0	18868.0	23922.0	34628.0	50491.0	84351.0	144529.0	358606.0	2075708.0	1904914.0
	19.0	20.0	21.0	22.0	23.0	24.0	25.0	26.0	27.0	28.0	29.0	30.0	31.0	32.0	33.0	34.0	35.0	36.0	37.0	38.0	39.0	40.0
Zdi-CDup_043-Ex1-10E-lcwgs-1-1.clmp.r2	3.0	376.0	2663.0	4719.0	6152.0	8357.0	9976.0	11890.0	12622.0	14609.0	15698.0	17829.0	20491.0	25067.0	30200.0	39835.0	56146.0	90719.0	152671.0	372087.0	2271409.0	1603361.0
	21.0	22.0	23.0	24.0	25.0	26.0	27.0	28.0	29.0	30.0	31.0	32.0	33.0	34.0	35.0	36.0	37.0	38.0	39.0	40.0
Zdi-CDup_044-Ex1-10F-lcwgs-1-1.clmp.r1	8.0	14.0	25.0	62.0	79.0	115.0	114.0	166.0	205.0	260.0	311.0	432.0	558.0	788.0	1198.0	1990.0	3568.0	9005.0	47329.0	56384.0
	20.0	21.0	22.0	23.0	24.0	25.0	26.0	27.0	28.0	29.0	30.0	31.0	32.0	33.0	34.0	35.0	36.0	37.0	38.0	39.0	40.0
Zdi-CDup_044-Ex1-10F-lcwgs-1-1.clmp.r2	7.0	50.0	88.0	103.0	157.0	150.0	216.0	225.0	255.0	284.0	301.0	373.0	467.0	543.0	725.0	1139.0	1899.0	3133.0	8118.0	49451.0	54927.0
	21.0	22.0	23.0	24.0	25.0	26.0	27.0	28.0	29.0	30.0	31.0	32.0	33.0	34.0	35.0	36.0	37.0	38.0	39.0	40.0
Zdi-CDup_045-Ex1-10G-lcwgs-1-1.clmp.r1	33.0	114.0	247.0	445.0	609.0	761.0	882.0	1082.0	1283.0	1674.0	2054.0	2702.0	3410.0	5094.0	7895.0	13300.0	23115.0	59843.0	321302.0	392828.0
	20.0	21.0	22.0	23.0	24.0	25.0	26.0	27.0	28.0	29.0	30.0	31.0	32.0	33.0	34.0	35.0	36.0	37.0	38.0	39.0	40.0
Zdi-CDup_045-Ex1-10G-lcwgs-1-1.clmp.r2	49.0	263.0	563.0	779.0	988.0	1261.0	1408.0	1514.0	1647.0	1866.0	2181.0	2452.0	3174.0	3804.0	5331.0	7665.0	12381.0	21417.0	53152.0	341777.0	375001.0
	20.0	21.0	22.0	23.0	24.0	25.0	26.0	27.0	28.0	29.0	30.0	31.0	32.0	33.0	34.0	35.0	36.0	37.0	38.0	39.0	40.0
Zdi-CDup_046-Ex1-10H-lcwgs-1-1.clmp.r1	3.0	13.0	61.0	123.0	194.0	299.0	371.0	452.0	545.0	697.0	792.0	1024.0	1401.0	1862.0	2642.0	4013.0	6784.0	11896.0	30447.0	164521.0	192728.0
	20.0	21.0	22.0	23.0	24.0	25.0	26.0	27.0	28.0	29.0	30.0	31.0	32.0	33.0	34.0	35.0	36.0	37.0	38.0	39.0	40.0
Zdi-CDup_046-Ex1-10H-lcwgs-1-1.clmp.r2	14.0	124.0	304.0	405.0	533.0	665.0	719.0	797.0	853.0	986.0	1143.0	1251.0	1524.0	1955.0	2688.0	3836.0	6436.0	11022.0	27350.0	173023.0	185240.0
	20.0	21.0	22.0	23.0	24.0	25.0	26.0	27.0	28.0	29.0	30.0	31.0	32.0	33.0	34.0	35.0	36.0	37.0	38.0	39.0	40.0
Zdi-CDup_047-Ex1-11A-lcwgs-1-1.clmp.r1	18.0	332.0	1224.0	2592.0	4681.0	6725.0	8546.0	10167.0	12631.0	14780.0	18299.0	22353.0	28527.0	36706.0	52501.0	78673.0	130145.0	222404.0	560128.0	2836746.0	3417399.0
	19.0	20.0	21.0	22.0	23.0	24.0	25.0	26.0	27.0	28.0	29.0	30.0	31.0	32.0	33.0	34.0	35.0	36.0	37.0	38.0	39.0	40.0
Zdi-CDup_047-Ex1-11A-lcwgs-1-1.clmp.r2	1.0	232.0	2289.0	5247.0	7511.0	10162.0	12602.0	14223.0	15354.0	16863.0	18384.0	21328.0	24126.0	30296.0	37462.0	49960.0	70639.0	115280.0	190097.0	455788.0	2873894.0	3493839.0
	21.0	22.0	23.0	24.0	25.0	26.0	27.0	28.0	29.0	30.0	31.0	32.0	33.0	34.0	35.0	36.0	37.0	38.0	39.0	40.0
Zdi-CDup_048-Ex1-11B-lcwgs-1-1.clmp.r1	5.0	19.0	47.0	81.0	125.0	163.0	173.0	245.0	222.0	270.0	373.0	476.0	681.0	908.0	1436.0	2435.0	4164.0	10969.0	54705.0	63389.0
	20.0	21.0	22.0	23.0	24.0	25.0	26.0	27.0	28.0	29.0	30.0	31.0	32.0	33.0	34.0	35.0	36.0	37.0	38.0	39.0	40.0
Zdi-CDup_048-Ex1-11B-lcwgs-1-1.clmp.r2	3.0	36.0	105.0	140.0	194.0	212.0	226.0	225.0	274.0	298.0	346.0	390.0	505.0	594.0	867.0	1281.0	2093.0	3513.0	8573.0	54726.0	66285.0
	21.0	22.0	23.0	24.0	25.0	26.0	27.0	28.0	29.0	30.0	31.0	32.0	33.0	34.0	35.0	36.0	37.0	38.0	39.0	40.0
Zdi-CDup_049-Ex1-11C-lcwgs-1-1.clmp.r1	11.0	24.0	62.0	82.0	148.0	175.0	233.0	239.0	323.0	379.0	460.0	641.0	857.0	1172.0	1748.0	3111.0	5362.0	13588.0	69830.0	80351.0
	20.0	21.0	22.0	23.0	24.0	25.0	26.0	27.0	28.0	29.0	30.0	31.0	32.0	33.0	34.0	35.0	36.0	37.0	38.0	39.0	40.0
Zdi-CDup_049-Ex1-11C-lcwgs-1-1.clmp.r2	4.0	56.0	128.0	147.0	211.0	248.0	275.0	361.0	356.0	380.0	451.0	509.0	680.0	845.0	1146.0	1581.0	2708.0	4608.0	11296.0	70473.0	82333.0
	20.0	21.0	22.0	23.0	24.0	25.0	26.0	27.0	28.0	29.0	30.0	31.0	32.0	33.0	34.0	35.0	36.0	37.0	38.0	39.0	40.0
Zdi-CDup_050-Ex1-11D-lcwgs-1-1.clmp.r1	3.0	12.0	37.0	84.0	145.0	223.0	256.0	308.0	352.0	483.0	544.0	680.0	886.0	1220.0	1684.0	2569.0	4327.0	7741.0	20149.0	99429.0	109591.0
	20.0	21.0	22.0	23.0	24.0	25.0	26.0	27.0	28.0	29.0	30.0	31.0	32.0	33.0	34.0	35.0	36.0	37.0	38.0	39.0	40.0
Zdi-CDup_050-Ex1-11D-lcwgs-1-1.clmp.r2	10.0	57.0	134.0	207.0	303.0	378.0	400.0	443.0	471.0	528.0	604.0	752.0	875.0	1168.0	1554.0	2217.0	3825.0	6565.0	16281.0	99059.0	114892.0
	21.0	22.0	23.0	24.0	25.0	26.0	27.0	28.0	29.0	30.0	31.0	32.0	33.0	34.0	35.0	36.0	37.0	38.0	39.0	40.0
Zdi-CDup_051-Ex1-11E-lcwgs-1-1.clmp.r1	8.0	31.0	56.0	111.0	132.0	181.0	224.0	275.0	343.0	415.0	497.0	643.0	852.0	1185.0	1881.0	3139.0	5538.0	14232.0	73229.0	76039.0
	20.0	21.0	22.0	23.0	24.0	25.0	26.0	27.0	28.0	29.0	30.0	31.0	32.0	33.0	34.0	35.0	36.0	37.0	38.0	39.0	40.0
Zdi-CDup_051-Ex1-11E-lcwgs-1-1.clmp.r2	6.0	69.0	118.0	168.0	202.0	231.0	299.0	324.0	367.0	434.0	496.0	539.0	721.0	855.0	1160.0	1687.0	2878.0	4973.0	12268.0	74696.0	76520.0
	21.0	22.0	23.0	24.0	25.0	26.0	27.0	28.0	29.0	30.0	31.0	32.0	33.0	34.0	35.0	36.0	37.0	38.0	39.0	40.0
Zdi-CDup_053-Ex1-11F-lcwgs-1-1.clmp.r1	6.0	8.0	23.0	40.0	47.0	50.0	64.0	85.0	89.0	115.0	149.0	210.0	279.0	387.0	595.0	1038.0	1767.0	4486.0	23386.0	24854.0
	20.0	21.0	22.0	23.0	24.0	25.0	26.0	27.0	28.0	29.0	30.0	31.0	32.0	33.0	34.0	35.0	36.0	37.0	38.0	39.0	40.0
Zdi-CDup_053-Ex1-11F-lcwgs-1-1.clmp.r2	3.0	18.0	49.0	51.0	75.0	96.0	98.0	104.0	101.0	135.0	147.0	188.0	205.0	265.0	343.0	506.0	832.0	1492.0	3708.0	23515.0	25747.0
	21.0	22.0	23.0	24.0	25.0	26.0	27.0	28.0	29.0	30.0	31.0	32.0	33.0	34.0	35.0	36.0	37.0	38.0	39.0	40.0
Zdi-CDup_054-Ex1-11G-lcwgs-1-1.clmp.r1	13.0	55.0	128.0	212.0	297.0	403.0	505.0	677.0	784.0	991.0	1205.0	1630.0	2130.0	3057.0	4579.0	7815.0	13352.0	34538.0	162058.0	231805.0
	20.0	21.0	22.0	23.0	24.0	25.0	26.0	27.0	28.0	29.0	30.0	31.0	32.0	33.0	34.0	35.0	36.0	37.0	38.0	39.0	40.0
Zdi-CDup_054-Ex1-11G-lcwgs-1-1.clmp.r2	14.0	110.0	269.0	390.0	547.0	609.0	791.0	773.0	864.0	962.0	1096.0	1303.0	1576.0	1949.0	2795.0	3963.0	6521.0	10727.0	26434.0	160679.0	243862.0
	21.0	22.0	23.0	24.0	25.0	26.0	27.0	28.0	29.0	30.0	31.0	32.0	33.0	34.0	35.0	36.0	37.0	38.0	39.0	40.0
Zdi-CDup_055-Ex1-11H-lcwgs-1-1.clmp.r1	2.0	11.0	20.0	33.0	47.0	60.0	70.0	86.0	114.0	100.0	172.0	215.0	295.0	406.0	613.0	1042.0	1902.0	4917.0	24220.0	23683.0
	20.0	21.0	22.0	23.0	24.0	25.0	26.0	27.0	28.0	29.0	30.0	31.0	32.0	33.0	34.0	35.0	36.0	37.0	38.0	39.0	40.0
Zdi-CDup_055-Ex1-11H-lcwgs-1-1.clmp.r2	2.0	24.0	39.0	56.0	63.0	85.0	109.0	120.0	112.0	137.0	140.0	172.0	220.0	263.0	353.0	539.0	918.0	1624.0	4090.0	24261.0	24681.0
	20.0	21.0	22.0	23.0	24.0	25.0	26.0	27.0	28.0	29.0	30.0	31.0	32.0	33.0	34.0	35.0	36.0	37.0	38.0	39.0	40.0
Zdi-CDup_056-Ex1-12A-lcwgs-1-1.clmp.r1	34.0	405.0	1059.0	1911.0	3426.0	4660.0	5925.0	6939.0	8381.0	9595.0	11692.0	13866.0	17913.0	22934.0	32232.0	47419.0	77830.0	133957.0	326617.0	2004906.0	1731557.0
	19.0	20.0	21.0	22.0	23.0	24.0	25.0	26.0	27.0	28.0	29.0	30.0	31.0	32.0	33.0	34.0	35.0	36.0	37.0	38.0	39.0	40.0
Zdi-CDup_056-Ex1-12A-lcwgs-1-1.clmp.r2	3.0	420.0	2617.0	4459.0	5619.0	7452.0	9019.0	10443.0	11243.0	12823.0	14023.0	16058.0	18169.0	22664.0	27616.0	36330.0	51051.0	81731.0	137541.0	332432.0	2204133.0	1457412.0
	20.0	21.0	22.0	23.0	24.0	25.0	26.0	27.0	28.0	29.0	30.0	31.0	32.0	33.0	34.0	35.0	36.0	37.0	38.0	39.0	40.0
Zdi-CDup_057-Ex1-12B-lcwgs-1-1.clmp.r1	4.0	59.0	157.0	330.0	590.0	856.0	1102.0	1245.0	1450.0	1763.0	2149.0	2549.0	3269.0	4161.0	5923.0	8638.0	14126.0	24118.0	59422.0	337222.0	359404.0
	19.0	20.0	21.0	22.0	23.0	24.0	25.0	26.0	27.0	28.0	29.0	30.0	31.0	32.0	33.0	34.0	35.0	36.0	37.0	38.0	39.0	40.0
Zdi-CDup_057-Ex1-12B-lcwgs-1-1.clmp.r2	1.0	53.0	346.0	697.0	882.0	1260.0	1505.0	1780.0	1856.0	2146.0	2320.0	2647.0	2979.0	3675.0	4445.0	5865.0	8235.0	13203.0	22262.0	52547.0	348669.0	351164.0
	20.0	21.0	22.0	23.0	24.0	25.0	26.0	27.0	28.0	29.0	30.0	31.0	32.0	33.0	34.0	35.0	36.0	37.0	38.0	39.0	40.0
Zdi-CDup_058-Ex1-12C-lcwgs-1-1.clmp.r1	18.0	213.0	669.0	1402.0	2328.0	3308.0	4250.0	4919.0	6249.0	7386.0	9124.0	11022.0	14470.0	18658.0	26561.0	39150.0	65298.0	110721.0	278832.0	1470874.0	2009891.0
	20.0	21.0	22.0	23.0	24.0	25.0	26.0	27.0	28.0	29.0	30.0	31.0	32.0	33.0	34.0	35.0	36.0	37.0	38.0	39.0	40.0
Zdi-CDup_058-Ex1-12C-lcwgs-1-1.clmp.r2	141.0	1229.0	2567.0	3665.0	5001.0	5954.0	6799.0	7185.0	8159.0	8800.0	10247.0	11570.0	14546.0	17834.0	24125.0	34308.0	55972.0	93280.0	221424.0	1480697.0	2071840.0
	20.0	21.0	22.0	23.0	24.0	25.0	26.0	27.0	28.0	29.0	30.0	31.0	32.0	33.0	34.0	35.0	36.0	37.0	38.0	39.0	40.0
Zdi-CDup_059-Ex1-12D-lcwgs-1-1.clmp.r1	4.0	62.0	210.0	325.0	516.0	706.0	897.0	1045.0	1171.0	1397.0	1758.0	2089.0	2716.0	3385.0	4686.0	6960.0	11876.0	20313.0	50682.0	301856.0	256255.0
	19.0	20.0	21.0	22.0	23.0	24.0	25.0	26.0	27.0	28.0	29.0	30.0	31.0	32.0	33.0	34.0	35.0	36.0	37.0	38.0	39.0	40.0
Zdi-CDup_059-Ex1-12D-lcwgs-1-1.clmp.r2	1.0	61.0	366.0	661.0	802.0	1123.0	1328.0	1532.0	1571.0	1823.0	2007.0	2327.0	2589.0	3184.0	3846.0	5077.0	7238.0	11797.0	19884.0	48835.0	321890.0	230967.0
	20.0	21.0	22.0	23.0	24.0	25.0	26.0	27.0	28.0	29.0	30.0	31.0	32.0	33.0	34.0	35.0	36.0	37.0	38.0	39.0	40.0
Zdi-CDup_060-Ex1-12E-lcwgs-1-1.clmp.r1	1.0	8.0	26.0	55.0	94.0	125.0	168.0	204.0	230.0	286.0	345.0	378.0	561.0	719.0	962.0	1519.0	2566.0	4659.0	11821.0	61560.0	58672.0
	20.0	21.0	22.0	23.0	24.0	25.0	26.0	27.0	28.0	29.0	30.0	31.0	32.0	33.0	34.0	35.0	36.0	37.0	38.0	39.0	40.0
Zdi-CDup_060-Ex1-12E-lcwgs-1-1.clmp.r2	5.0	52.0	115.0	145.0	175.0	251.0	283.0	274.0	309.0	352.0	402.0	497.0	598.0	649.0	958.0	1377.0	2292.0	4128.0	10256.0	62658.0	59183.0
	20.0	21.0	22.0	23.0	24.0	25.0	26.0	27.0	28.0	29.0	30.0	31.0	32.0	33.0	34.0	35.0	36.0	37.0	38.0	39.0	40.0
Zdi-CDup_061-Ex1-12F-lcwgs-1-1.clmp.r1	5.0	85.0	253.0	515.0	879.0	1215.0	1510.0	1981.0	2327.0	2843.0	3541.0	4313.0	5613.0	7294.0	10416.0	15274.0	25613.0	43665.0	109942.0	554379.0	784289.0
	20.0	21.0	22.0	23.0	24.0	25.0	26.0	27.0	28.0	29.0	30.0	31.0	32.0	33.0	34.0	35.0	36.0	37.0	38.0	39.0	40.0
Zdi-CDup_061-Ex1-12F-lcwgs-1-1.clmp.r2	54.0	390.0	937.0	1253.0	1800.0	2177.0	2464.0	2561.0	2856.0	3175.0	3687.0	4188.0	5293.0	6465.0	8885.0	12844.0	20791.0	34849.0	81998.0	534369.0	844916.0
	21.0	22.0	23.0	24.0	25.0	26.0	27.0	28.0	29.0	30.0	31.0	32.0	33.0	34.0	35.0	36.0	37.0	38.0	39.0	40.0
Zdi-CDup_062-Ex1-12G-lcwgs-1-1.clmp.r1	10.0	32.0	43.0	83.0	144.0	181.0	210.0	275.0	319.0	389.0	451.0	608.0	772.0	1183.0	1781.0	3026.0	5245.0	13457.0	69688.0	78841.0
	19.0	20.0	21.0	22.0	23.0	24.0	25.0	26.0	27.0	28.0	29.0	30.0	31.0	32.0	33.0	34.0	35.0	36.0	37.0	38.0	39.0	40.0
Zdi-CDup_062-Ex1-12G-lcwgs-1-1.clmp.r2	1.0	3.0	51.0	121.0	161.0	204.0	273.0	313.0	302.0	357.0	365.0	403.0	490.0	646.0	784.0	1085.0	1524.0	2570.0	4457.0	11078.0	70711.0	80839.0
	20.0	21.0	22.0	23.0	24.0	25.0	26.0	27.0	28.0	29.0	30.0	31.0	32.0	33.0	34.0	35.0	36.0	37.0	38.0	39.0	40.0
Zdi-CDup_064-Ex1-5A-lcwgs-1-1.clmp.r1	11.0	123.0	330.0	658.0	1054.0	1467.0	1812.0	2088.0	2549.0	2928.0	3591.0	4192.0	5478.0	7071.0	9922.0	14324.0	24148.0	41479.0	101707.0	650619.0	593578.0
	19.0	20.0	21.0	22.0	23.0	24.0	25.0	26.0	27.0	28.0	29.0	30.0	31.0	32.0	33.0	34.0	35.0	36.0	37.0	38.0	39.0	40.0
Zdi-CDup_064-Ex1-5A-lcwgs-1-1.clmp.r2	1.0	88.0	671.0	1184.0	1522.0	2109.0	2574.0	2889.0	3209.0	3692.0	4152.0	4734.0	5400.0	6585.0	8086.0	10772.0	14749.0	24274.0	41602.0	101386.0	725023.0	504427.0
	20.0	21.0	22.0	23.0	24.0	25.0	26.0	27.0	28.0	29.0	30.0	31.0	32.0	33.0	34.0	35.0	36.0	37.0	38.0	39.0	40.0
Zdi-CDup_065-Ex1-5B-lcwgs-1-1.clmp.r1	1.0	25.0	74.0	100.0	217.0	306.0	339.0	420.0	533.0	616.0	747.0	856.0	1064.0	1407.0	2112.0	2915.0	5029.0	8330.0	20759.0	120578.0	136597.0
	19.0	20.0	21.0	22.0	23.0	24.0	25.0	26.0	27.0	28.0	29.0	30.0	31.0	32.0	33.0	34.0	35.0	36.0	37.0	38.0	39.0	40.0
Zdi-CDup_065-Ex1-5B-lcwgs-1-1.clmp.r2	1.0	11.0	110.0	183.0	276.0	424.0	498.0	538.0	579.0	651.0	735.0	878.0	953.0	1231.0	1445.0	1999.0	2757.0	4536.0	7604.0	17928.0	125346.0	134342.0
	20.0	21.0	22.0	23.0	24.0	25.0	26.0	27.0	28.0	29.0	30.0	31.0	32.0	33.0	34.0	35.0	36.0	37.0	38.0	39.0	40.0
Zdi-CDup_066-Ex1-5C-lcwgs-1-1.clmp.r1	18.0	150.0	613.0	1097.0	2038.0	2793.0	3575.0	4370.0	5410.0	6222.0	7633.0	9139.0	11874.0	14497.0	20300.0	28910.0	46793.0	77127.0	184413.0	969545.0	1228913.0
	20.0	21.0	22.0	23.0	24.0	25.0	26.0	27.0	28.0	29.0	30.0	31.0	32.0	33.0	34.0	35.0	36.0	37.0	38.0	39.0	40.0
Zdi-CDup_066-Ex1-5C-lcwgs-1-1.clmp.r2	110.0	1033.0	2172.0	2993.0	4090.0	5070.0	6006.0	6400.0	7057.0	7576.0	8987.0	10132.0	12490.0	14782.0	19989.0	27482.0	43526.0	70273.0	158759.0	1006721.0	1209782.0
	20.0	21.0	22.0	23.0	24.0	25.0	26.0	27.0	28.0	29.0	30.0	31.0	32.0	33.0	34.0	35.0	36.0	37.0	38.0	39.0	40.0
Zdi-CDup_071-Ex1-12H-lcwgs-1-1.clmp.r1	2.0	26.0	58.0	128.0	184.0	303.0	361.0	402.0	441.0	593.0	729.0	892.0	1148.0	1536.0	2087.0	3052.0	5118.0	8753.0	22041.0	123006.0	128347.0
	20.0	21.0	22.0	23.0	24.0	25.0	26.0	27.0	28.0	29.0	30.0	31.0	32.0	33.0	34.0	35.0	36.0	37.0	38.0	39.0	40.0
Zdi-CDup_071-Ex1-12H-lcwgs-1-1.clmp.r2	17.0	127.0	244.0	311.0	454.0	519.0	630.0	620.0	688.0	772.0	894.0	1039.0	1282.0	1489.0	2016.0	2860.0	4624.0	8064.0	19357.0	127410.0	125790.0

