Sample	1	2	3	4	5	6	7	8	9	10	11	12	13	14	15	16	17	18	19	20	21	22	23	24	25	26	27	28	29	30	31
Zdi-ADup_001-Ex1-11B-lcwgs-1-2.clmp.r1r2_fastp	99.45081415633345	0.5455854681988265	0.0033432057914611095	8.572322542207973e-05	8.572322542207973e-05	0.0	4.2861612711039865e-05	0.0	0.0	4.2861612711039865e-05	0.0	0.0	0.0	0.0	0.0	0.0	0.0	0.0	0.0	0.0	0.0	0.0	0.0	0.0	0.0	0.0	0.0	0.0	0.0	0.0	0.0
Zdi-ADup_002-Ex1-9G-lcwgs-1-2.clmp.r1r2_fastp	99.72552875360778	0.27373932306851534	0.0007319233237126078	0.0	0.0	0.0	0.0	0.0	0.0	0.0	0.0	0.0	0.0	0.0	0.0	0.0	0.0	0.0	0.0	0.0	0.0	0.0	0.0	0.0	0.0	0.0	0.0	0.0	0.0	0.0	0.0
Zdi-ADup_003-Ex1-9H-lcwgs-1-2.clmp.r1r2_fastp	99.6834401644294	0.31456540888517087	0.00144041927280987	0.0	0.00011080148252383618	0.0	0.0	0.0	0.00022160296504767236	0.00011080148252383618	0.0	0.0	0.0	0.0	0.00011080148252383618	0.0	0.0	0.0	0.0	0.0	0.0	0.0	0.0	0.0	0.0	0.0	0.0	0.0	0.0	0.0	0.0
Zdi-ADup_004-Ex1-10A-lcwgs-1-2.clmp.r1r2_fastp	99.54213514090135	0.4540998671097273	0.003625547841195427	0.0	0.00013944414773828565	0.0	0.0	0.0	0.0	0.0	0.0	0.0	0.0	0.0	0.0	0.0	0.0	0.0	0.0	0.0	0.0	0.0	0.0	0.0	0.0	0.0	0.0	0.0	0.0	0.0	0.0
Zdi-ADup_005-Ex1-10B-lcwgs-1-2.clmp.r1r2_fastp	99.91368380266967	0.08574075601480036	0.0005754413155355728	0.0	0.0	0.0	0.0	0.0	0.0	0.0	0.0	0.0	0.0	0.0	0.0	0.0	0.0	0.0	0.0	0.0	0.0	0.0	0.0	0.0	0.0	0.0	0.0	0.0	0.0	0.0	0.0
Zdi-ADup_006-Ex1-10C-lcwgs-1-2.clmp.r1r2_fastp	99.60288402394411	0.3948035771269831	0.002004079071710574	0.00015415992859312108	0.00015415992859312108	0.0	0.0	0.0	0.0	0.0	0.0	0.0	0.0	0.0	0.0	0.0	0.0	0.0	0.0	0.0	0.0	0.0	0.0	0.0	0.0	0.0	0.0	0.0	0.0	0.0	0.0
Zdi-ADup_007-Ex1-10D-lcwgs-1-2.clmp.r1r2_fastp	99.71001593736489	0.28727054988431394	0.001989909350584038	0.0001809008500530944	0.0001809008500530944	0.0	0.0001809008500530944	0.0	0.0	0.0001809008500530944	0.0	0.0	0.0	0.0	0.0	0.0	0.0	0.0	0.0	0.0	0.0	0.0	0.0	0.0	0.0	0.0	0.0	0.0	0.0	0.0	0.0
Zdi-ADup_008-Ex1-10E-lcwgs-1-2.clmp.r1r2_fastp	99.92822966507177	0.07177033492822966	0.0	0.0	0.0	0.0	0.0	0.0	0.0	0.0	0.0	0.0	0.0	0.0	0.0	0.0	0.0	0.0	0.0	0.0	0.0	0.0	0.0	0.0	0.0	0.0	0.0	0.0	0.0	0.0	0.0
Zdi-ADup_009-Ex1-10F-lcwgs-1-2.clmp.r1r2_fastp	99.61453416647859	0.3836461056537956	0.0017406092646697262	3.955930146976651e-05	1.9779650734883254e-05	0.0	1.9779650734883254e-05	0.0	0.0	0.0	0.0	0.0	0.0	0.0	0.0	0.0	0.0	0.0	0.0	0.0	0.0	0.0	0.0	0.0	0.0	0.0	0.0	0.0	0.0	0.0	0.0
Zdi-ADup_010-Ex1-10G-lcwgs-1-2.clmp.r1r2_fastp	99.64497567674896	0.3535765106889933	0.0008273214640280627	0.00015512277450526176	5.170759150175392e-05	0.0	5.170759150175392e-05	0.0	0.0	5.170759150175392e-05	0.0	0.00010341518300350784	0.0	5.170759150175392e-05	0.0	0.0	0.0	0.0	0.0	0.0	5.170759150175392e-05	0.0	0.0	0.0	0.0	0.00010341518300350784	0.0	0.0	0.0	0.0	0.0
Zdi-ADup_011-Ex1-10H-lcwgs-1-2.clmp.r1r2_fastp	99.68961462881198	0.3087409453803968	0.001644425807618625	0.0	0.0	0.0	0.0	0.0	0.0	0.0	0.0	0.0	0.0	0.0	0.0	0.0	0.0	0.0	0.0	0.0	0.0	0.0	0.0	0.0	0.0	0.0	0.0	0.0	0.0	0.0	0.0
Zdi-ADup_012-Ex1-11A-lcwgs-1-2.clmp.r1r2_fastp	92.99926994170114	6.52854104726334	0.4337604350724239	0.03381545395871467	0.004020610921248929	0.0002962555415657105	0.00016928888089469174	0.0	0.0	0.0	0.0	0.0	4.2322220223672935e-05	0.0	0.0	0.0	0.0	0.0	0.0	0.0	0.0	0.0	0.0	0.0	0.0	0.0	0.0	0.0	0.0	0.0	8.464444044734587e-05
Zdi-ADup_013-Ex1-12F-lcwgs-1-2.clmp.r1r2_fastp	99.81539131996216	0.18400340567707	0.0006052743607798355	0.0	0.0	0.0	0.0	0.0	0.0	0.0	0.0	0.0	0.0	0.0	0.0	0.0	0.0	0.0	0.0	0.0	0.0	0.0	0.0	0.0	0.0	0.0	0.0	0.0	0.0	0.0	0.0
Zdi-ADup_014-Ex1-11C-lcwgs-1-2.clmp.r1r2_fastp	99.55876741079946	0.43745627424791705	0.003180054696940788	9.937670927939962e-05	0.00019875341855879925	0.00019875341855879925	9.937670927939962e-05	0.0	0.0	0.0	0.0	0.0	0.0	0.0	0.0	0.0	0.0	0.0	0.0	0.0	0.0	0.0	0.0	0.0	0.0	0.0	0.0	0.0	0.0	0.0	0.0
Zdi-ADup_015-Ex1-11D-lcwgs-1-2.clmp.r1r2_fastp	99.77286954516251	0.2250712485379635	0.001441444409666738	0.00020592062995239118	0.0	0.00020592062995239118	0.0	0.0	0.00020592062995239118	0.0	0.0	0.0	0.0	0.0	0.0	0.0	0.0	0.0	0.0	0.0	0.0	0.0	0.0	0.0	0.0	0.0	0.0	0.0	0.0	0.0	0.0
Zdi-ADup_016-Ex1-11E-lcwgs-1-2.clmp.r1r2_fastp	99.72210043211855	0.2772451732945932	0.0006543945868479775	0.0	0.0	0.0	0.0	0.0	0.0	0.0	0.0	0.0	0.0	0.0	0.0	0.0	0.0	0.0	0.0	0.0	0.0	0.0	0.0	0.0	0.0	0.0	0.0	0.0	0.0	0.0	0.0
Zdi-ADup_017-Ex1-11F-lcwgs-1-2.clmp.r1r2_fastp	99.73892228492666	0.2604645687251216	0.0004905170785783835	0.00012262926964459587	0.0	0.0	0.0	0.0	0.0	0.0	0.0	0.0	0.0	0.0	0.0	0.0	0.0	0.0	0.0	0.0	0.0	0.0	0.0	0.0	0.0	0.0	0.0	0.0	0.0	0.0	0.0
Zdi-ADup_018-Ex1-11G-lcwgs-1-2.clmp.r1r2_fastp	99.654028571157	0.3446553921314165	0.0011698104102890673	0.00014622630128613342	0.0	0.0	0.0	0.0	0.0	0.0	0.0	0.0	0.0	0.0	0.0	0.0	0.0	0.0	0.0	0.0	0.0	0.0	0.0	0.0	0.0	0.0	0.0	0.0	0.0	0.0	0.0
Zdi-ADup_019-Ex1-11H-lcwgs-1-2.clmp.r1r2_fastp	99.66469712619237	0.33416367944589587	0.0011391943617473723	0.0	0.0	0.0	0.0	0.0	0.0	0.0	0.0	0.0	0.0	0.0	0.0	0.0	0.0	0.0	0.0	0.0	0.0	0.0	0.0	0.0	0.0	0.0	0.0	0.0	0.0	0.0	0.0
Zdi-ADup_020-Ex1-12A-lcwgs-1-2.clmp.r1r2_fastp	99.532284897385	0.4638740916609252	0.0036729667248419787	3.60094776945292e-05	6.001579615754866e-05	1.2003159231509734e-05	1.2003159231509734e-05	1.2003159231509734e-05	0.0	0.0	0.0	0.0	0.0	0.0	0.0	0.0	0.0	0.0	0.0	0.0	1.2003159231509734e-05	0.0	0.0	0.0	0.0	0.0	0.0	0.0	0.0	0.0	2.4006318463019468e-05
Zdi-ADup_021-Ex1-12B-lcwgs-1-2.clmp.r1r2_fastp	95.49905247780126	4.229770225786407	0.24762994027358798	0.02118039982651754	0.002013199254691767	0.0002637098065251197	4.5023625504288724e-05	1.9295839501838025e-05	0.0	6.431946500612675e-06	1.286389300122535e-05	0.0	0.0	0.0	0.0	0.0	0.0	0.0	0.0	0.0	0.0	0.0	0.0	0.0	0.0	0.0	0.0	0.0	0.0	0.0	6.431946500612675e-06
Zdi-ADup_022-Ex1-12C-lcwgs-1-2.clmp.r1r2_fastp	99.7032042295997	0.29429994051605446	0.0018718724131763177	0.00020798582368625754	0.00020798582368625754	0.00020798582368625754	0.0	0.0	0.0	0.0	0.0	0.0	0.0	0.0	0.0	0.0	0.0	0.0	0.0	0.0	0.0	0.0	0.0	0.0	0.0	0.0	0.0	0.0	0.0	0.0	0.0
Zdi-ADup_023-Ex1-12D-lcwgs-1-2.clmp.r1r2_fastp	99.72492957932741	0.2734173532406734	0.0013224539455413465	0.00033061348638533663	0.0	0.0	0.0	0.0	0.0	0.0	0.0	0.0	0.0	0.0	0.0	0.0	0.0	0.0	0.0	0.0	0.0	0.0	0.0	0.0	0.0	0.0	0.0	0.0	0.0	0.0	0.0
Zdi-ADup_024-Ex1-12E-lcwgs-1-2.clmp.r1r2_fastp	99.70300572747331	0.29488928734769954	0.0017222606009924047	0.0001913622889991561	0.0	0.0001913622889991561	0.0	0.0	0.0	0.0	0.0	0.0	0.0	0.0	0.0	0.0	0.0	0.0	0.0	0.0	0.0	0.0	0.0	0.0	0.0	0.0	0.0	0.0	0.0	0.0	0.0
Zdi-ADup_025-Ex1-2A-lcwgs-1-2.clmp.r1r2_fastp	99.57237571805301	0.4240099283381596	0.0034087979533508573	6.851855182614787e-05	1.7129637956536968e-05	1.7129637956536968e-05	0.0	0.0	0.0	0.0	0.0	0.0	0.0	0.0	1.7129637956536968e-05	0.0	1.7129637956536968e-05	0.0	0.0	0.0	0.0	0.0	0.0	0.0	0.0	0.0	0.0	0.0	0.0	0.0	6.851855182614787e-05
Zdi-ADup_026-Ex1-12G-lcwgs-1-2.clmp.r1r2_fastp	99.84930165014693	0.15001335735373697	0.0002283308331107108	0.0002283308331107108	0.0002283308331107108	0.0	0.0	0.0	0.0	0.0	0.0	0.0	0.0	0.0	0.0	0.0	0.0	0.0	0.0	0.0	0.0	0.0	0.0	0.0	0.0	0.0	0.0	0.0	0.0	0.0	0.0
Zdi-ADup_027-Ex1-12H-lcwgs-1-2.clmp.r1r2_fastp	99.60271444247903	0.3950670100669075	0.0018874209683860297	9.93379457045279e-05	6.622529713635192e-05	3.311264856817596e-05	0.0	0.0	0.0	0.0	0.0	0.0	3.311264856817596e-05	3.311264856817596e-05	0.0	3.311264856817596e-05	0.0	0.0	0.0	0.0	0.0	0.0	0.0	0.0	0.0	0.0	0.0	0.0	0.0	0.0	3.311264856817596e-05
Zdi-ADup_028-Ex1-9F-lcwgs-1-2.clmp.r1r2_fastp	99.77515162574345	0.22330196177886918	0.0003092824955386	0.0009278474866158	0.0003092824955386	0.0	0.0	0.0	0.0	0.0	0.0	0.0	0.0	0.0	0.0	0.0	0.0	0.0	0.0	0.0	0.0	0.0	0.0	0.0	0.0	0.0	0.0	0.0	0.0	0.0	0.0
Zdi-ADup_029-Ex1-1A-lcwgs-1-2.clmp.r1r2_fastp	99.6587125802722	0.3389657366004058	0.00232168312740004	0.0	0.0	0.0	0.0	0.0	0.0	0.0	0.0	0.0	0.0	0.0	0.0	0.0	0.0	0.0	0.0	0.0	0.0	0.0	0.0	0.0	0.0	0.0	0.0	0.0	0.0	0.0	0.0
Zdi-ADup_030-Ex1-1B-lcwgs-1-2.clmp.r1r2_fastp	99.7174842292703	0.281135400514418	0.0009202468101944942	0.0	0.0	0.0004601234050972471	0.0	0.0	0.0	0.0	0.0	0.0	0.0	0.0	0.0	0.0	0.0	0.0	0.0	0.0	0.0	0.0	0.0	0.0	0.0	0.0	0.0	0.0	0.0	0.0	0.0
Zdi-ADup_031-Ex1-1C-lcwgs-1-2.clmp.r1r2_fastp	99.80858967969918	0.19141032030082	0.0	0.0	0.0	0.0	0.0	0.0	0.0	0.0	0.0	0.0	0.0	0.0	0.0	0.0	0.0	0.0	0.0	0.0	0.0	0.0	0.0	0.0	0.0	0.0	0.0	0.0	0.0	0.0	0.0
Zdi-ADup_032-Ex1-1D-lcwgs-1-2.clmp.r1r2_fastp	99.1632976942154	0.8270651148247037	0.0090132001783227	0.00027732923625608304	0.00013866461812804152	0.00013866461812804152	6.933230906402076e-05	0.0	0.0	0.0	0.0	0.0	0.0	0.0	0.0	0.0	0.0	0.0	0.0	0.0	0.0	0.0	0.0	0.0	0.0	0.0	0.0	0.0	0.0	0.0	0.0
Zdi-ADup_033-Ex1-1E-lcwgs-1-2.clmp.r1r2_fastp	99.83806383229302	0.16193616770698388	0.0	0.0	0.0	0.0	0.0	0.0	0.0	0.0	0.0	0.0	0.0	0.0	0.0	0.0	0.0	0.0	0.0	0.0	0.0	0.0	0.0	0.0	0.0	0.0	0.0	0.0	0.0	0.0	0.0
Zdi-ADup_034-Ex1-1F-lcwgs-1-2.clmp.r1r2_fastp	99.7659987381502	0.2332026227308666	0.0007986391189413239	0.0	0.0	0.0	0.0	0.0	0.0	0.0	0.0	0.0	0.0	0.0	0.0	0.0	0.0	0.0	0.0	0.0	0.0	0.0	0.0	0.0	0.0	0.0	0.0	0.0	0.0	0.0	0.0
Zdi-ADup_035-Ex1-1G-lcwgs-1-2.clmp.r1r2_fastp	99.83563744399454	0.161966600378561	0.001437573376141074	0.0004791911253803579	0.0004791911253803579	0.0	0.0	0.0	0.0	0.0	0.0	0.0	0.0	0.0	0.0	0.0	0.0	0.0	0.0	0.0	0.0	0.0	0.0	0.0	0.0	0.0	0.0	0.0	0.0	0.0	0.0
Zdi-ADup_036-Ex1-1H-lcwgs-1-2.clmp.r1r2_fastp	99.80441231808595	0.19471256924329008	0.0008751126707563598	0.0	0.0	0.0	0.0	0.0	0.0	0.0	0.0	0.0	0.0	0.0	0.0	0.0	0.0	0.0	0.0	0.0	0.0	0.0	0.0	0.0	0.0	0.0	0.0	0.0	0.0	0.0	0.0
Zdi-ADup_037-Ex1-3D-lcwgs-1-2.clmp.r1r2_fastp	93.98954243845587	5.533481440842436	0.422218556400408	0.04645105091997848	0.006857838755037066	0.0011916517087117216	0.00017524289833995908	1.1682859889330604e-05	2.3365719778661208e-05	0.0	1.1682859889330604e-05	0.0	0.0	0.0	1.1682859889330604e-05	0.0	0.0	0.0	0.0	0.0	0.0	0.0	0.0	0.0	0.0	0.0	0.0	0.0	0.0	0.0	2.3365719778661208e-05
Zdi-ADup_038-Ex1-2B-lcwgs-1-2.clmp.r1r2_fastp	99.9071911105499	0.09196708546414967	0.0008418039859418734	0.0	0.0	0.0	0.0	0.0	0.0	0.0	0.0	0.0	0.0	0.0	0.0	0.0	0.0	0.0	0.0	0.0	0.0	0.0	0.0	0.0	0.0	0.0	0.0	0.0	0.0	0.0	0.0
Zdi-ADup_039-Ex1-2C-lcwgs-1-2.clmp.r1r2_fastp	98.9904745367642	0.992092491345323	0.016835007155453007	0.0005404681258922754	2.2998643654990447e-05	1.1499321827495224e-05	0.0	0.0	0.0	0.0	0.0	0.0	0.0	0.0	0.0	1.1499321827495224e-05	0.0	0.0	0.0	0.0	0.0	0.0	0.0	0.0	0.0	0.0	0.0	0.0	0.0	0.0	1.1499321827495224e-05
Zdi-ADup_040-Ex1-2D-lcwgs-1-2.clmp.r1r2_fastp	98.01936525478287	1.9103326005792582	0.06597187050079957	0.0039366128518887825	0.0002976463375818347	3.840597904281739e-05	9.601494760704347e-06	0.0	0.0	9.601494760704347e-06	0.0	9.601494760704347e-06	0.0	0.0	0.0	0.0	0.0	0.0	0.0	0.0	0.0	0.0	0.0	0.0	0.0	0.0	9.601494760704347e-06	0.0	0.0	0.0	1.9202989521408694e-05
Zdi-ADup_041-Ex1-2E-lcwgs-1-2.clmp.r1r2_fastp	99.03195993430013	0.9518955752466652	0.015487765417817361	0.0005883161775319315	0.0	2.736354314102007e-05	1.3681771570510035e-05	0.0	0.0	0.0	1.3681771570510035e-05	0.0	0.0	0.0	0.0	0.0	0.0	0.0	0.0	0.0	0.0	0.0	0.0	1.3681771570510035e-05	0.0	0.0	0.0	0.0	0.0	0.0	0.0
Zdi-ADup_042-Ex1-2F-lcwgs-1-2.clmp.r1r2_fastp	99.62123129771652	0.37685479360038326	0.00160521373420871	0.0002469559591090323	0.0	0.0	0.0	6.173898977725808e-05	0.0	0.0	0.0	0.0	0.0	0.0	0.0	0.0	0.0	0.0	0.0	0.0	0.0	0.0	0.0	0.0	0.0	0.0	0.0	0.0	0.0	0.0	0.0
Zdi-ADup_043-Ex1-2G-lcwgs-1-2.clmp.r1r2_fastp	99.85207724422501	0.1463007957335963	0.0012975680331139363	0.0	0.0003243920082784841	0.0	0.0	0.0	0.0	0.0	0.0	0.0	0.0	0.0	0.0	0.0	0.0	0.0	0.0	0.0	0.0	0.0	0.0	0.0	0.0	0.0	0.0	0.0	0.0	0.0	0.0
Zdi-ADup_044-Ex1-2H-lcwgs-1-2.clmp.r1r2_fastp	99.75842191912723	0.24007359104527654	0.0010746355910710677	0.0	0.0003223906773213203	0.0	0.0	0.00010746355910710679	0.0	0.0	0.0	0.0	0.0	0.0	0.0	0.0	0.0	0.0	0.0	0.0	0.0	0.0	0.0	0.0	0.0	0.0	0.0	0.0	0.0	0.0	0.0
Zdi-ADup_045-Ex1-3A-lcwgs-1-2.clmp.r1r2_fastp	99.90335665917868	0.09632011894565023	0.00032322187565654445	0.0	0.0	0.0	0.0	0.0	0.0	0.0	0.0	0.0	0.0	0.0	0.0	0.0	0.0	0.0	0.0	0.0	0.0	0.0	0.0	0.0	0.0	0.0	0.0	0.0	0.0	0.0	0.0
Zdi-ADup_046-Ex1-3B-lcwgs-1-2.clmp.r1r2_fastp	99.95857761916899	0.04036026850199677	0.001062112328999915	0.0	0.0	0.0	0.0	0.0	0.0	0.0	0.0	0.0	0.0	0.0	0.0	0.0	0.0	0.0	0.0	0.0	0.0	0.0	0.0	0.0	0.0	0.0	0.0	0.0	0.0	0.0	0.0
Zdi-ADup_047-Ex1-3C-lcwgs-1-2.clmp.r1r2_fastp	99.30861857208487	0.6828369008433697	0.008181894623090033	0.00018131622433440513	4.5329056083601284e-05	2.2664528041800642e-05	0.0	0.0	0.0	0.0	2.2664528041800642e-05	0.0	0.0	0.0	0.0	0.0	0.0	0.0	0.0	0.0	0.0	0.0	2.2664528041800642e-05	0.0	0.0	0.0	0.0	0.0	0.0	0.0	6.799358412540194e-05
Zdi-CDup_001-Ex1-5D-lcwgs-1-2.clmp.r1r2_fastp	99.6850826446281	0.31072314049586774	0.0029545454545454545	0.0001859504132231405	0.00024793388429752067	0.00012396694214876033	6.198347107438017e-05	8.264462809917355e-05	0.00010330578512396694	4.132231404958677e-05	0.0	2.0661157024793387e-05	2.0661157024793387e-05	4.132231404958677e-05	4.132231404958677e-05	2.0661157024793387e-05	0.0	4.132231404958677e-05	0.0	4.132231404958677e-05	0.0	0.0	0.0	2.0661157024793387e-05	0.0	4.132231404958677e-05	2.0661157024793387e-05	0.0	0.0	2.0661157024793387e-05	6.198347107438017e-05
Zdi-CDup_002-Ex1-5E-lcwgs-1-2.clmp.r1r2_fastp	99.64708193086402	0.34915366174439516	0.003354808659853414	0.00013653291057542965	5.8514104532327e-05	7.801880604310266e-05	1.9504701510775666e-05	0.0	0.0	1.9504701510775666e-05	0.0	0.0	0.0	1.9504701510775666e-05	0.0	0.0	0.0	0.0	0.0	0.0	0.0	1.9504701510775666e-05	0.0	0.0	0.0	0.0	0.0	0.0	0.0	0.0	5.8514104532327e-05
Zdi-CDup_003-Ex1-5F-lcwgs-1-2.clmp.r1r2_fastp	99.59630431041204	0.3995769462165665	0.0034126730791578345	0.00017651757305988799	0.00017651757305988799	5.883919101996266e-05	0.0	5.883919101996266e-05	5.883919101996266e-05	0.0	0.0	2.941959550998133e-05	0.0	2.941959550998133e-05	0.0	0.0	0.0	2.941959550998133e-05	0.0	0.0	0.0	0.0	0.0	0.0	0.0	2.941959550998133e-05	0.0	0.0	0.0	0.0	5.883919101996266e-05
Zdi-CDup_004-Ex1-5G-lcwgs-1-2.clmp.r1r2_fastp	99.7063048181058	0.28961431093431117	0.002933126002417066	0.0003825816524891825	0.0001700362899951922	0.00012752721749639416	4.250907249879805e-05	0.0	0.0	0.0	8.50181449975961e-05	0.00012752721749639416	0.0	0.0	0.0	4.250907249879805e-05	0.0	0.0	0.0	0.0	0.0	0.0	0.0	4.250907249879805e-05	0.0	0.0	4.250907249879805e-05	0.0	0.0	0.0	8.50181449975961e-05
Zdi-CDup_005-Ex1-5H-lcwgs-1-2.clmp.r1r2_fastp	99.15705191460928	0.8320024572093295	0.01030572991847696	0.0004546645552269248	6.735771188547033e-05	0.0	1.6839427971367583e-05	1.6839427971367583e-05	1.6839427971367583e-05	0.0	1.6839427971367583e-05	0.0	0.0	0.0	0.0	0.0	0.0	1.6839427971367583e-05	0.0	0.0	0.0	0.0	0.0	0.0	0.0	0.0	0.0	0.0	0.0	0.0	3.3678855942735165e-05
Zdi-CDup_006-Ex1-6A-lcwgs-1-2.clmp.r1r2_fastp	99.27113920103848	0.7205800007911242	0.00785649280959817	0.000273745394062654	6.84363485156635e-05	0.0	1.36872697031327e-05	0.0	1.36872697031327e-05	0.0	0.0	0.0	0.0	1.36872697031327e-05	0.0	0.0	0.0	0.0	0.0	0.0	0.0	0.0	0.0	0.0	0.0	0.0	0.0	0.0	0.0	0.0	4.1061809109398105e-05
Zdi-CDup_007-Ex1-6B-lcwgs-1-2.clmp.r1r2_fastp	99.62584183819925	0.3708725087109553	0.0027557090430535376	0.00017664801558035497	3.5329603116070994e-05	5.299440467410649e-05	0.0	0.0	5.299440467410649e-05	1.7664801558035497e-05	1.7664801558035497e-05	3.5329603116070994e-05	1.7664801558035497e-05	1.7664801558035497e-05	0.0	0.0	0.0	0.0	0.0	0.0	0.0	1.7664801558035497e-05	0.0	0.0	0.0	0.0	1.7664801558035497e-05	0.0	0.0	0.0	7.065920623214199e-05
Zdi-CDup_008-Ex1-6C-lcwgs-1-2.clmp.r1r2_fastp	99.3633037127118	0.6286661325894244	0.00758115680163601	0.0002763063982373033	1.7269149889831456e-05	1.7269149889831456e-05	0.0	1.7269149889831456e-05	3.453829977966291e-05	1.7269149889831456e-05	0.0	1.7269149889831456e-05	0.0	0.0	0.0	0.0	0.0	0.0	0.0	0.0	1.7269149889831456e-05	0.0	0.0	0.0	0.0	0.0	0.0	1.7269149889831456e-05	0.0	0.0	1.7269149889831456e-05
Zdi-CDup_010-Ex1-6D-lcwgs-1-2.clmp.r1r2_fastp	99.35029390112518	0.641239967318205	0.007695334504439412	0.0002906283967193867	0.00013899618973535884	2.527203449733797e-05	2.527203449733797e-05	5.054406899467594e-05	2.527203449733797e-05	1.2636017248668985e-05	5.054406899467594e-05	0.0	0.0	2.527203449733797e-05	0.0	0.0	1.2636017248668985e-05	0.0	0.0	0.0	1.2636017248668985e-05	0.0	2.527203449733797e-05	0.0	0.0	0.0	0.0	0.0	1.2636017248668985e-05	0.0	6.318008624334493e-05
Zdi-CDup_011-Ex1-6E-lcwgs-1-2.clmp.r1r2_fastp	99.3044887145288	0.6876403606815766	0.007473116316498126	0.00024152657296666946	5.682978187451046e-05	1.4207445468627616e-05	1.4207445468627616e-05	0.0	1.4207445468627616e-05	0.0	0.0	1.4207445468627616e-05	0.0	1.4207445468627616e-05	0.0	0.0	0.0	0.0	0.0	0.0	0.0	0.0	0.0	0.0	0.0	0.0	0.0	0.0	0.0	0.0	2.841489093725523e-05
Zdi-CDup_012-Ex1-6F-lcwgs-1-2.clmp.r1r2_fastp	99.40775230820581	0.583851238670371	0.007235241521592134	0.0005061691599467748	5.954931293491469e-05	0.00011909862586982938	2.9774656467457346e-05	8.932396940237203e-05	2.9774656467457346e-05	0.0	2.9774656467457346e-05	2.9774656467457346e-05	0.0	5.954931293491469e-05	0.0	0.0	0.0	2.9774656467457346e-05	0.0	0.0	0.0	0.0	0.0	2.9774656467457346e-05	0.0	0.0	0.0	0.0	0.0	0.0	0.0001488732823372867
Zdi-CDup_013-Ex1-6G-lcwgs-1-2.clmp.r1r2_fastp	99.75844736232986	0.23853548130849117	0.002161544856108661	0.00018012873800905507	0.00018012873800905507	4.5032184502263767e-05	0.0	9.006436900452753e-05	4.5032184502263767e-05	0.0	0.0	4.5032184502263767e-05	4.5032184502263767e-05	0.0	0.0	0.0	4.5032184502263767e-05	0.0	0.0	0.0	0.0	0.0	4.5032184502263767e-05	4.5032184502263767e-05	0.0	4.5032184502263767e-05	0.0	0.0	0.0	0.0	4.5032184502263767e-05
Zdi-CDup_014-Ex1-6H-lcwgs-1-2.clmp.r1r2_fastp	99.70665415355653	0.2903898103807607	0.0021879322038947987	0.00016293112156663393	0.00011637937254759567	0.00013965524705711481	0.0	0.00011637937254759567	0.0	2.3275874509519135e-05	2.3275874509519135e-05	0.0	0.0	0.0	0.0	0.0	2.3275874509519135e-05	0.0	2.3275874509519135e-05	2.3275874509519135e-05	0.0	2.3275874509519135e-05	0.0	0.0	0.0	2.3275874509519135e-05	0.0	0.0	0.0	0.0	6.982762352855741e-05
Zdi-CDup_015-Ex1-7A-lcwgs-1-2.clmp.r1r2_fastp	99.74336090201274	0.2532064743320518	0.002624947501049979	6.73063461807687e-05	6.73063461807687e-05	6.73063461807687e-05	0.0001346126923615374	6.73063461807687e-05	0.0	0.0	0.0	6.73063461807687e-05	6.73063461807687e-05	0.0	0.0	0.0	0.0	0.0	0.0	0.0	0.0	0.0	0.0	0.0	6.73063461807687e-05	0.0	0.0	0.0	0.0	6.73063461807687e-05	0.0001346126923615374
Zdi-CDup_016-Ex1-7B-lcwgs-1-2.clmp.r1r2_fastp	99.5249425031507	0.4705168095924717	0.004032638332989872	0.00019051834644046636	6.350611548015545e-05	6.350611548015545e-05	1.5876528870038863e-05	4.762958661011659e-05	0.0	0.0	0.0	1.5876528870038863e-05	0.0	0.0	1.5876528870038863e-05	0.0	0.0	0.0	1.5876528870038863e-05	0.0	0.0	0.0	0.0	0.0	0.0	1.5876528870038863e-05	0.0	0.0	1.5876528870038863e-05	0.0	4.762958661011659e-05
Zdi-CDup_017-Ex1-7C-lcwgs-1-2.clmp.r1r2_fastp	99.58373392051662	0.4123678923772997	0.003596669871364133	8.614778135003911e-05	2.153694533750978e-05	0.0	0.0	2.153694533750978e-05	4.307389067501956e-05	0.0	0.0	0.0	2.153694533750978e-05	4.307389067501956e-05	0.0	0.0	0.0	0.0	0.0	0.0	0.0	0.0	0.0	0.0	0.0	2.153694533750978e-05	0.0	2.153694533750978e-05	0.0	0.0	2.153694533750978e-05
Zdi-CDup_018-Ex1-7D-lcwgs-1-2.clmp.r1r2_fastp	99.34178173576217	0.6493017070016448	0.00780732045082796	0.0004550715016876042	0.00019909378198832686	7.110492213868816e-05	2.8441968855475263e-05	4.26629532832129e-05	2.8441968855475263e-05	4.26629532832129e-05	1.4220984427737631e-05	1.4220984427737631e-05	1.4220984427737631e-05	1.4220984427737631e-05	0.0	0.0	0.0	0.0	0.0	0.0	0.0	1.4220984427737631e-05	0.0	1.4220984427737631e-05	0.0	0.0	2.8441968855475263e-05	0.0	0.0	0.0	0.0001279888598496387
Zdi-CDup_019-Ex1-7E-lcwgs-1-2.clmp.r1r2_fastp	99.51606662425516	0.4789686164904378	0.0046632556559562536	0.00012060143937817897	0.0	0.0	2.0100239896363165e-05	2.0100239896363165e-05	6.030071968908949e-05	0.0	0.0	0.0	2.0100239896363165e-05	0.0	2.0100239896363165e-05	0.0	0.0	0.0	0.0	0.0	0.0	0.0	0.0	0.0	0.0	0.0	0.0	0.0	0.0	0.0	4.020047979272633e-05
Zdi-CDup_021-Ex1-7G-lcwgs-1-2.clmp.r1r2_fastp	99.52107658362998	0.4738433179230648	0.0043734682118569115	0.00028647171693385885	9.549057231128628e-05	1.9098114462257254e-05	1.9098114462257254e-05	5.7294343386771767e-05	0.0	1.9098114462257254e-05	0.0	1.9098114462257254e-05	1.9098114462257254e-05	0.0	0.0	0.0	1.9098114462257254e-05	1.9098114462257254e-05	0.0	1.9098114462257254e-05	0.0	0.0	0.0	0.0	1.9098114462257254e-05	0.0	1.9098114462257254e-05	0.0	0.0	0.0	7.639245784902902e-05
Zdi-CDup_022-Ex1-7H-lcwgs-1-2.clmp.r1r2_fastp	99.65374574973815	0.34333026503772734	0.0025839869422526517	0.00011333276062511631	6.799965637506979e-05	2.2666552125023262e-05	0.0	2.2666552125023262e-05	0.0	0.0	2.2666552125023262e-05	0.0	0.0	0.0	0.0	0.0	0.0	0.0	0.0	0.0	0.0	0.0	0.0	2.2666552125023262e-05	0.0	0.0	0.0	0.0	0.0	0.0	6.799965637506979e-05
Zdi-CDup_026-Ex1-8D-lcwgs-1-2.clmp.r1r2_fastp	99.58429267552927	0.41133523747930384	0.0036117240364036433	0.00014784835236740062	0.00012672715917205768	4.224238639068589e-05	0.0	2.1121193195342946e-05	6.336357958602884e-05	4.224238639068589e-05	0.0	2.1121193195342946e-05	0.0	2.1121193195342946e-05	4.224238639068589e-05	4.224238639068589e-05	0.0	2.1121193195342946e-05	0.0	0.0	0.0	0.0	2.1121193195342946e-05	0.0	0.0	0.0	0.0	0.0	0.0	0.0	0.00014784835236740062
Zdi-CDup_031-Ex1-9A-lcwgs-1-2.clmp.r1r2_fastp	99.52374443269895	0.47159613739885886	0.004217777778759226	0.00017666084937211423	4.416521234302856e-05	4.416521234302856e-05	0.0	2.208260617151428e-05	2.208260617151428e-05	4.416521234302856e-05	0.0	0.0	0.0	0.0	0.0	0.0	0.0	0.0	0.0	0.0	0.0	0.0	2.208260617151428e-05	2.208260617151428e-05	0.0	0.0	0.0	2.208260617151428e-05	0.0	0.0	2.208260617151428e-05
Zdi-CDup_033-Ex1-9C-lcwgs-1-2.clmp.r1r2_fastp	99.64057653059398	0.35474201069419126	0.0031209724745576792	0.0003837261239210261	0.00023023567435261565	0.00015349044956841044	0.00015349044956841044	5.116348318947014e-05	2.558174159473507e-05	0.00012790870797367538	7.674522478420522e-05	0.0	2.558174159473507e-05	5.116348318947014e-05	0.0	0.0	0.0	0.0	2.558174159473507e-05	0.0	2.558174159473507e-05	0.0	0.0	0.0	0.0	2.558174159473507e-05	0.0	0.0	2.558174159473507e-05	0.0	0.00017907219116314552
Zdi-CDup_034-Ex1-9D-lcwgs-1-2.clmp.r1r2_fastp	99.60417987452396	0.3899055718769626	0.0043921685010823806	0.0004024696236051584	0.0001399894342974464	0.0001574881135846272	6.99947171487232e-05	1.74986792871808e-05	8.7493396435904e-05	6.99947171487232e-05	5.24960378615424e-05	3.49973585743616e-05	0.0	0.0	3.49973585743616e-05	5.24960378615424e-05	3.49973585743616e-05	1.74986792871808e-05	5.24960378615424e-05	0.0	1.74986792871808e-05	0.0	1.74986792871808e-05	3.49973585743616e-05	0.0	1.74986792871808e-05	1.74986792871808e-05	1.74986792871808e-05	0.0	1.74986792871808e-05	0.0001574881135846272
Zdi-CDup_035-Ex1-9E-lcwgs-1-2.clmp.r1r2_fastp	99.56829232355975	0.4265730831223685	0.004040701697987686	0.0002678918252809515	0.00011162159386706316	0.00013394591264047576	4.464863754682526e-05	0.0	4.464863754682526e-05	8.929727509365052e-05	0.0	2.232431877341263e-05	6.697295632023788e-05	2.232431877341263e-05	2.232431877341263e-05	8.929727509365052e-05	4.464863754682526e-05	0.0	0.0	0.0	0.0	0.0	0.0	0.0	2.232431877341263e-05	0.0	0.0	0.0	0.0	0.0	0.00011162159386706316
Zdi-CDup_037-Ex1-9G-lcwgs-1-2.clmp.r1r2_fastp	99.55335067261883	0.4408859404676344	0.004394911482008891	0.0003684356931025417	0.000210534681772881	0.0001315841761080506	0.0001052673408864405	0.0001315841761080506	0.0	5.263367044322025e-05	5.263367044322025e-05	0.0	2.6316835221610125e-05	0.0	7.895050566483036e-05	2.6316835221610125e-05	2.6316835221610125e-05	0.0	2.6316835221610125e-05	0.0	0.0	0.0	0.0	0.0	0.0	0.0	2.6316835221610125e-05	0.0	0.0	0.0	0.0001052673408864405
Zdi-CDup_038-Ex1-9H-lcwgs-1-2.clmp.r1r2_fastp	99.64807086655463	0.34677037842869424	0.0037131698196958434	0.00042517211675906604	8.50344233518132e-05	0.00019841365448756412	8.50344233518132e-05	0.00011337923113575093	5.6689615567875467e-05	0.0	5.6689615567875467e-05	2.8344807783937733e-05	0.0	2.8344807783937733e-05	2.8344807783937733e-05	0.0	0.0	5.6689615567875467e-05	0.0	2.8344807783937733e-05	0.0	0.0	0.0	2.8344807783937733e-05	0.0	0.0	0.0	0.0	0.0	0.0	0.00022675846227150187
Zdi-CDup_039-Ex1-10A-lcwgs-1-2.clmp.r1r2_fastp	99.69378469159132	0.30343007208941464	0.0022496139501774785	0.00010712447381797517	0.00010712447381797517	0.0	5.3562236908987585e-05	0.0	0.0	0.0	0.0	5.3562236908987585e-05	0.0	0.0	0.0	5.3562236908987585e-05	0.0	0.0	0.0	5.3562236908987585e-05	0.0	5.3562236908987585e-05	0.0	0.0	0.0	0.0	0.0	0.0	0.0	0.0	5.3562236908987585e-05
Zdi-CDup_040-Ex1-10B-lcwgs-1-2.clmp.r1r2_fastp	99.85396838907715	0.14410314247258915	0.0007979869449335809	0.00039899347246679046	0.00019949673623339523	0.0	6.64989120777984e-05	0.0	6.64989120777984e-05	0.0	0.0	0.0	0.0001329978241555968	6.64989120777984e-05	6.64989120777984e-05	0.0	0.0	0.0	0.0	0.0	0.0	0.0	0.0	0.0	0.0	0.0	0.0	0.0	0.0	0.0	0.0001329978241555968
Zdi-CDup_041-Ex1-10C-lcwgs-1-2.clmp.r1r2_fastp	99.68209944076727	0.3154174175735733	0.0019280864647453772	0.00011685372513608346	8.76402938520626e-05	2.9213431284020866e-05	2.9213431284020866e-05	0.0	0.0	0.0	0.0	2.9213431284020866e-05	0.0	5.842686256804173e-05	0.0	0.0	0.0	0.0	2.9213431284020866e-05	0.0	2.9213431284020866e-05	2.9213431284020866e-05	0.0	0.0	0.0	0.0	0.0	0.0	0.0	0.0	0.00011685372513608346
Zdi-CDup_042-Ex1-10D-lcwgs-1-2.clmp.r1r2_fastp	99.57730711224636	0.41880964266179527	0.003352203028001848	0.00019914077394070386	4.9785193485175966e-05	3.3190128990117306e-05	8.297532247529327e-05	1.6595064495058653e-05	0.0	0.0	0.0	1.6595064495058653e-05	0.0	1.6595064495058653e-05	0.0	0.0	0.0	1.6595064495058653e-05	0.0	0.0	0.0	1.6595064495058653e-05	0.0	0.0	0.0	1.6595064495058653e-05	0.0	0.0	0.0	0.0	6.638025798023461e-05
Zdi-CDup_043-Ex1-10E-lcwgs-1-2.clmp.r1r2_fastp	99.09534919062683	0.891493173871701	0.012420254877916844	0.0004032550285037936	0.0001382588669155864	4.608628897186213e-05	4.608628897186213e-05	0.0	1.1521572242965533e-05	0.0	0.0	0.0	0.0	0.0	0.0	0.0	0.0	0.0	0.0	0.0	0.0	0.0	0.0	0.0	0.0	0.0	0.0	0.0	0.0	0.0	9.217257794372426e-05
Zdi-CDup_045-Ex1-10G-lcwgs-1-2.clmp.r1r2_fastp	99.56828331800784	0.42818003145779104	0.0030255738675461	0.0001226584000356527	8.177226669043515e-05	8.177226669043515e-05	4.088613334521757e-05	2.0443066672608787e-05	2.0443066672608787e-05	0.0	0.0	0.0	0.0	0.0	0.0	0.0	0.0	0.0	0.0	0.0	0.0	0.0	0.0	0.0	0.0	0.0	2.0443066672608787e-05	0.0	2.0443066672608787e-05	0.0	0.00010221533336304391
Zdi-CDup_046-Ex1-10H-lcwgs-1-2.clmp.r1r2_fastp	99.50466963084722	0.4905143446639686	0.004118376081551948	0.00011252393665442482	6.751436199265489e-05	0.00011252393665442482	2.2504787330884964e-05	0.0	6.751436199265489e-05	2.2504787330884964e-05	2.2504787330884964e-05	0.0	2.2504787330884964e-05	2.2504787330884964e-05	2.2504787330884964e-05	2.2504787330884964e-05	2.2504787330884964e-05	2.2504787330884964e-05	0.0	0.0	0.0	0.0	0.0	0.0	0.0	0.0	0.0	0.0	0.0	0.0	0.00013502872398530978
Zdi-CDup_047-Ex1-11A-lcwgs-1-2.clmp.r1r2_fastp	99.6600679435717	0.3368261869776249	0.0024900505078632048	0.000214197893149523	8.032420993107111e-05	2.6774736643690374e-05	0.0	0.0001070989465747615	2.6774736643690374e-05	2.6774736643690374e-05	0.0	0.0	0.0	0.0	0.0	0.0	0.0	0.0	0.0	0.0	0.0	0.0	0.0	0.0	2.6774736643690374e-05	0.0	0.0	0.0	0.0	0.0	0.0001070989465747615
Zdi-CDup_050-Ex1-11D-lcwgs-1-2.clmp.r1r2_fastp	99.78837183281182	0.20728757123400252	0.0021220691331540506	0.0006752038150944706	0.00028937306361191597	0.00019291537574127736	0.0	0.00028937306361191597	0.0	9.645768787063868e-05	0.0	0.0	9.645768787063868e-05	0.0	9.645768787063868e-05	9.645768787063868e-05	9.645768787063868e-05	0.0	0.0	0.0	0.0	0.0	9.645768787063868e-05	0.0	0.0	0.0	0.0	0.0	0.0	0.0	0.00019291537574127736
Zdi-CDup_051-Ex1-11E-lcwgs-1-2.clmp.r1r2_fastp	99.72703012535003	0.2688588825618763	0.002231681419255417	0.0005872845840145834	0.0	0.0	0.00023491383360583337	0.00011745691680291669	0.00011745691680291669	0.00023491383360583337	0.0	0.00011745691680291669	0.0	0.0	0.00011745691680291669	0.00011745691680291669	0.0	0.0	0.0	0.0	0.0	0.0	0.00011745691680291669	0.0	0.0	0.0	0.0	0.0	0.0	0.0	0.00011745691680291669
Zdi-CDup_054-Ex1-11G-lcwgs-1-2.clmp.r1r2_fastp	99.89541927680898	0.09679186598264747	0.002275396487838006	0.001662789741112389	0.000350060998128924	0.000175030499064462	0.0006126067467256169	0.000262545748596693	8.7515249532231e-05	0.00043757624766115494	8.7515249532231e-05	0.000262545748596693	0.0	0.0	0.000175030499064462	8.7515249532231e-05	0.000175030499064462	0.0	0.0	0.0	0.0	0.0	8.7515249532231e-05	0.0	0.0	0.000175030499064462	0.0	8.7515249532231e-05	0.0	0.0	0.000787637245790079
Zdi-CDup_056-Ex1-12A-lcwgs-1-2.clmp.r1r2_fastp	98.9272166618355	1.0563999125575285	0.015492629504900341	0.0005537381175022655	3.611335548927819e-05	7.222671097855638e-05	2.407557032618546e-05	6.018892581546365e-05	2.407557032618546e-05	4.815114065237092e-05	1.203778516309273e-05	0.0	0.0	0.0	0.0	0.0	0.0	0.0	1.203778516309273e-05	0.0	0.0	1.203778516309273e-05	0.0	0.0	1.203778516309273e-05	0.0	0.0	0.0	0.0	0.0	2.407557032618546e-05
Zdi-CDup_057-Ex1-12B-lcwgs-1-2.clmp.r1r2_fastp	99.361978550437	0.62896835998626	0.007709629403457884	0.000396931414831495	0.00016793252165947864	0.0001221327430250754	7.633296439067211e-05	7.633296439067211e-05	6.10663715125377e-05	1.5266592878134424e-05	1.5266592878134424e-05	0.0	0.0	7.633296439067211e-05	1.5266592878134424e-05	3.053318575626885e-05	1.5266592878134424e-05	3.053318575626885e-05	3.053318575626885e-05	0.0	0.0	0.0	0.0	1.5266592878134424e-05	0.0	3.053318575626885e-05	1.5266592878134424e-05	1.5266592878134424e-05	0.0	0.0	0.0001373993359032098
Zdi-CDup_058-Ex1-12C-lcwgs-1-2.clmp.r1r2_fastp	99.77345889742926	0.22282917679713074	0.0023104844101011347	0.00011363038082464598	0.0001515071744328613	0.00037876793608215327	0.0001515071744328613	0.0	0.0	3.7876793608215325e-05	7.575358721643065e-05	0.0	3.7876793608215325e-05	3.7876793608215325e-05	0.0	0.0	0.0	0.0	0.0	3.7876793608215325e-05	0.0	0.0	7.575358721643065e-05	3.7876793608215325e-05	3.7876793608215325e-05	0.0	3.7876793608215325e-05	0.0	0.0	0.0	0.00018938396804107663
Zdi-CDup_059-Ex1-12D-lcwgs-1-2.clmp.r1r2_fastp	97.76689471422331	2.171610636575442	0.05811420720404525	0.002160543363428086	0.00020576603461219865	0.00013227816510784197	2.9395147801742662e-05	5.8790295603485325e-05	8.818544340522799e-05	5.8790295603485325e-05	5.8790295603485325e-05	5.8790295603485325e-05	4.4092721702613995e-05	4.4092721702613995e-05	2.9395147801742662e-05	2.9395147801742662e-05	4.4092721702613995e-05	2.9395147801742662e-05	0.0	0.0	1.4697573900871331e-05	0.0	1.4697573900871331e-05	1.4697573900871331e-05	1.4697573900871331e-05	2.9395147801742662e-05	1.4697573900871331e-05	0.0	0.0	2.9395147801742662e-05	0.00017637088681045598
Zdi-CDup_060-Ex1-12E-lcwgs-1-2.clmp.r1r2_fastp	99.79235419192126	0.20407847328840287	0.001884629700552533	0.0004038492215469713	6.730820359116189e-05	0.00020192461077348566	6.730820359116189e-05	0.00013461640718232377	0.00013461640718232377	0.0	0.0	6.730820359116189e-05	6.730820359116189e-05	0.0	0.0	0.0	6.730820359116189e-05	6.730820359116189e-05	0.0	6.730820359116189e-05	0.0	0.0	0.0	0.0	0.0	0.0	0.0	0.0	0.0	0.0	0.00033654101795580946
Zdi-CDup_061-Ex1-12F-lcwgs-1-2.clmp.r1r2_fastp	99.68232260532838	0.31357119305319203	0.0025817435325480404	0.00034423247100640546	0.0003196444373630908	0.00022129230278983205	4.917606728662935e-05	0.00014752820185988803	7.376410092994402e-05	2.4588033643314675e-05	0.0	0.0	9.83521345732587e-05	0.0	0.0	0.0	2.4588033643314675e-05	0.0	0.0	2.4588033643314675e-05	0.0	0.0	2.4588033643314675e-05	0.0	0.0	0.0	0.0	0.0	0.0	0.0	0.00017211623550320273
Zdi-CDup_062-Ex1-12G-lcwgs-1-2.clmp.r1r2_fastp	99.81328022580878	0.18301155437668098	0.0016723344261675257	0.0005089713470944644	0.0005089713470944644	0.000218130577326199	7.271019244206634e-05	7.271019244206634e-05	7.271019244206634e-05	7.271019244206634e-05	0.00014542038488413268	0.0	0.0	0.0	0.0	0.0	7.271019244206634e-05	0.0	0.0	0.0	0.0	0.0	0.0	0.0	0.0	0.0	0.0	0.0	0.0	0.0	0.00029084076976826535
Zdi-CDup_064-Ex1-5A-lcwgs-1-2.clmp.r1r2_fastp	98.84032221785274	1.141118551404066	0.017983538209056165	0.0003975019878526134	5.4827860393463915e-05	2.7413930196731958e-05	0.0	0.0	0.0	1.3706965098365979e-05	0.0	1.3706965098365979e-05	0.0	0.0	0.0	0.0	0.0	0.0	0.0	0.0	0.0	1.3706965098365979e-05	0.0	0.0	0.0	1.3706965098365979e-05	0.0	0.0	0.0	0.0	4.112089529509793e-05
Zdi-CDup_065-Ex1-5B-lcwgs-1-2.clmp.r1r2_fastp	98.89705259601462	1.0846961851137504	0.01730508545187103	0.0005951484414664641	7.630108223929026e-05	6.104086579143221e-05	3.0520432895716106e-05	1.5260216447858053e-05	3.0520432895716106e-05	1.5260216447858053e-05	0.0	0.0	0.0	0.0	1.5260216447858053e-05	0.0	0.0	0.0	0.0	3.0520432895716106e-05	0.0	0.0	0.0	0.0	0.0	0.0	0.0	0.0	0.0	1.5260216447858053e-05	6.104086579143221e-05
Zdi-CDup_066-Ex1-5C-lcwgs-1-2.clmp.r1r2_fastp	99.3708072996558	0.6205263814413601	0.0075509790440460535	0.0005127999350795282	0.00011537998539289386	6.409999188494103e-05	8.973998863891744e-05	3.8459995130964617e-05	3.8459995130964617e-05	0.0	3.8459995130964617e-05	5.127999350795282e-05	1.2819998376988206e-05	0.0	1.2819998376988206e-05	0.0	1.2819998376988206e-05	2.563999675397641e-05	0.0	0.0	1.2819998376988206e-05	0.0	0.0	0.0	0.0	0.0	0.0	0.0	0.0	0.0	8.973998863891744e-05
Zdi-CDup_071-Ex1-12H-lcwgs-1-2.clmp.r1r2_fastp	99.67554876155954	0.3195442001474245	0.003466929228773592	0.0004266989820029037	0.00026668686375181484	0.0001600121182510889	5.333737275036296e-05	0.0001600121182510889	0.0	0.0	0.0	5.333737275036296e-05	0.0	0.0	0.0	0.0	5.333737275036296e-05	0.0	0.0	0.0	0.0	0.0	0.0	0.0	0.0	5.333737275036296e-05	0.0	0.0	0.0	0.0	0.00021334949100145184
