Sample	fastp_mqc-generalstats-fastp-pct_duplication	fastp_mqc-generalstats-fastp-after_filtering_q30_rate	fastp_mqc-generalstats-fastp-after_filtering_q30_bases	fastp_mqc-generalstats-fastp-after_filtering_gc_content	fastp_mqc-generalstats-fastp-pct_surviving	fastp_mqc-generalstats-fastp-pct_adapter
Zdi-ADup_001-Ex1-11B-lcwgs-1-2.clmp.r1r2_fastp	0.550468	0.947827	574654992.0	0.406899	98.99448632193828	0.969589214120635
Zdi-ADup_002-Ex1-9G-lcwgs-1-2.clmp.r1r2_fastp	0.274448	0.95693	69628786.0	0.397285	99.15412627077383	1.076301400291232
Zdi-ADup_003-Ex1-9H-lcwgs-1-2.clmp.r1r2_fastp	0.321176	0.955376	164496946.0	0.403606	99.18039223670318	1.0511222344054933
Zdi-ADup_004-Ex1-10A-lcwgs-1-2.clmp.r1r2_fastp	0.45978499999999994	0.947624	327305569.0	0.384524	99.11607204410356	0.8830940091489518
Zdi-ADup_005-Ex1-10B-lcwgs-1-2.clmp.r1r2_fastp	0.0868162	0.950602	93040598.0	0.398268	99.07010051335146	1.2330788145463958
Zdi-ADup_006-Ex1-10C-lcwgs-1-2.clmp.r1r2_fastp	0.398298	0.947941	130870116.0	0.387606	99.13319003395452	0.8954148324483703
Zdi-ADup_007-Ex1-10D-lcwgs-1-2.clmp.r1r2_fastp	0.29436100000000004	0.951303	101180997.0	0.437441	99.02144839690762	1.0694411135263449
Zdi-ADup_008-Ex1-10E-lcwgs-1-2.clmp.r1r2_fastp	0.0717189	0.951646	647896.0	0.400104	99.28808732795443	0.8780256288561936
Zdi-ADup_009-Ex1-10F-lcwgs-1-2.clmp.r1r2_fastp	0.385948	0.954379	1362167300.0	0.416393	99.18135609852273	1.060182076196204
Zdi-ADup_010-Ex1-10G-lcwgs-1-2.clmp.r1r2_fastp	0.360802	0.953127	381636528.0	0.424026	99.06598165697433	1.1000940073184953
Zdi-ADup_011-Ex1-10H-lcwgs-1-2.clmp.r1r2_fastp	0.311059	0.953867	40307765.0	0.410768	99.17065551079114	1.0516629420270804
Zdi-ADup_012-Ex1-11A-lcwgs-1-2.clmp.r1r2_fastp	7.0009500000000005	0.926991	753060627.0	0.560973	98.27644863613332	0.5292526047157661
Zdi-ADup_013-Ex1-12F-lcwgs-1-2.clmp.r1r2_fastp	0.184872	0.949859	90041764.0	0.437475	99.0149359886202	1.1424721120011978
Zdi-ADup_014-Ex1-11C-lcwgs-1-2.clmp.r1r2_fastp	0.444515	0.94808	201881917.0	0.468762	99.00712786589753	1.0249886098545298
Zdi-ADup_015-Ex1-11D-lcwgs-1-2.clmp.r1r2_fastp	0.230715	0.952796	88796176.0	0.404852	99.12488992917837	1.001550399265442
Zdi-ADup_016-Ex1-11E-lcwgs-1-2.clmp.r1r2_fastp	0.27777999999999997	0.953727	85044126.0	0.378317	99.16801788328637	1.0293515734458385
Zdi-ADup_017-Ex1-11F-lcwgs-1-2.clmp.r1r2_fastp	0.26113	0.955961	145190000.0	0.424465	99.21317103992561	1.0918064660866964
Zdi-ADup_018-Ex1-11G-lcwgs-1-2.clmp.r1r2_fastp	0.346231	0.952861	273583471.0	0.423891	99.11448716564524	1.009827441809113
Zdi-ADup_019-Ex1-11H-lcwgs-1-2.clmp.r1r2_fastp	0.335314	0.956651	91203685.0	0.392619	99.24856286559637	0.9893196664071902
Zdi-ADup_020-Ex1-12A-lcwgs-1-2.clmp.r1r2_fastp	0.47123299999999996	0.952075	4373442988.0	0.377787	99.0523262701948	1.0159674378374732
Zdi-ADup_021-Ex1-12B-lcwgs-1-2.clmp.r1r2_fastp	4.57912	0.938814	48473015006.0	0.387514	98.14068970135898	1.1591437351064862
Zdi-ADup_022-Ex1-12C-lcwgs-1-2.clmp.r1r2_fastp	0.299639	0.953704	86733397.0	0.405884	99.11040359584231	1.1409307987639292
Zdi-ADup_023-Ex1-12D-lcwgs-1-2.clmp.r1r2_fastp	0.276289	0.953524	52816659.0	0.418824	99.08550136078858	1.195180312098537
Zdi-ADup_024-Ex1-12E-lcwgs-1-2.clmp.r1r2_fastp	0.298968	0.951273	89470676.0	0.463867	98.88900539768613	1.2388213970070554
Zdi-ADup_025-Ex1-2A-lcwgs-1-2.clmp.r1r2_fastp	0.43300400000000006	0.959451	1970788692.0	0.36768	99.16474364634682	1.1100835141955543
Zdi-ADup_026-Ex1-12G-lcwgs-1-2.clmp.r1r2_fastp	0.151837	0.958314	68967112.0	0.431979	98.97514540592095	1.4327600215277647
Zdi-ADup_027-Ex1-12H-lcwgs-1-2.clmp.r1r2_fastp	0.40034500000000006	0.956852	647143115.0	0.44956	99.04722508968527	1.2702893436838392
Zdi-ADup_028-Ex1-9F-lcwgs-1-2.clmp.r1r2_fastp	0.227423	0.958042	52311571.0	0.390829	99.20971090696585	1.1084723470609688
Zdi-ADup_029-Ex1-1A-lcwgs-1-2.clmp.r1r2_fastp	0.34243199999999996	0.963289	28343455.0	0.44071	99.15557940842949	1.2491019104420764
Zdi-ADup_030-Ex1-1B-lcwgs-1-2.clmp.r1r2_fastp	0.284465	0.962654	67134481.0	0.384728	99.13939717643562	1.0868975930830505
Zdi-ADup_031-Ex1-1C-lcwgs-1-2.clmp.r1r2_fastp	0.191045	0.958763	14053022.0	0.397054	99.06511960229845	1.078785561179821
Zdi-ADup_032-Ex1-1D-lcwgs-1-2.clmp.r1r2_fastp	0.840464	0.947621	327712431.0	0.428588	98.9710055198799	0.8987433928339031
Zdi-ADup_033-Ex1-1E-lcwgs-1-2.clmp.r1r2_fastp	0.16167399999999998	0.95737	5199475.0	0.375012	99.12647496849581	1.085462252262573
Zdi-ADup_034-Ex1-1F-lcwgs-1-2.clmp.r1r2_fastp	0.23424999999999999	0.960423	60760059.0	0.372999	99.23702578779825	1.0791156800327093
Zdi-ADup_035-Ex1-1G-lcwgs-1-2.clmp.r1r2_fastp	0.167914	0.960266	32147665.0	0.367279	99.24105497355461	1.0582597998943073
Zdi-ADup_036-Ex1-1H-lcwgs-1-2.clmp.r1r2_fastp	0.196078	0.95996	36640348.0	0.381383	99.10450222843627	1.0990370306508384
Zdi-ADup_037-Ex1-3D-lcwgs-1-2.clmp.r1r2_fastp	6.151120000000001	0.951208	4625080144.0	0.402461	98.87190393091197	0.9841626755790339
Zdi-ADup_038-Ex1-2B-lcwgs-1-2.clmp.r1r2_fastp	0.0935631	0.958399	76115106.0	0.373194	99.10017459298942	1.1557459000492443
Zdi-ADup_039-Ex1-2C-lcwgs-1-2.clmp.r1r2_fastp	1.0178	0.956272	4935685613.0	0.373048	99.13372735037433	1.0100498661746862
Zdi-ADup_040-Ex1-2D-lcwgs-1-2.clmp.r1r2_fastp	2.01584	0.953094	7900110892.0	0.381618	99.00595642376354	1.0049931760638535
Zdi-ADup_041-Ex1-2E-lcwgs-1-2.clmp.r1r2_fastp	0.975693	0.956421	3144185414.0	0.379365	99.13225200692118	1.0175138149937635
Zdi-ADup_042-Ex1-2F-lcwgs-1-2.clmp.r1r2_fastp	0.37978999999999996	0.956617	352877892.0	0.37148	99.27074768789227	0.9894210132187429
Zdi-ADup_043-Ex1-2G-lcwgs-1-2.clmp.r1r2_fastp	0.149968	0.957394	52583465.0	0.369144	99.25398842969317	1.0845677765766621
Zdi-ADup_044-Ex1-2H-lcwgs-1-2.clmp.r1r2_fastp	0.243669	0.956195	182280608.0	0.363677	99.20195267447771	1.0128896812885038
Zdi-ADup_045-Ex1-3A-lcwgs-1-2.clmp.r1r2_fastp	0.0968726	0.958363	51430252.0	0.374186	99.22449987651272	1.157584298229047
Zdi-ADup_046-Ex1-3B-lcwgs-1-2.clmp.r1r2_fastp	0.042466500000000004	0.956149	16010218.0	0.369066	99.20191619623122	1.1996103999363918
Zdi-ADup_047-Ex1-3C-lcwgs-1-2.clmp.r1r2_fastp	0.6982119999999999	0.955423	1380850297.0	0.383745	99.01939423938958	1.0941952000617863
Zdi-CDup_001-Ex1-5D-lcwgs-1-2.clmp.r1r2_fastp	0.33031	0.934192	1851615498.0	0.44044	98.7883864762851	0.8260718028114882
Zdi-CDup_002-Ex1-5E-lcwgs-1-2.clmp.r1r2_fastp	0.362328	0.937427	1923789377.0	0.435193	98.93254951820472	0.7840685848232989
Zdi-CDup_003-Ex1-5F-lcwgs-1-2.clmp.r1r2_fastp	0.414795	0.936966	1135847858.0	0.450306	98.96439792655266	0.7659406561013424
Zdi-CDup_004-Ex1-5G-lcwgs-1-2.clmp.r1r2_fastp	0.309145	0.936088	687265077.0	0.439234	98.95688627095828	0.7917280820162954
Zdi-CDup_005-Ex1-5H-lcwgs-1-2.clmp.r1r2_fastp	0.84981	0.932969	2956571296.0	0.44309	98.86283495733191	0.6181275943102703
Zdi-CDup_006-Ex1-6A-lcwgs-1-2.clmp.r1r2_fastp	0.733933	0.928504	4262274747.0	0.434635	98.72558930731626	0.5519466887790848
Zdi-CDup_007-Ex1-6B-lcwgs-1-2.clmp.r1r2_fastp	0.386385	0.937134	2295186411.0	0.438052	98.89709157558616	0.7855983023575861
Zdi-CDup_008-Ex1-6C-lcwgs-1-2.clmp.r1r2_fastp	0.643102	0.929825	2643558895.0	0.442895	98.73708096161377	0.6007750731063956
Zdi-CDup_010-Ex1-6D-lcwgs-1-2.clmp.r1r2_fastp	0.667747	0.927897	4866824164.0	0.441698	98.56632704104665	0.6199165843359117
Zdi-CDup_011-Ex1-6E-lcwgs-1-2.clmp.r1r2_fastp	0.703933	0.929992	3886666989.0	0.430868	98.68736234247287	0.5745850844495018
Zdi-CDup_012-Ex1-6F-lcwgs-1-2.clmp.r1r2_fastp	0.612531	0.933708	1176232578.0	0.450507	98.8502363273041	0.7441360596385409
Zdi-CDup_013-Ex1-6G-lcwgs-1-2.clmp.r1r2_fastp	0.255085	0.935792	636287037.0	0.426246	98.84325747017624	0.8359408481988563
Zdi-CDup_014-Ex1-6H-lcwgs-1-2.clmp.r1r2_fastp	0.302715	0.938271	1415839077.0	0.437319	98.8987656697223	0.8523036439614166
Zdi-CDup_015-Ex1-7A-lcwgs-1-2.clmp.r1r2_fastp	0.282358	0.928899	405275596.0	0.432674	98.84964457294406	0.6778656985717701
Zdi-CDup_016-Ex1-7B-lcwgs-1-2.clmp.r1r2_fastp	0.48292300000000005	0.934332	2850660802.0	0.441049	98.90500942660255	0.6854644362527974
Zdi-CDup_017-Ex1-7C-lcwgs-1-2.clmp.r1r2_fastp	0.421759	0.935218	1755660384.0	0.436591	98.94949414874404	0.6543879253578916
Zdi-CDup_018-Ex1-7D-lcwgs-1-2.clmp.r1r2_fastp	0.6930580000000001	0.926498	3798915695.0	0.453958	98.67830808003625	0.6189636973901184
Zdi-CDup_019-Ex1-7E-lcwgs-1-2.clmp.r1r2_fastp	0.493605	0.931603	1966661534.0	0.4353	98.83676125235861	0.6244851899533093
Zdi-CDup_021-Ex1-7G-lcwgs-1-2.clmp.r1r2_fastp	0.490164	0.932832	2114370729.0	0.431576	98.87508636880246	0.6357394358681531
Zdi-CDup_022-Ex1-7H-lcwgs-1-2.clmp.r1r2_fastp	0.353005	0.938929	1546083078.0	0.426027	99.00267353695837	0.7260113069562473
Zdi-CDup_026-Ex1-8D-lcwgs-1-2.clmp.r1r2_fastp	0.43955599999999995	0.933458	1819088301.0	0.431206	98.83544093680932	0.6295464914506891
Zdi-CDup_031-Ex1-9A-lcwgs-1-2.clmp.r1r2_fastp	0.483337	0.93407	1748729988.0	0.432426	98.90956213981656	0.6649308624951323
Zdi-CDup_033-Ex1-9C-lcwgs-1-2.clmp.r1r2_fastp	0.401169	0.938365	1269477291.0	0.44298	98.97105367835383	0.8079622979833301
Zdi-CDup_034-Ex1-9D-lcwgs-1-2.clmp.r1r2_fastp	0.417969	0.934743	2340515620.0	0.434123	98.82667727618201	0.7764064158938301
Zdi-CDup_035-Ex1-9E-lcwgs-1-2.clmp.r1r2_fastp	0.444834	0.936551	1627912669.0	0.435905	98.90612364112881	0.7323336460050367
Zdi-CDup_037-Ex1-9G-lcwgs-1-2.clmp.r1r2_fastp	0.465812	0.936799	1307087672.0	0.431172	98.93990519232878	0.7281584731680302
Zdi-CDup_038-Ex1-9H-lcwgs-1-2.clmp.r1r2_fastp	0.385669	0.938464	1103527913.0	0.435382	98.96587108648185	0.7904754131884678
Zdi-CDup_039-Ex1-10A-lcwgs-1-2.clmp.r1r2_fastp	0.31566	0.928184	514811406.0	0.437763	98.82215009626698	0.6688549577494919
Zdi-CDup_040-Ex1-10B-lcwgs-1-2.clmp.r1r2_fastp	0.15987300000000002	0.933996	369691517.0	0.433771	98.93702367701383	0.7865006562210777
Zdi-CDup_041-Ex1-10C-lcwgs-1-2.clmp.r1r2_fastp	0.328532	0.934472	1054692755.0	0.436882	98.9069360458162	0.711859138211221
Zdi-CDup_042-Ex1-10D-lcwgs-1-2.clmp.r1r2_fastp	0.430046	0.927917	2680342077.0	0.437271	98.70921295018505	0.6300873198661816
Zdi-CDup_043-Ex1-10E-lcwgs-1-2.clmp.r1r2_fastp	0.919438	0.921105	5997605005.0	0.453675	98.49341227762187	0.5001939346648181
Zdi-CDup_045-Ex1-10G-lcwgs-1-2.clmp.r1r2_fastp	0.453285	0.932761	1833242945.0	0.430101	98.86215807638553	0.6350323739981174
Zdi-CDup_046-Ex1-10H-lcwgs-1-2.clmp.r1r2_fastp	0.5182629999999999	0.93075	1616746109.0	0.43412	98.81583893766448	0.5984210567463126
Zdi-CDup_047-Ex1-11A-lcwgs-1-2.clmp.r1r2_fastp	0.350666	0.937993	1101356740.0	0.439363	98.93914964676702	0.8001376289551816
Zdi-CDup_050-Ex1-11D-lcwgs-1-2.clmp.r1r2_fastp	0.23355599999999999	0.934206	238333330.0	0.44008	98.85313728898612	0.8502871461509952
Zdi-CDup_051-Ex1-11E-lcwgs-1-2.clmp.r1r2_fastp	0.297803	0.934536	193949242.0	0.446091	98.90493977779293	0.7733188709137475
Zdi-CDup_054-Ex1-11G-lcwgs-1-2.clmp.r1r2_fastp	0.25167100000000003	0.94749	210206668.0	0.45415	99.04736866746137	1.0593755964749902
Zdi-CDup_056-Ex1-12A-lcwgs-1-2.clmp.r1r2_fastp	1.0862500000000002	0.9252	5451203377.0	0.432827	98.61656541801968	0.4246583551774422
Zdi-CDup_057-Ex1-12B-lcwgs-1-2.clmp.r1r2_fastp	0.658601	0.931035	3180010651.0	0.437269	98.74247466249525	0.5873521909807916
Zdi-CDup_058-Ex1-12C-lcwgs-1-2.clmp.r1r2_fastp	0.26240199999999997	0.938513	711821978.0	0.441792	98.92192054899311	0.8431619992601068
Zdi-CDup_059-Ex1-12D-lcwgs-1-2.clmp.r1r2_fastp	2.2626299999999997	0.927509	3571107205.0	0.43436	98.46271991743343	0.5254044326659212
Zdi-CDup_060-Ex1-12E-lcwgs-1-2.clmp.r1r2_fastp	0.246948	0.93138	392740947.0	0.438429	98.74124889331864	0.7482312202587915
Zdi-CDup_061-Ex1-12F-lcwgs-1-2.clmp.r1r2_fastp	0.33672599999999997	0.941063	1308056667.0	0.435022	98.98047640781003	0.8086814586584008
Zdi-CDup_062-Ex1-12G-lcwgs-1-2.clmp.r1r2_fastp	0.22503900000000002	0.93486	346599080.0	0.431486	98.83547821087869	0.7907202357069713
Zdi-CDup_064-Ex1-5A-lcwgs-1-2.clmp.r1r2_fastp	1.17172	0.93004	5031932345.0	0.417934	98.82666614884754	0.4409035478470864
Zdi-CDup_065-Ex1-5B-lcwgs-1-2.clmp.r1r2_fastp	1.11547	0.9344	3824253488.0	0.424214	98.87896023701698	0.5675232548173119
Zdi-CDup_066-Ex1-5C-lcwgs-1-2.clmp.r1r2_fastp	0.646865	0.931808	4292613484.0	0.47074	98.7641068683206	0.7630938271953928
Zdi-CDup_071-Ex1-12H-lcwgs-1-2.clmp.r1r2_fastp	0.353122	0.934663	516562976.0	0.433537	98.85404168862962	0.705067937594375
