Sample	32	37	42	47	52	57	62	67	72	77	82	87	92	97	102	107	112	117	122	127	132	137	142	147	150
Zdi-ADup_001-Ex1-11B-lcwgs-1-2.clmp.fp2_repr.R1	6925.0	31024.0	55438.0	85514.0	114469.0	137611.0	153029.0	164531.0	173925.0	177046.0	177268.0	171944.0	164513.0	154663.0	143784.0	132692.0	120177.0	107580.0	96312.0	85177.0	76127.0	68348.0	57075.0	69770.0	267701.0
Zdi-ADup_001-Ex1-11B-lcwgs-1-2.clmp.fp2_repr.R2	7336.0	31434.0	55036.0	84131.0	111419.0	133535.0	151188.0	164970.0	176158.0	181989.0	185890.0	180749.0	169618.0	156170.0	143191.0	130979.0	118012.0	104992.0	93668.0	82068.0	72761.0	65019.0	56069.0	64574.0	271687.0
Zdi-ADup_002-Ex1-9G-lcwgs-1-2.clmp.fp2_repr.R1	1687.0	7731.0	13697.0	20192.0	25866.0	29436.0	31157.0	31806.0	30698.0	29733.0	28064.0	25350.0	22652.0	20066.0	17345.0	15143.0	12639.0	10793.0	9041.0	7558.0	6263.0	5184.0	4094.0	4459.0	12860.0
Zdi-ADup_002-Ex1-9G-lcwgs-1-2.clmp.fp2_repr.R2	1773.0	7750.0	13630.0	20095.0	25514.0	28897.0	30994.0	31835.0	31022.0	30239.0	28819.0	25986.0	23049.0	20135.0	17146.0	14950.0	12427.0	10577.0	8811.0	7358.0	6062.0	5026.0	3982.0	4189.0	13248.0
Zdi-ADup_003-Ex1-9H-lcwgs-1-2.clmp.fp2_repr.R1	3997.0	17688.0	30025.0	43926.0	55776.0	63919.0	67473.0	69561.0	69200.0	67122.0	63527.0	58649.0	53360.0	47763.0	41931.0	36771.0	31498.0	26929.0	22594.0	19252.0	16281.0	13686.0	11084.0	11787.0	36638.0
Zdi-ADup_003-Ex1-9H-lcwgs-1-2.clmp.fp2_repr.R2	4104.0	17720.0	29903.0	43555.0	55012.0	62947.0	66976.0	69824.0	69958.0	68255.0	65347.0	60387.0	54245.0	47947.0	41631.0	36207.0	30883.0	26421.0	22098.0	18703.0	15715.0	13080.0	10958.0	10955.0	37606.0
Zdi-ADup_004-Ex1-10A-lcwgs-1-2.clmp.fp2_repr.R1	3545.0	16939.0	30874.0	47599.0	63380.0	75418.0	81557.0	86789.0	89855.0	91752.0	92494.0	89175.0	87321.0	83015.0	78985.0	73909.0	69328.0	63855.0	58137.0	52735.0	47785.0	43560.0	36721.0	46466.0	171474.0
Zdi-ADup_004-Ex1-10A-lcwgs-1-2.clmp.fp2_repr.R2	3819.0	17264.0	30716.0	47003.0	61853.0	73379.0	80635.0	87153.0	90880.0	93985.0	96780.0	93727.0	90103.0	83966.0	78852.0	72976.0	68112.0	62556.0	56429.0	50901.0	45697.0	41546.0	36168.0	42189.0	175979.0
Zdi-ADup_005-Ex1-10B-lcwgs-1-2.clmp.fp2_repr.R1	2463.0	10349.0	17372.0	24320.0	30443.0	34291.0	36066.0	37324.0	37312.0	36255.0	35098.0	32403.0	29745.0	26422.0	23660.0	20672.0	18145.0	15440.0	13265.0	11431.0	9899.0	8207.0	6566.0	7747.0	23803.0
Zdi-ADup_005-Ex1-10B-lcwgs-1-2.clmp.fp2_repr.R2	2466.0	10325.0	17209.0	23986.0	29882.0	33684.0	35803.0	37336.0	37665.0	36954.0	36142.0	33445.0	30351.0	26556.0	23568.0	20515.0	17979.0	15155.0	12942.0	11165.0	9577.0	7927.0	6454.0	7208.0	24404.0
Zdi-ADup_006-Ex1-10C-lcwgs-1-2.clmp.fp2_repr.R1	1787.0	7789.0	13127.0	19540.0	25574.0	30600.0	34164.0	36584.0	37970.0	39234.0	39301.0	37962.0	36651.0	34302.0	32110.0	29626.0	27054.0	23975.0	21715.0	19361.0	17236.0	15216.0	12780.0	17483.0	74657.0
Zdi-ADup_006-Ex1-10C-lcwgs-1-2.clmp.fp2_repr.R2	1872.0	7911.0	13024.0	19406.0	24983.0	29826.0	33786.0	36570.0	38454.0	40111.0	41036.0	39747.0	37560.0	34711.0	32008.0	29226.0	26630.0	23467.0	21122.0	18637.0	16448.0	14508.0	12620.0	15808.0	76327.0
Zdi-ADup_007-Ex1-10D-lcwgs-1-2.clmp.fp2_repr.R1	3844.0	15256.0	22522.0	30285.0	36890.0	41567.0	43194.0	43855.0	43313.0	42288.0	39440.0	35973.0	31745.0	28499.0	25075.0	21838.0	18723.0	15548.0	12932.0	11100.0	9196.0	7807.0	6215.0	6784.0	19909.0
Zdi-ADup_007-Ex1-10D-lcwgs-1-2.clmp.fp2_repr.R2	3897.0	15342.0	22407.0	30069.0	36187.0	40838.0	42922.0	44049.0	43859.0	43126.0	40823.0	37258.0	32265.0	28607.0	24860.0	21491.0	18358.0	15224.0	12591.0	10694.0	8891.0	7489.0	6109.0	6165.0	20277.0
Zdi-ADup_008-Ex1-10E-lcwgs-1-2.clmp.fp2_repr.R1	17.0	78.0	140.0	195.0	225.0	281.0	285.0	318.0	285.0	258.0	254.0	242.0	206.0	186.0	149.0	141.0	101.0	105.0	93.0	48.0	52.0	51.0	35.0	33.0	107.0
Zdi-ADup_008-Ex1-10E-lcwgs-1-2.clmp.fp2_repr.R2	16.0	78.0	136.0	198.0	221.0	281.0	273.0	316.0	290.0	262.0	266.0	256.0	198.0	193.0	153.0	142.0	99.0	101.0	86.0	49.0	52.0	43.0	34.0	28.0	114.0
Zdi-ADup_009-Ex1-10F-lcwgs-1-2.clmp.fp2_repr.R1	42704.0	191540.0	317148.0	443962.0	541035.0	597479.0	623624.0	626029.0	610975.0	579929.0	539054.0	489691.0	435863.0	381910.0	330299.0	283976.0	242002.0	202797.0	170742.0	142273.0	119724.0	99121.0	79237.0	83570.0	240611.0
Zdi-ADup_009-Ex1-10F-lcwgs-1-2.clmp.fp2_repr.R2	43678.0	192472.0	316398.0	440854.0	533856.0	589333.0	620115.0	627800.0	616277.0	589900.0	554232.0	504161.0	443092.0	382755.0	327819.0	279915.0	237397.0	198459.0	166315.0	138209.0	115566.0	95428.0	77893.0	77371.0	246000.0
Zdi-ADup_010-Ex1-10G-lcwgs-1-2.clmp.fp2_repr.R1	18026.0	70710.0	103916.0	136778.0	160962.0	174451.0	177991.0	175896.0	170031.0	160690.0	148942.0	132404.0	118145.0	103445.0	88784.0	76543.0	64734.0	53901.0	44998.0	37992.0	31151.0	25829.0	20728.0	22134.0	64311.0
Zdi-ADup_010-Ex1-10G-lcwgs-1-2.clmp.fp2_repr.R2	18299.0	70981.0	103673.0	135866.0	158899.0	172103.0	176898.0	176550.0	171551.0	163425.0	153277.0	136444.0	120306.0	103661.0	87927.0	75295.0	63509.0	52703.0	43853.0	36776.0	30084.0	24820.0	20312.0	20527.0	65753.0
Zdi-ADup_011-Ex1-10H-lcwgs-1-2.clmp.fp2_repr.R1	1198.0	4745.0	8007.0	11213.0	14651.0	16568.0	17865.0	18534.0	18301.0	17636.0	16410.0	14622.0	13318.0	11408.0	9859.0	8525.0	7184.0	5933.0	5061.0	4095.0	3484.0	2923.0	2417.0	2574.0	8164.0
Zdi-ADup_011-Ex1-10H-lcwgs-1-2.clmp.fp2_repr.R2	1195.0	4787.0	7941.0	11132.0	14442.0	16297.0	17825.0	18510.0	18485.0	17914.0	16815.0	15039.0	13516.0	11487.0	9812.0	8386.0	7038.0	5834.0	4950.0	4037.0	3360.0	2846.0	2383.0	2348.0	8316.0
Zdi-ADup_012-Ex1-11A-lcwgs-1-2.clmp.fp2_repr.R1	3048.0	11271.0	18154.0	24272.0	33209.0	41298.0	44697.0	49695.0	53814.0	57800.0	60896.0	60218.0	61210.0	61868.0	62392.0	63509.0	64053.0	63113.0	62663.0	62873.0	63657.0	64471.0	57247.0	116646.0	870198.0
Zdi-ADup_012-Ex1-11A-lcwgs-1-2.clmp.fp2_repr.R2	3919.0	12978.0	18835.0	23658.0	30392.0	37211.0	42873.0	50339.0	57310.0	65410.0	76614.0	79098.0	72498.0	67038.0	63192.0	62407.0	62514.0	60630.0	59584.0	58716.0	58408.0	58029.0	54830.0	114651.0	841138.0
Zdi-ADup_013-Ex1-12F-lcwgs-1-2.clmp.fp2_repr.R1	1884.0	8408.0	14149.0	19640.0	24863.0	27583.0	29629.0	30271.0	30095.0	28708.0	27630.0	25163.0	23051.0	20967.0	18287.0	16262.0	14540.0	12677.0	11111.0	9757.0	8433.0	7432.0	6291.0	8165.0	34820.0
Zdi-ADup_013-Ex1-12F-lcwgs-1-2.clmp.fp2_repr.R2	1935.0	8393.0	14077.0	19477.0	24375.0	27109.0	29479.0	30416.0	30454.0	29333.0	28673.0	26324.0	23656.0	21135.0	18163.0	16029.0	14251.0	12432.0	10867.0	9445.0	8075.0	7114.0	6194.0	7569.0	34841.0
Zdi-ADup_014-Ex1-11C-lcwgs-1-2.clmp.fp2_repr.R1	5206.0	20908.0	31820.0	43595.0	53906.0	60016.0	63192.0	65651.0	66024.0	65095.0	63155.0	59645.0	55263.0	50487.0	45954.0	41196.0	37465.0	32464.0	28737.0	25265.0	22039.0	19663.0	16273.0	19680.0	75692.0
Zdi-ADup_014-Ex1-11C-lcwgs-1-2.clmp.fp2_repr.R2	5362.0	21035.0	31822.0	43106.0	52672.0	58564.0	62628.0	65971.0	66903.0	66949.0	66383.0	62869.0	57082.0	51008.0	45491.0	40450.0	36512.0	31554.0	27843.0	24368.0	21038.0	18773.0	15843.0	18337.0	75828.0
Zdi-ADup_015-Ex1-11D-lcwgs-1-2.clmp.fp2_repr.R1	2565.0	10180.0	15348.0	20318.0	25139.0	28119.0	29929.0	30436.0	31162.0	30561.0	30349.0	28162.0	26765.0	24547.0	22624.0	20366.0	18087.0	16147.0	13824.0	12125.0	10822.0	9439.0	7752.0	8996.0	30837.0
Zdi-ADup_015-Ex1-11D-lcwgs-1-2.clmp.fp2_repr.R2	2588.0	10225.0	15314.0	20178.0	24692.0	27572.0	29660.0	30493.0	31534.0	31250.0	31540.0	29335.0	27340.0	24775.0	22379.0	20063.0	17805.0	15810.0	13396.0	11735.0	10384.0	8980.0	7567.0	8392.0	31592.0
Zdi-ADup_016-Ex1-11E-lcwgs-1-2.clmp.fp2_repr.R1	1054.0	5567.0	10573.0	16837.0	23039.0	27418.0	30235.0	32157.0	32619.0	32041.0	30870.0	28599.0	26088.0	23718.0	21283.0	18951.0	16705.0	14626.0	12749.0	10818.0	9393.0	8071.0	6678.0	7637.0	26317.0
Zdi-ADup_016-Ex1-11E-lcwgs-1-2.clmp.fp2_repr.R2	1106.0	5602.0	10474.0	16690.0	22625.0	26932.0	30014.0	32173.0	32890.0	32628.0	31823.0	29629.0	26680.0	23881.0	21130.0	18761.0	16521.0	14242.0	12389.0	10468.0	9008.0	7722.0	6540.0	7107.0	27008.0
Zdi-ADup_017-Ex1-11F-lcwgs-1-2.clmp.fp2_repr.R1	3955.0	16702.0	28005.0	40287.0	50957.0	58641.0	62369.0	64494.0	63821.0	61822.0	58546.0	53014.0	47874.0	42253.0	36371.0	31504.0	26974.0	23033.0	19209.0	16217.0	13656.0	11222.0	9223.0	9623.0	29127.0
Zdi-ADup_017-Ex1-11F-lcwgs-1-2.clmp.fp2_repr.R2	4014.0	16760.0	27953.0	39979.0	50132.0	57704.0	62078.0	64696.0	64450.0	62841.0	60284.0	54832.0	48692.0	42440.0	36034.0	31049.0	26421.0	22563.0	18699.0	15789.0	13139.0	10795.0	9058.0	8920.0	29577.0
Zdi-ADup_018-Ex1-11G-lcwgs-1-2.clmp.fp2_repr.R1	5731.0	23853.0	39977.0	57485.0	74445.0	86371.0	95292.0	100912.0	103208.0	102889.0	99486.0	92617.0	85950.0	78020.0	68487.0	61353.0	53687.0	46653.0	39889.0	34029.0	29522.0	25862.0	20721.0	23412.0	81859.0
Zdi-ADup_018-Ex1-11G-lcwgs-1-2.clmp.fp2_repr.R2	5971.0	24052.0	39640.0	56792.0	72959.0	84611.0	94481.0	101312.0	104465.0	104905.0	103013.0	96261.0	88001.0	78356.0	68021.0	60429.0	52627.0	45634.0	38802.0	32840.0	28489.0	24769.0	20366.0	21895.0	83019.0
Zdi-ADup_019-Ex1-11H-lcwgs-1-2.clmp.fp2_repr.R1	1724.0	8004.0	15070.0	23423.0	30722.0	36251.0	39388.0	41479.0	41529.0	40534.0	38098.0	34819.0	31132.0	27194.0	23456.0	19927.0	17203.0	14229.0	11897.0	10113.0	8488.0	7202.0	5688.0	5810.0	18207.0
Zdi-ADup_019-Ex1-11H-lcwgs-1-2.clmp.fp2_repr.R2	1784.0	8055.0	15010.0	23152.0	30191.0	35801.0	39173.0	41497.0	41932.0	41109.0	38996.0	35674.0	31609.0	27271.0	23398.0	19697.0	16873.0	13996.0	11641.0	9836.0	8220.0	6926.0	5645.0	5430.0	18671.0
Zdi-ADup_020-Ex1-12A-lcwgs-1-2.clmp.fp2_repr.R1	41642.0	197595.0	393046.0	660448.0	949744.0	1208064.0	1381222.0	1503162.0	1562842.0	1584793.0	1564654.0	1492046.0	1404983.0	1300017.0	1185785.0	1074058.0	958943.0	835626.0	728088.0	625689.0	543044.0	469448.0	385317.0	430544.0	1416772.0
Zdi-ADup_020-Ex1-12A-lcwgs-1-2.clmp.fp2_repr.R2	43007.0	199233.0	388892.0	649049.0	924576.0	1175846.0	1367040.0	1506715.0	1580710.0	1618867.0	1619384.0	1545924.0	1435583.0	1309923.0	1180299.0	1061338.0	942899.0	817916.0	710003.0	606535.0	524298.0	451560.0	381398.0	399157.0	1457420.0
Zdi-ADup_021-Ex1-12B-lcwgs-1-2.clmp.fp2_repr.R1	902000.0	3943351.0	6419377.0	8876890.0	10879780.0	12050112.0	12335971.0	12430143.0	12439738.0	12387147.0	12259611.0	11855333.0	11483636.0	11055215.0	10602967.0	10171032.0	9690359.0	9126367.0	8592716.0	8065701.0	7583635.0	7095013.0	6151614.0	7407772.0	28328443.0
Zdi-ADup_021-Ex1-12B-lcwgs-1-2.clmp.fp2_repr.R2	949302.0	3979509.0	6334313.0	8645099.0	10383127.0	11431641.0	12057831.0	12502022.0	12770055.0	13029391.0	13241719.0	12806121.0	12032491.0	11258194.0	10560849.0	9987066.0	9446577.0	8836145.0	8274304.0	7725701.0	7224026.0	6747469.0	6068527.0	6883356.0	28959088.0
Zdi-ADup_022-Ex1-12C-lcwgs-1-2.clmp.fp2_repr.R1	2183.0	9200.0	15176.0	21466.0	27014.0	31351.0	33002.0	34186.0	33794.0	33377.0	31649.0	29276.0	26847.0	24306.0	21560.0	19153.0	16730.0	14386.0	12355.0	10729.0	9169.0	7684.0	6361.0	7300.0	24930.0
Zdi-ADup_022-Ex1-12C-lcwgs-1-2.clmp.fp2_repr.R2	2220.0	9168.0	15043.0	21246.0	26504.0	30752.0	32753.0	34316.0	34176.0	34083.0	32807.0	30328.0	27305.0	24508.0	21438.0	18929.0	16425.0	14025.0	12046.0	10383.0	8810.0	7404.0	6317.0	6795.0	25403.0
Zdi-ADup_023-Ex1-12D-lcwgs-1-2.clmp.fp2_repr.R1	1493.0	6001.0	9623.0	13522.0	16944.0	19168.0	20169.0	20801.0	21024.0	20562.0	19687.0	17881.0	16313.0	14911.0	13122.0	11640.0	9944.0	8698.0	7480.0	6406.0	5343.0	4575.0	3621.0	4107.0	13443.0
Zdi-ADup_023-Ex1-12D-lcwgs-1-2.clmp.fp2_repr.R2	1509.0	6010.0	9594.0	13467.0	16657.0	18833.0	20017.0	20894.0	21278.0	20857.0	20306.0	18586.0	16694.0	15016.0	13034.0	11467.0	9744.0	8485.0	7287.0	6181.0	5148.0	4367.0	3570.0	3871.0	13606.0
Zdi-ADup_024-Ex1-12E-lcwgs-1-2.clmp.fp2_repr.R1	3333.0	14423.0	23039.0	31913.0	38857.0	41363.0	41891.0	40101.0	36806.0	32961.0	28940.0	24681.0	20873.0	17152.0	14181.0	11827.0	9890.0	8032.0	6594.0	5672.0	4678.0	4231.0	3448.0	4559.0	21829.0
Zdi-ADup_024-Ex1-12E-lcwgs-1-2.clmp.fp2_repr.R2	3362.0	14485.0	22965.0	31637.0	38451.0	40924.0	41693.0	40280.0	37165.0	33544.0	29867.0	25597.0	21305.0	17248.0	14058.0	11611.0	9660.0	7839.0	6434.0	5471.0	4396.0	4046.0	3329.0	4341.0	21566.0
Zdi-ADup_025-Ex1-2A-lcwgs-1-2.clmp.fp2_repr.R1	64184.0	324336.0	602676.0	887052.0	1101207.0	1202647.0	1199352.0	1154537.0	1072290.0	964354.0	852973.0	722822.0	606377.0	499224.0	407983.0	330147.0	262876.0	206914.0	162083.0	125272.0	98289.0	76867.0	57574.0	54460.0	133632.0
Zdi-ADup_025-Ex1-2A-lcwgs-1-2.clmp.fp2_repr.R2	64788.0	324564.0	599823.0	880832.0	1089323.0	1189693.0	1194546.0	1157681.0	1079915.0	976790.0	869144.0	737015.0	613133.0	500657.0	405700.0	326546.0	258754.0	203194.0	158574.0	122580.0	95772.0	74889.0	57343.0	51474.0	137398.0
Zdi-ADup_026-Ex1-12G-lcwgs-1-2.clmp.fp2_repr.R1	3207.0	13056.0	20946.0	28164.0	34641.0	38206.0	39110.0	38666.0	36778.0	33602.0	30217.0	25762.0	22159.0	18143.0	14922.0	12071.0	9672.0	7759.0	6081.0	4883.0	3847.0	3135.0	2351.0	2618.0	7699.0
Zdi-ADup_026-Ex1-12G-lcwgs-1-2.clmp.fp2_repr.R2	3208.0	13004.0	20720.0	28052.0	34224.0	37776.0	38991.0	38776.0	37106.0	34132.0	30902.0	26360.0	22331.0	18123.0	14802.0	11945.0	9541.0	7559.0	5929.0	4702.0	3737.0	3018.0	2353.0	2500.0	7904.0
Zdi-ADup_027-Ex1-12H-lcwgs-1-2.clmp.fp2_repr.R1	20827.0	85588.0	137582.0	195205.0	249803.0	289372.0	312339.0	325491.0	326169.0	313293.0	293285.0	263508.0	231353.0	199306.0	167316.0	137787.0	112704.0	90678.0	71080.0	55573.0	43193.0	33428.0	25151.0	22525.0	49414.0
Zdi-ADup_027-Ex1-12H-lcwgs-1-2.clmp.fp2_repr.R2	21129.0	85876.0	137022.0	193461.0	245821.0	284562.0	310767.0	326833.0	329349.0	318487.0	300982.0	270522.0	234682.0	199094.0	165395.0	135530.0	110427.0	88547.0	69331.0	54000.0	41937.0	32421.0	24727.0	21454.0	49614.0
Zdi-ADup_028-Ex1-9F-lcwgs-1-2.clmp.fp2_repr.R1	2167.0	9161.0	14509.0	19673.0	23304.0	25247.0	25206.0	25076.0	23892.0	22243.0	20463.0	18146.0	16055.0	13935.0	11873.0	10238.0	8527.0	7432.0	6094.0	5094.0	4283.0	3478.0	2859.0	2934.0	8938.0
Zdi-ADup_028-Ex1-9F-lcwgs-1-2.clmp.fp2_repr.R2	2143.0	9165.0	14546.0	19488.0	23024.0	24971.0	25131.0	25170.0	24050.0	22532.0	20924.0	18682.0	16240.0	13987.0	11762.0	10094.0	8386.0	7317.0	5938.0	4984.0	4137.0	3371.0	2837.0	2737.0	9211.0
Zdi-ADup_029-Ex1-1A-lcwgs-1-2.clmp.fp2_repr.R1	2530.0	12250.0	19618.0	24052.0	25532.0	24323.0	22116.0	19028.0	16001.0	12885.0	10300.0	7998.0	6050.0	4622.0	3534.0	2535.0	1942.0	1420.0	1067.0	781.0	574.0	469.0	325.0	299.0	800.0
Zdi-ADup_029-Ex1-1A-lcwgs-1-2.clmp.fp2_repr.R2	2527.0	12240.0	19555.0	24046.0	25389.0	24185.0	22049.0	19104.0	16094.0	13048.0	10479.0	8147.0	6096.0	4593.0	3520.0	2482.0	1885.0	1396.0	1046.0	758.0	562.0	449.0	323.0	291.0	787.0
Zdi-ADup_030-Ex1-1B-lcwgs-1-2.clmp.fp2_repr.R1	2550.0	12601.0	23969.0	35351.0	44221.0	47504.0	46939.0	44721.0	41008.0	35910.0	31238.0	26010.0	21079.0	16667.0	12824.0	9765.0	7194.0	5359.0	3865.0	2770.0	1929.0	1435.0	930.0	739.0	1322.0
Zdi-ADup_030-Ex1-1B-lcwgs-1-2.clmp.fp2_repr.R2	2596.0	12567.0	23866.0	35153.0	43833.0	47109.0	46818.0	44867.0	41282.0	36282.0	31639.0	26380.0	21311.0	16657.0	12676.0	9697.0	7090.0	5289.0	3764.0	2731.0	1885.0	1400.0	949.0	717.0	1342.0
Zdi-ADup_031-Ex1-1C-lcwgs-1-2.clmp.fp2_repr.R1	480.0	2244.0	3948.0	5779.0	7379.0	8139.0	8499.0	8133.0	7703.0	7000.0	6234.0	5339.0	4433.0	3649.0	2822.0	2390.0	1888.0	1434.0	1050.0	854.0	673.0	542.0	393.0	381.0	962.0
Zdi-ADup_031-Ex1-1C-lcwgs-1-2.clmp.fp2_repr.R2	488.0	2235.0	3878.0	5705.0	7379.0	8059.0	8433.0	8165.0	7781.0	7102.0	6352.0	5427.0	4483.0	3654.0	2818.0	2354.0	1850.0	1416.0	1038.0	841.0	648.0	527.0	382.0	377.0	956.0
Zdi-ADup_032-Ex1-1D-lcwgs-1-2.clmp.fp2_repr.R1	3237.0	15498.0	28568.0	45102.0	62511.0	76685.0	84710.0	93236.0	98211.0	101996.0	101331.0	99034.0	95425.0	88902.0	82145.0	75687.0	68359.0	60649.0	53795.0	47387.0	41816.0	36987.0	30547.0	37366.0	144130.0
Zdi-ADup_032-Ex1-1D-lcwgs-1-2.clmp.fp2_repr.R2	3498.0	15747.0	28270.0	44208.0	60504.0	74249.0	83690.0	93740.0	99753.0	104884.0	106694.0	104574.0	98467.0	89797.0	81640.0	74449.0	66891.0	59160.0	52186.0	45625.0	39888.0	35241.0	30005.0	35362.0	144792.0
Zdi-ADup_033-Ex1-1E-lcwgs-1-2.clmp.fp2_repr.R1	112.0	615.0	1171.0	1932.0	2408.0	2718.0	2701.0	2719.0	2581.0	2316.0	2195.0	1821.0	1637.0	1459.0	1237.0	1023.0	819.0	661.0	566.0	451.0	346.0	295.0	246.0	249.0	669.0
Zdi-ADup_033-Ex1-1E-lcwgs-1-2.clmp.fp2_repr.R2	116.0	608.0	1151.0	1909.0	2394.0	2657.0	2702.0	2734.0	2595.0	2354.0	2266.0	1869.0	1649.0	1472.0	1221.0	1013.0	809.0	647.0	536.0	438.0	347.0	281.0	249.0	213.0	717.0
Zdi-ADup_034-Ex1-1F-lcwgs-1-2.clmp.fp2_repr.R1	1304.0	6974.0	13786.0	21730.0	28616.0	32487.0	33678.0	33846.0	32289.0	29636.0	26926.0	23485.0	19603.0	16637.0	13884.0	11514.0	9363.0	7536.0	5923.0	4869.0	3850.0	3137.0	2440.0	2382.0	6532.0
Zdi-ADup_034-Ex1-1F-lcwgs-1-2.clmp.fp2_repr.R2	1283.0	6971.0	13689.0	21564.0	28308.0	32115.0	33606.0	33908.0	32481.0	30021.0	27298.0	23968.0	19882.0	16700.0	13845.0	11374.0	9283.0	7448.0	5774.0	4731.0	3772.0	3055.0	2423.0	2235.0	6693.0
Zdi-ADup_035-Ex1-1G-lcwgs-1-2.clmp.fp2_repr.R1	1125.0	5525.0	9881.0	14237.0	17292.0	18745.0	18555.0	17910.0	16802.0	15373.0	13569.0	11794.0	9969.0	8489.0	6924.0	5617.0	4539.0	3616.0	2888.0	2320.0	1749.0	1455.0	1092.0	1098.0	2650.0
Zdi-ADup_035-Ex1-1G-lcwgs-1-2.clmp.fp2_repr.R2	1104.0	5505.0	9871.0	14199.0	17132.0	18533.0	18479.0	17970.0	16876.0	15542.0	13827.0	12059.0	10134.0	8478.0	6871.0	5568.0	4445.0	3555.0	2837.0	2277.0	1695.0	1421.0	1067.0	1033.0	2736.0
Zdi-ADup_036-Ex1-1H-lcwgs-1-2.clmp.fp2_repr.R1	1376.0	7243.0	13195.0	18700.0	22314.0	23635.0	23624.0	21926.0	20210.0	17655.0	15301.0	12749.0	10358.0	8370.0	6657.0	5176.0	4042.0	3075.0	2307.0	1808.0	1403.0	1080.0	803.0	790.0	2555.0
Zdi-ADup_036-Ex1-1H-lcwgs-1-2.clmp.fp2_repr.R2	1394.0	7247.0	13119.0	18566.0	22203.0	23477.0	23558.0	21984.0	20344.0	17877.0	15522.0	12951.0	10431.0	8365.0	6638.0	5135.0	3979.0	3016.0	2266.0	1765.0	1354.0	1054.0	774.0	767.0	2566.0
Zdi-ADup_037-Ex1-3D-lcwgs-1-2.clmp.fp2_repr.R1	67765.0	362162.0	746352.0	1194769.0	1584448.0	1826042.0	1918600.0	1937176.0	1887587.0	1789238.0	1659028.0	1481500.0	1318755.0	1152290.0	992178.0	846399.0	714683.0	595417.0	494422.0	414955.0	352825.0	304129.0	247048.0	320564.0	1693797.0
Zdi-ADup_037-Ex1-3D-lcwgs-1-2.clmp.fp2_repr.R2	70300.0	364550.0	740351.0	1179632.0	1552454.0	1785687.0	1901578.0	1944679.0	1910535.0	1829969.0	1718380.0	1541030.0	1353300.0	1164165.0	989319.0	835751.0	702729.0	582357.0	481185.0	400409.0	337220.0	288788.0	243312.0	305626.0	1678823.0
Zdi-ADup_038-Ex1-2B-lcwgs-1-2.clmp.fp2_repr.R1	2908.0	14449.0	25845.0	35896.0	42769.0	45407.0	43853.0	42003.0	38293.0	34638.0	30919.0	26379.0	22489.0	18652.0	15664.0	12892.0	10642.0	8866.0	7026.0	5649.0	4635.0	3724.0	2929.0	2922.0	8258.0
Zdi-ADup_038-Ex1-2B-lcwgs-1-2.clmp.fp2_repr.R2	2947.0	14470.0	25654.0	35710.0	42433.0	45002.0	43631.0	42101.0	38555.0	35089.0	31419.0	26871.0	22795.0	18744.0	15578.0	12712.0	10560.0	8693.0	6885.0	5556.0	4503.0	3623.0	2915.0	2824.0	8437.0
Zdi-ADup_039-Ex1-2C-lcwgs-1-2.clmp.fp2_repr.R1	94820.0	482216.0	919876.0	1399052.0	1814544.0	2066727.0	2177356.0	2221412.0	2194214.0	2109066.0	1988210.0	1809537.0	1625037.0	1430916.0	1243430.0	1074141.0	918258.0	772407.0	644354.0	535857.0	447118.0	373015.0	295598.0	303407.0	902550.0
Zdi-ADup_039-Ex1-2C-lcwgs-1-2.clmp.fp2_repr.R2	97716.0	485659.0	915841.0	1385828.0	1786991.0	2032502.0	2162373.0	2226700.0	2214206.0	2144322.0	2039489.0	1856267.0	1649162.0	1436546.0	1237064.0	1061578.0	904206.0	758064.0	629664.0	521921.0	433880.0	361175.0	292921.0	284284.0	924759.0
Zdi-ADup_040-Ex1-2D-lcwgs-1-2.clmp.fp2_repr.R1	167810.0	799585.0	1417984.0	2057708.0	2600556.0	2931280.0	3077450.0	3155564.0	3164291.0	3098531.0	2987339.0	2779776.0	2559587.0	2312071.0	2059676.0	1816491.0	1581788.0	1351452.0	1147078.0	969995.0	820037.0	693655.0	558258.0	593098.0	1868052.0
Zdi-ADup_040-Ex1-2D-lcwgs-1-2.clmp.fp2_repr.R2	171983.0	802927.0	1408509.0	2031496.0	2546382.0	2866472.0	3048232.0	3166343.0	3200660.0	3166102.0	3087071.0	2873863.0	2611345.0	2325697.0	2048190.0	1794815.0	1553785.0	1323300.0	1118152.0	941946.0	791939.0	668610.0	552502.0	556776.0	1912015.0
Zdi-ADup_041-Ex1-2E-lcwgs-1-2.clmp.fp2_repr.R1	74350.0	360988.0	660874.0	983833.0	1250152.0	1399340.0	1455439.0	1467446.0	1434820.0	1365490.0	1280943.0	1156802.0	1029958.0	902399.0	778971.0	668432.0	564126.0	468196.0	386222.0	317836.0	261731.0	215495.0	170101.0	173827.0	495613.0
Zdi-ADup_041-Ex1-2E-lcwgs-1-2.clmp.fp2_repr.R2	75767.0	362456.0	657558.0	975194.0	1232111.0	1377285.0	1446802.0	1471246.0	1447407.0	1387428.0	1312003.0	1186442.0	1046084.0	905951.0	774415.0	660787.0	555427.0	459066.0	377786.0	309519.0	253958.0	208538.0	168652.0	163316.0	508186.0
Zdi-ADup_042-Ex1-2F-lcwgs-1-2.clmp.fp2_repr.R1	4597.0	23588.0	46575.0	76233.0	104318.0	123930.0	137491.0	145245.0	147578.0	146371.0	140348.0	129168.0	117217.0	104913.0	92521.0	80635.0	69230.0	59180.0	49802.0	41834.0	35409.0	30122.0	23919.0	26431.0	86139.0
Zdi-ADup_042-Ex1-2F-lcwgs-1-2.clmp.fp2_repr.R2	4667.0	23623.0	46225.0	75490.0	102681.0	121769.0	136491.0	145544.0	148827.0	148468.0	143807.0	132677.0	119321.0	105489.0	92138.0	79873.0	68146.0	58131.0	48683.0	40711.0	34433.0	29008.0	23728.0	24296.0	88568.0
Zdi-ADup_043-Ex1-2G-lcwgs-1-2.clmp.fp2_repr.R1	1018.0	4997.0	9367.0	14869.0	19400.0	22125.0	23877.0	24310.0	23936.0	22935.0	21474.0	19375.0	17366.0	15214.0	13263.0	11461.0	9547.0	8041.0	6597.0	5428.0	4460.0	3716.0	2882.0	3037.0	8581.0
Zdi-ADup_043-Ex1-2G-lcwgs-1-2.clmp.fp2_repr.R2	1031.0	4982.0	9289.0	14699.0	19109.0	21839.0	23738.0	24375.0	24071.0	23169.0	21918.0	19923.0	17692.0	15245.0	13159.0	11395.0	9465.0	7924.0	6465.0	5302.0	4379.0	3596.0	2829.0	2842.0	8840.0
Zdi-ADup_044-Ex1-2H-lcwgs-1-2.clmp.fp2_repr.R1	3564.0	17899.0	34094.0	51757.0	66245.0	75771.0	79431.0	80394.0	79257.0	76280.0	72182.0	65342.0	58896.0	51558.0	45376.0	39125.0	33530.0	28078.0	23251.0	19547.0	16320.0	13501.0	10630.0	11055.0	32775.0
Zdi-ADup_044-Ex1-2H-lcwgs-1-2.clmp.fp2_repr.R2	3612.0	18000.0	33997.0	51224.0	65349.0	74634.0	78870.0	80624.0	79798.0	77405.0	73925.0	66971.0	59790.0	51729.0	45144.0	38820.0	33044.0	27569.0	22788.0	19092.0	15772.0	13064.0	10564.0	10356.0	33717.0
Zdi-ADup_045-Ex1-3A-lcwgs-1-2.clmp.fp2_repr.R1	1370.0	7052.0	12932.0	19088.0	23514.0	25667.0	26377.0	25904.0	24928.0	22866.0	20887.0	18461.0	15997.0	13746.0	11601.0	9732.0	8132.0	6631.0	5396.0	4307.0	3629.0	2787.0	2299.0	2450.0	7525.0
Zdi-ADup_045-Ex1-3A-lcwgs-1-2.clmp.fp2_repr.R2	1399.0	7027.0	12883.0	18926.0	23264.0	25418.0	26254.0	25955.0	25065.0	23116.0	21290.0	18862.0	16177.0	13766.0	11585.0	9722.0	8013.0	6533.0	5265.0	4224.0	3510.0	2737.0	2297.0	2301.0	7689.0
Zdi-ADup_046-Ex1-3B-lcwgs-1-2.clmp.fp2_repr.R1	260.0	1485.0	2707.0	4212.0	5481.0	6176.0	6668.0	6977.0	6840.0	6653.0	6362.0	5878.0	5343.0	4540.0	4137.0	3470.0	2866.0	2536.0	2118.0	1723.0	1435.0	1239.0	945.0	1035.0	3147.0
Zdi-ADup_046-Ex1-3B-lcwgs-1-2.clmp.fp2_repr.R2	279.0	1447.0	2649.0	4127.0	5371.0	6095.0	6622.0	7025.0	6885.0	6732.0	6505.0	6053.0	5417.0	4600.0	4095.0	3469.0	2857.0	2498.0	2066.0	1685.0	1398.0	1211.0	933.0	1066.0	3148.0
Zdi-ADup_047-Ex1-3C-lcwgs-1-2.clmp.fp2_repr.R1	34398.0	168073.0	308426.0	460052.0	583112.0	651922.0	669450.0	666379.0	640101.0	600627.0	554512.0	496568.0	436276.0	379220.0	323855.0	277409.0	232769.0	194127.0	159964.0	132281.0	109890.0	91448.0	71778.0	74695.0	218565.0
Zdi-ADup_047-Ex1-3C-lcwgs-1-2.clmp.fp2_repr.R2	35241.0	169001.0	306288.0	454292.0	572313.0	640177.0	664150.0	668013.0	647004.0	611964.0	570934.0	511043.0	443398.0	380858.0	321870.0	274285.0	229220.0	190480.0	156438.0	128578.0	106562.0	88397.0	71242.0	69946.0	224203.0
Zdi-CDup_001-Ex1-5D-lcwgs-1-2.clmp.fp2_repr.R1	33908.0	121850.0	152276.0	174136.0	189968.0	195138.0	196824.0	205235.0	222054.0	237747.0	252254.0	260923.0	268039.0	271951.0	276557.0	278419.0	280208.0	279263.0	277405.0	275452.0	276697.0	277157.0	247183.0	445434.0	2492910.0
Zdi-CDup_001-Ex1-5D-lcwgs-1-2.clmp.fp2_repr.R2	35038.0	123154.0	151628.0	171078.0	181667.0	183954.0	191344.0	206148.0	229460.0	255770.0	291068.0	306668.0	296925.0	285654.0	280174.0	275877.0	275656.0	271970.0	267063.0	261035.0	256965.0	254216.0	238718.0	417636.0	2480122.0
Zdi-CDup_002-Ex1-5E-lcwgs-1-2.clmp.fp2_repr.R1	33935.0	127102.0	165814.0	194031.0	213761.0	227127.0	237762.0	257598.0	284177.0	304699.0	317721.0	319566.0	318385.0	315803.0	311648.0	307930.0	303590.0	295584.0	291068.0	285575.0	282379.0	279547.0	247536.0	430683.0	2441050.0
Zdi-CDup_002-Ex1-5E-lcwgs-1-2.clmp.fp2_repr.R2	35447.0	128933.0	165468.0	191051.0	205843.0	216061.0	232247.0	258641.0	292022.0	323270.0	357193.0	364676.0	347088.0	329126.0	314471.0	304783.0	297982.0	287873.0	279790.0	270312.0	262968.0	257435.0	239204.0	400500.0	2431687.0
Zdi-CDup_003-Ex1-5F-lcwgs-1-2.clmp.fp2_repr.R1	22056.0	73055.0	85783.0	95486.0	104796.0	109979.0	114828.0	126105.0	144355.0	160513.0	175140.0	181829.0	187250.0	190372.0	189129.0	187266.0	188185.0	186777.0	185447.0	183423.0	181343.0	180982.0	160145.0	256395.0	1371695.0
Zdi-CDup_003-Ex1-5F-lcwgs-1-2.clmp.fp2_repr.R2	22840.0	74117.0	85524.0	93620.0	99704.0	102668.0	111310.0	126854.0	149103.0	172931.0	200610.0	211492.0	205763.0	198552.0	190866.0	185230.0	184616.0	181589.0	178072.0	173858.0	169485.0	166984.0	155003.0	237989.0	1363554.0
Zdi-CDup_004-Ex1-5G-lcwgs-1-2.clmp.fp2_repr.R1	10658.0	37259.0	47143.0	54522.0	62069.0	66653.0	69910.0	77118.0	86149.0	94534.0	100514.0	104962.0	107127.0	108801.0	110595.0	111135.0	111132.0	109487.0	108380.0	106899.0	105600.0	105819.0	93141.0	162621.0	890198.0
Zdi-CDup_004-Ex1-5G-lcwgs-1-2.clmp.fp2_repr.R2	11071.0	37863.0	46894.0	53482.0	59144.0	62719.0	68144.0	77376.0	88758.0	101151.0	114825.0	121381.0	117565.0	113890.0	111682.0	110177.0	109186.0	106907.0	104427.0	101596.0	98654.0	97299.0	90186.0	152624.0	885425.0
Zdi-CDup_005-Ex1-5H-lcwgs-1-2.clmp.fp2_repr.R1	16496.0	56440.0	70941.0	88136.0	109734.0	130447.0	148479.0	185676.0	243358.0	302031.0	350090.0	381215.0	405900.0	422882.0	437211.0	452195.0	463026.0	469393.0	476793.0	480988.0	487595.0	495204.0	441817.0	762510.0	4324393.0
Zdi-CDup_005-Ex1-5H-lcwgs-1-2.clmp.fp2_repr.R2	19035.0	60395.0	71579.0	84564.0	97557.0	112182.0	139014.0	187382.0	256593.0	336113.0	421737.0	464765.0	459521.0	448998.0	444205.0	447712.0	453609.0	454277.0	455651.0	452241.0	451251.0	451867.0	425892.0	705790.0	4301020.0
Zdi-CDup_006-Ex1-6A-lcwgs-1-2.clmp.fp2_repr.R1	16084.0	57802.0	80922.0	108713.0	140496.0	167758.0	182462.0	214461.0	263032.0	313854.0	360492.0	394742.0	425854.0	453391.0	482080.0	511646.0	539007.0	562059.0	586938.0	610868.0	638608.0	667835.0	596893.0	1191897.0	7435664.0
Zdi-CDup_006-Ex1-6A-lcwgs-1-2.clmp.fp2_repr.R2	20164.0	64921.0	83010.0	105167.0	125245.0	144421.0	171160.0	217264.0	281632.0	360914.0	463155.0	516011.0	505253.0	495718.0	496767.0	510864.0	531880.0	546116.0	559222.0	571051.0	582918.0	598868.0	572190.0	1125543.0	7354104.0
Zdi-CDup_007-Ex1-6B-lcwgs-1-2.clmp.fp2_repr.R1	34072.0	127169.0	173043.0	211892.0	245141.0	263996.0	276026.0	297227.0	325158.0	352672.0	375586.0	385836.0	391512.0	392440.0	391054.0	386969.0	383435.0	374945.0	368671.0	361153.0	355429.0	351192.0	310044.0	515439.0	2758489.0
Zdi-CDup_007-Ex1-6B-lcwgs-1-2.clmp.fp2_repr.R2	35577.0	129395.0	172777.0	208345.0	235685.0	250920.0	269939.0	299400.0	335190.0	376433.0	424637.0	442545.0	426258.0	408287.0	393823.0	382206.0	376844.0	365013.0	354470.0	342829.0	332154.0	324126.0	299672.0	485283.0	2736782.0
Zdi-CDup_008-Ex1-6C-lcwgs-1-2.clmp.fp2_repr.R1	17318.0	62235.0	83194.0	102961.0	122348.0	138056.0	149951.0	170439.0	200669.0	230234.0	253418.0	269422.0	282544.0	292932.0	303759.0	315352.0	326384.0	335588.0	346092.0	356138.0	371049.0	386418.0	343356.0	702136.0	4624945.0
Zdi-CDup_008-Ex1-6C-lcwgs-1-2.clmp.fp2_repr.R2	19886.0	66882.0	84861.0	100914.0	113672.0	124678.0	143920.0	173007.0	213447.0	259913.0	319128.0	348075.0	332717.0	319086.0	312619.0	315369.0	321936.0	326980.0	331586.0	334237.0	339219.0	347489.0	327684.0	670785.0	4538848.0
Zdi-CDup_010-Ex1-6D-lcwgs-1-2.clmp.fp2_repr.R1	41210.0	148769.0	193817.0	234897.0	271492.0	297868.0	307799.0	333255.0	372504.0	412776.0	449036.0	470547.0	491863.0	510215.0	528791.0	549037.0	568382.0	582797.0	604057.0	624394.0	651051.0	683619.0	604139.0	1305041.0	8661393.0
Zdi-CDup_010-Ex1-6D-lcwgs-1-2.clmp.fp2_repr.R2	46202.0	156424.0	195863.0	230250.0	254021.0	271501.0	295957.0	337871.0	394469.0	467042.0	567663.0	611561.0	583601.0	557785.0	546561.0	549928.0	562138.0	567613.0	577035.0	583042.0	592297.0	609577.0	576802.0	1257399.0	8506147.0
Zdi-CDup_011-Ex1-6E-lcwgs-1-2.clmp.fp2_repr.R1	28620.0	103944.0	137833.0	169434.0	196308.0	215644.0	226706.0	250503.0	288969.0	331792.0	367591.0	391092.0	411715.0	429143.0	449532.0	468607.0	486042.0	502342.0	517643.0	534863.0	556242.0	580225.0	516335.0	1044875.0	6749131.0
Zdi-CDup_011-Ex1-6E-lcwgs-1-2.clmp.fp2_repr.R2	32508.0	110820.0	139915.0	166057.0	183081.0	195947.0	216910.0	254052.0	306102.0	374268.0	458953.0	496955.0	480903.0	465284.0	462478.0	468085.0	480528.0	489294.0	494714.0	500732.0	508185.0	520618.0	494632.0	994999.0	6659111.0
Zdi-CDup_012-Ex1-6F-lcwgs-1-2.clmp.fp2_repr.R1	12244.0	42153.0	51942.0	61945.0	73579.0	81903.0	89724.0	104152.0	124659.0	144597.0	159795.0	170116.0	176656.0	180601.0	183622.0	183146.0	185851.0	186053.0	185019.0	184722.0	186072.0	185231.0	163631.0	281072.0	1594145.0
Zdi-CDup_012-Ex1-6F-lcwgs-1-2.clmp.fp2_repr.R2	13235.0	43782.0	52260.0	60688.0	68679.0	75017.0	86498.0	105248.0	129883.0	157068.0	187826.0	203007.0	196911.0	190104.0	185481.0	181478.0	182404.0	180323.0	177520.0	174680.0	173270.0	170380.0	157749.0	266072.0	1573067.0
Zdi-CDup_013-Ex1-6G-lcwgs-1-2.clmp.fp2_repr.R1	8575.0	31342.0	41864.0	51871.0	61032.0	67865.0	72670.0	79197.0	85474.0	92009.0	97720.0	100171.0	102145.0	104126.0	103205.0	103293.0	102212.0	100267.0	98150.0	96934.0	95458.0	94756.0	83874.0	149158.0	818982.0
Zdi-CDup_013-Ex1-6G-lcwgs-1-2.clmp.fp2_repr.R2	8808.0	31701.0	41549.0	50872.0	58497.0	64458.0	70873.0	79559.0	87817.0	97858.0	110363.0	114789.0	111327.0	108172.0	104151.0	102516.0	100986.0	98259.0	94906.0	92206.0	89439.0	87495.0	81175.0	144120.0	810454.0
Zdi-CDup_014-Ex1-6H-lcwgs-1-2.clmp.fp2_repr.R1	37447.0	136225.0	170882.0	194447.0	208282.0	212323.0	212411.0	218533.0	228211.0	239426.0	246987.0	247117.0	245314.0	241739.0	237550.0	233644.0	227467.0	221302.0	215371.0	209956.0	204657.0	202028.0	177421.0	300645.0	1640455.0
Zdi-CDup_014-Ex1-6H-lcwgs-1-2.clmp.fp2_repr.R2	38298.0	137586.0	170636.0	192459.0	202387.0	204442.0	208778.0	220271.0	234106.0	253223.0	275751.0	280008.0	265489.0	251097.0	239155.0	231243.0	223206.0	215566.0	207127.0	199274.0	191188.0	185954.0	171394.0	283491.0	1627711.0
Zdi-CDup_015-Ex1-7A-lcwgs-1-2.clmp.fp2_repr.R1	4041.0	14753.0	19599.0	23801.0	27026.0	29598.0	31326.0	33927.0	37721.0	41633.0	45727.0	48684.0	51443.0	53617.0	55522.0	57331.0	58657.0	59273.0	59865.0	60746.0	61433.0	62586.0	55626.0	108762.0	620832.0
Zdi-CDup_015-Ex1-7A-lcwgs-1-2.clmp.fp2_repr.R2	4284.0	15027.0	19514.0	23297.0	25535.0	27393.0	30187.0	33900.0	39136.0	45357.0	54015.0	58846.0	57897.0	56932.0	56822.0	57338.0	58300.0	58119.0	57869.0	57841.0	57204.0	57243.0	53705.0	107651.0	610117.0
Zdi-CDup_016-Ex1-7B-lcwgs-1-2.clmp.fp2_repr.R1	46291.0	174164.0	231111.0	271984.0	300167.0	310342.0	312300.0	328225.0	356565.0	385259.0	410320.0	423713.0	431166.0	436146.0	439211.0	443725.0	444864.0	442541.0	440069.0	438749.0	437694.0	437838.0	391881.0	670154.0	3738346.0
Zdi-CDup_016-Ex1-7B-lcwgs-1-2.clmp.fp2_repr.R2	48955.0	178605.0	232132.0	268839.0	288978.0	293955.0	304659.0	330292.0	368926.0	414846.0	472458.0	496629.0	476823.0	457935.0	444380.0	440030.0	437233.0	430336.0	423592.0	416157.0	407897.0	403501.0	377329.0	631848.0	3696490.0
Zdi-CDup_017-Ex1-7C-lcwgs-1-2.clmp.fp2_repr.R1	25786.0	90774.0	110339.0	126158.0	140652.0	150434.0	160013.0	182195.0	212174.0	241110.0	263292.0	277299.0	284275.0	286950.0	290830.0	291613.0	291323.0	288077.0	285543.0	283319.0	280433.0	278944.0	248570.0	415634.0	2264425.0
Zdi-CDup_017-Ex1-7C-lcwgs-1-2.clmp.fp2_repr.R2	27541.0	93468.0	111159.0	124386.0	134043.0	140692.0	155492.0	183814.0	219465.0	258715.0	301408.0	321517.0	311957.0	300026.0	293802.0	289065.0	286780.0	280703.0	275394.0	269216.0	262361.0	257551.0	240238.0	394812.0	2236557.0
Zdi-CDup_018-Ex1-7D-lcwgs-1-2.clmp.fp2_repr.R1	44805.0	148795.0	173386.0	191541.0	207052.0	217234.0	218207.0	236515.0	271004.0	310141.0	344728.0	370711.0	393677.0	413986.0	435292.0	457184.0	476058.0	491938.0	512166.0	529542.0	549200.0	571703.0	513068.0	1030848.0	6395453.0
Zdi-CDup_018-Ex1-7D-lcwgs-1-2.clmp.fp2_repr.R2	49390.0	156899.0	175985.0	188388.0	193077.0	195742.0	207875.0	239439.0	288446.0	354238.0	441609.0	486465.0	467708.0	452099.0	447611.0	456481.0	470417.0	479026.0	490429.0	497159.0	504400.0	515855.0	491667.0	991173.0	6262656.0
Zdi-CDup_019-Ex1-7E-lcwgs-1-2.clmp.fp2_repr.R1	29458.0	109740.0	142210.0	165550.0	181508.0	187609.0	188386.0	197598.0	214754.0	231711.0	245509.0	252373.0	256188.0	259293.0	262950.0	266137.0	269942.0	271709.0	273355.0	276343.0	279393.0	287851.0	256337.0	490482.0	2975845.0
Zdi-CDup_019-Ex1-7E-lcwgs-1-2.clmp.fp2_repr.R2	31395.0	113200.0	143437.0	164155.0	174932.0	177022.0	183292.0	198915.0	222862.0	251540.0	288229.0	302159.0	287855.0	275615.0	267878.0	264945.0	266719.0	264976.0	262892.0	261385.0	258496.0	262223.0	246776.0	469131.0	2932202.0
Zdi-CDup_021-Ex1-7G-lcwgs-1-2.clmp.fp2_repr.R1	37057.0	132029.0	161509.0	178598.0	188629.0	193288.0	193987.0	205660.0	224423.0	245466.0	260996.0	269177.0	277043.0	282636.0	287640.0	292240.0	296251.0	297744.0	302208.0	303574.0	308322.0	315050.0	281732.0	527374.0	3180270.0
Zdi-CDup_021-Ex1-7G-lcwgs-1-2.clmp.fp2_repr.R2	39085.0	135896.0	162425.0	176735.0	181504.0	182566.0	188597.0	206591.0	232333.0	266014.0	305812.0	321114.0	310680.0	299827.0	292837.0	291002.0	292382.0	290181.0	290821.0	287491.0	286542.0	286961.0	271276.0	498344.0	3145887.0
Zdi-CDup_022-Ex1-7H-lcwgs-1-2.clmp.fp2_repr.R1	34480.0	131037.0	169760.0	195982.0	209906.0	218308.0	224864.0	242517.0	265529.0	285575.0	295698.0	296930.0	293824.0	286478.0	279756.0	273522.0	265736.0	255808.0	248145.0	239242.0	232061.0	228113.0	200591.0	321500.0	1673849.0
Zdi-CDup_022-Ex1-7H-lcwgs-1-2.clmp.fp2_repr.R2	35677.0	132784.0	169853.0	193831.0	203951.0	209460.0	220813.0	243584.0	271522.0	299656.0	324803.0	329740.0	314045.0	295742.0	281156.0	270698.0	261495.0	249594.0	239819.0	228369.0	218227.0	211263.0	194484.0	302286.0	1666359.0
Zdi-CDup_026-Ex1-8D-lcwgs-1-2.clmp.fp2_repr.R1	25456.0	90106.0	111575.0	124754.0	133956.0	139990.0	143546.0	156344.0	176686.0	197823.0	218883.0	230679.0	241520.0	248116.0	254403.0	260008.0	263889.0	266481.0	269141.0	271318.0	274773.0	280615.0	250239.0	461662.0	2749739.0
Zdi-CDup_026-Ex1-8D-lcwgs-1-2.clmp.fp2_repr.R2	27378.0	93500.0	112664.0	123516.0	128090.0	130793.0	139601.0	157986.0	184545.0	215982.0	257439.0	276034.0	270837.0	262656.0	258466.0	258420.0	260061.0	259612.0	258776.0	256165.0	254767.0	255223.0	240598.0	435136.0	2723457.0
Zdi-CDup_031-Ex1-9A-lcwgs-1-2.clmp.fp2_repr.R1	18371.0	69354.0	92144.0	110657.0	125608.0	133391.0	137904.0	150557.0	169105.0	190170.0	208140.0	220099.0	230009.0	236896.0	244377.0	249513.0	256177.0	258304.0	260794.0	262208.0	266134.0	271005.0	241127.0	439671.0	2610495.0
Zdi-CDup_031-Ex1-9A-lcwgs-1-2.clmp.fp2_repr.R2	19708.0	71549.0	92255.0	108249.0	118255.0	123080.0	132464.0	150906.0	175481.0	207112.0	244826.0	263095.0	257836.0	250495.0	248212.0	247996.0	251933.0	251539.0	250280.0	247069.0	246296.0	246909.0	233275.0	405888.0	2607502.0
Zdi-CDup_033-Ex1-9C-lcwgs-1-2.clmp.fp2_repr.R1	32866.0	115817.0	141286.0	154131.0	158865.0	158867.0	156887.0	161602.0	172766.0	183153.0	190614.0	195514.0	198662.0	199756.0	199445.0	199776.0	199640.0	196490.0	195264.0	192408.0	191171.0	189978.0	169494.0	283737.0	1583954.0
Zdi-CDup_033-Ex1-9C-lcwgs-1-2.clmp.fp2_repr.R2	33672.0	117171.0	141227.0	152303.0	153972.0	151513.0	153343.0	162527.0	177600.0	195338.0	216408.0	225667.0	217606.0	208672.0	201214.0	197673.0	196122.0	191142.0	187760.0	182349.0	178362.0	175015.0	164047.0	262885.0	1578555.0
Zdi-CDup_034-Ex1-9D-lcwgs-1-2.clmp.fp2_repr.R1	57908.0	214520.0	268552.0	293805.0	299656.0	293139.0	279386.0	274219.0	277510.0	282817.0	290451.0	292247.0	296706.0	298760.0	301389.0	303344.0	309665.0	308959.0	311379.0	312249.0	317394.0	324216.0	285808.0	557076.0	3445673.0
Zdi-CDup_034-Ex1-9D-lcwgs-1-2.clmp.fp2_repr.R2	59711.0	216453.0	268132.0	290224.0	289779.0	279945.0	273253.0	275128.0	285832.0	303850.0	335933.0	346188.0	331145.0	316395.0	306437.0	302302.0	305045.0	300901.0	298672.0	294353.0	292841.0	294260.0	276215.0	512013.0	3441821.0
Zdi-CDup_035-Ex1-9E-lcwgs-1-2.clmp.fp2_repr.R1	27904.0	95883.0	116780.0	129512.0	139069.0	145858.0	151695.0	166335.0	188864.0	211545.0	229862.0	238553.0	245321.0	250273.0	253498.0	255824.0	256172.0	255002.0	253356.0	252171.0	251046.0	251273.0	224829.0	386459.0	2205702.0
Zdi-CDup_035-Ex1-9E-lcwgs-1-2.clmp.fp2_repr.R2	29291.0	97921.0	116971.0	127123.0	132549.0	136373.0	147037.0	167240.0	195180.0	227506.0	263402.0	278211.0	270297.0	262371.0	256112.0	253403.0	251660.0	247977.0	243817.0	238625.0	234025.0	231058.0	217369.0	358288.0	2198980.0
Zdi-CDup_037-Ex1-9G-lcwgs-1-2.clmp.fp2_repr.R1	22421.0	78187.0	94640.0	104863.0	111061.0	116431.0	119058.0	128675.0	144278.0	160516.0	174657.0	183855.0	190335.0	194418.0	199163.0	200963.0	204646.0	204980.0	204523.0	204478.0	204390.0	205612.0	183697.0	315533.0	1773051.0
Zdi-CDup_037-Ex1-9G-lcwgs-1-2.clmp.fp2_repr.R2	23429.0	79653.0	94687.0	103308.0	105890.0	108792.0	115270.0	129237.0	149262.0	172543.0	200882.0	213957.0	209629.0	203877.0	201367.0	199238.0	200943.0	199282.0	196629.0	193812.0	190229.0	189100.0	178089.0	289303.0	1776023.0
Zdi-CDup_038-Ex1-9H-lcwgs-1-2.clmp.fp2_repr.R1	26409.0	94858.0	119596.0	134994.0	142931.0	146373.0	149174.0	157144.0	169118.0	177748.0	182607.0	182402.0	181994.0	179449.0	176008.0	173313.0	170971.0	166156.0	163128.0	159512.0	158052.0	156752.0	137080.0	239762.0	1372486.0
Zdi-CDup_038-Ex1-9H-lcwgs-1-2.clmp.fp2_repr.R2	27074.0	96206.0	119410.0	133236.0	137810.0	139526.0	146118.0	157728.0	173106.0	187593.0	204441.0	207209.0	197497.0	186767.0	177854.0	171910.0	168080.0	161412.0	156729.0	151157.0	147413.0	144388.0	132563.0	220001.0	1372789.0
Zdi-CDup_039-Ex1-10A-lcwgs-1-2.clmp.fp2_repr.R1	5547.0	21193.0	28256.0	34352.0	38441.0	41490.0	44449.0	49240.0	56021.0	63060.0	69385.0	72260.0	73837.0	75596.0	77266.0	79170.0	79525.0	79279.0	79464.0	79255.0	80027.0	80364.0	71358.0	134072.0	733137.0
Zdi-CDup_039-Ex1-10A-lcwgs-1-2.clmp.fp2_repr.R2	6064.0	22050.0	28697.0	34061.0	36803.0	39067.0	43373.0	49752.0	58366.0	68896.0	81444.0	86351.0	82440.0	79572.0	78358.0	78789.0	78624.0	77589.0	76891.0	75162.0	74266.0	73204.0	68280.0	135866.0	712079.0
Zdi-CDup_040-Ex1-10B-lcwgs-1-2.clmp.fp2_repr.R1	9075.0	32684.0	42236.0	48427.0	52417.0	53986.0	55482.0	57455.0	60779.0	62719.0	65424.0	64507.0	64404.0	63438.0	62791.0	61748.0	60537.0	58343.0	56758.0	54766.0	54383.0	53398.0	46738.0	82392.0	422673.0
Zdi-CDup_040-Ex1-10B-lcwgs-1-2.clmp.fp2_repr.R2	9383.0	33171.0	42288.0	48234.0	51291.0	52416.0	54729.0	57818.0	62209.0	65922.0	72997.0	73193.0	69448.0	65704.0	63267.0	61316.0	59911.0	57168.0	55072.0	52442.0	51181.0	49333.0	45059.0	83489.0	410519.0
Zdi-CDup_041-Ex1-10C-lcwgs-1-2.clmp.fp2_repr.R1	25498.0	91744.0	113397.0	125253.0	129947.0	131598.0	134205.0	144242.0	158462.0	171816.0	181296.0	184401.0	184854.0	182453.0	180153.0	178040.0	176119.0	170299.0	166465.0	162266.0	159631.0	157681.0	139118.0	232613.0	1227771.0
Zdi-CDup_041-Ex1-10C-lcwgs-1-2.clmp.fp2_repr.R2	26663.0	94094.0	114338.0	124831.0	126971.0	126801.0	132040.0	145635.0	163423.0	183345.0	204562.0	210821.0	200706.0	189668.0	181321.0	176181.0	173210.0	165888.0	160480.0	154643.0	149444.0	145643.0	133524.0	228367.0	1196723.0
Zdi-CDup_042-Ex1-10D-lcwgs-1-2.clmp.fp2_repr.R1	43018.0	154087.0	192342.0	214223.0	222772.0	226901.0	227424.0	237316.0	260527.0	286813.0	311230.0	324892.0	336413.0	344895.0	353187.0	362536.0	368672.0	374156.0	378749.0	383357.0	390843.0	400173.0	359005.0	698498.0	4116131.0
Zdi-CDup_042-Ex1-10D-lcwgs-1-2.clmp.fp2_repr.R2	46609.0	160387.0	195108.0	213467.0	214887.0	214336.0	222048.0	240750.0	273491.0	317263.0	374158.0	399020.0	383263.0	368102.0	360317.0	361327.0	364830.0	365744.0	364058.0	362565.0	361567.0	363831.0	343104.0	688361.0	4009567.0
Zdi-CDup_043-Ex1-10E-lcwgs-1-2.clmp.fp2_repr.R1	44564.0	147159.0	175273.0	198680.0	221729.0	238953.0	245171.0	274060.0	324815.0	381559.0	432281.0	467698.0	500938.0	534921.0	571321.0	613008.0	652498.0	691141.0	735938.0	778181.0	831881.0	888953.0	801326.0	1722915.0	11166698.0
Zdi-CDup_043-Ex1-10E-lcwgs-1-2.clmp.fp2_repr.R2	54999.0	166719.0	186379.0	200725.0	206712.0	211912.0	234618.0	283575.0	359687.0	461498.0	606903.0	672497.0	633223.0	603604.0	597773.0	616934.0	649064.0	676383.0	704923.0	728675.0	759210.0	795142.0	758294.0	1729269.0	10742943.0
Zdi-CDup_045-Ex1-10G-lcwgs-1-2.clmp.fp2_repr.R1	43803.0	143762.0	164827.0	172926.0	174664.0	174820.0	176551.0	190364.0	213056.0	238286.0	260385.0	272332.0	279421.0	283069.0	286117.0	289081.0	290469.0	287670.0	287049.0	284909.0	286623.0	286269.0	257442.0	445999.0	2440599.0
Zdi-CDup_045-Ex1-10G-lcwgs-1-2.clmp.fp2_repr.R2	46068.0	147923.0	166781.0	172904.0	169431.0	166638.0	173031.0	192648.0	221514.0	257750.0	301326.0	318945.0	308551.0	296997.0	289376.0	286902.0	286305.0	280608.0	276895.0	270973.0	267920.0	262961.0	246709.0	433825.0	2387512.0
Zdi-CDup_046-Ex1-10H-lcwgs-1-2.clmp.fp2_repr.R1	27893.0	90798.0	105681.0	113670.0	119734.0	126530.0	134457.0	153140.0	179473.0	204110.0	222294.0	229868.0	235458.0	238220.0	241939.0	243149.0	244365.0	243815.0	244540.0	243911.0	246700.0	248908.0	223738.0	404746.0	2313255.0
Zdi-CDup_046-Ex1-10H-lcwgs-1-2.clmp.fp2_repr.R2	30032.0	94714.0	107478.0	113005.0	115306.0	119294.0	131445.0	155315.0	187254.0	222022.0	259996.0	272858.0	262629.0	251664.0	245799.0	242256.0	241127.0	237867.0	235790.0	231243.0	229163.0	227749.0	214095.0	394494.0	2257797.0
Zdi-CDup_047-Ex1-11A-lcwgs-1-2.clmp.fp2_repr.R1	31397.0	129885.0	182953.0	218233.0	232491.0	230288.0	221005.0	216882.0	216976.0	219647.0	221366.0	215349.0	208234.0	200157.0	193112.0	186108.0	179300.0	170776.0	164057.0	157302.0	152537.0	147850.0	129836.0	209782.0	1077785.0
Zdi-CDup_047-Ex1-11A-lcwgs-1-2.clmp.fp2_repr.R2	32304.0	131477.0	183102.0	216476.0	227656.0	223434.0	218119.0	218042.0	222148.0	230680.0	243118.0	239880.0	223048.0	206441.0	193645.0	183851.0	175694.0	165952.0	157763.0	149259.0	142578.0	136368.0	125434.0	197614.0	1069225.0
Zdi-CDup_050-Ex1-11D-lcwgs-1-2.clmp.fp2_repr.R1	7252.0	26393.0	33808.0	37473.0	39277.0	38341.0	37525.0	37517.0	37938.0	38643.0	39171.0	39162.0	39081.0	38619.0	37756.0	37728.0	36795.0	35922.0	34539.0	33902.0	33191.0	33120.0	28942.0	51835.0	282128.0
Zdi-CDup_050-Ex1-11D-lcwgs-1-2.clmp.fp2_repr.R2	7339.0	26663.0	33792.0	37152.0	38384.0	37044.0	36968.0	37703.0	38875.0	40788.0	43887.0	44754.0	42421.0	40136.0	38143.0	37397.0	36306.0	35274.0	33293.0	32327.0	30964.0	30413.0	27821.0	50992.0	277222.0
Zdi-CDup_051-Ex1-11E-lcwgs-1-2.clmp.fp2_repr.R1	5329.0	19552.0	24892.0	28091.0	29024.0	29327.0	29144.0	29676.0	31129.0	31824.0	32705.0	32247.0	32160.0	31722.0	30930.0	30357.0	29983.0	28737.0	28339.0	27312.0	27000.0	27195.0	23651.0	41992.0	233348.0
Zdi-CDup_051-Ex1-11E-lcwgs-1-2.clmp.fp2_repr.R2	5479.0	19820.0	24968.0	27860.0	28247.0	28280.0	28607.0	29821.0	32001.0	33760.0	36750.0	37148.0	35067.0	33109.0	31144.0	30099.0	29510.0	28104.0	27150.0	25996.0	25187.0	24911.0	22819.0	41027.0	228802.0
Zdi-CDup_054-Ex1-11G-lcwgs-1-2.clmp.fp2_repr.R1	21521.0	76001.0	90621.0	94545.0	91005.0	83561.0	75796.0	69095.0	63963.0	58676.0	53893.0	48639.0	44136.0	39903.0	36649.0	33395.0	30200.0	27332.0	24584.0	22631.0	20617.0	18893.0	16210.0	23599.0	106617.0
Zdi-CDup_054-Ex1-11G-lcwgs-1-2.clmp.fp2_repr.R2	21651.0	76206.0	90600.0	94227.0	90150.0	82320.0	75480.0	69399.0	64630.0	60436.0	57090.0	51745.0	45734.0	40415.0	36461.0	32843.0	29572.0	26467.0	23756.0	21732.0	19461.0	17793.0	15668.0	22957.0	105289.0
Zdi-CDup_056-Ex1-12A-lcwgs-1-2.clmp.fp2_repr.R1	22713.0	73481.0	90615.0	107597.0	127889.0	146280.0	150806.0	170873.0	208937.0	254030.0	293926.0	325819.0	359533.0	391112.0	428857.0	466070.0	510087.0	545791.0	592950.0	634672.0	691334.0	751754.0	671425.0	1583666.0	11415438.0
Zdi-CDup_056-Ex1-12A-lcwgs-1-2.clmp.fp2_repr.R2	29224.0	84921.0	95810.0	104806.0	111464.0	119343.0	138099.0	174500.0	231582.0	312026.0	423210.0	484131.0	465625.0	449601.0	453646.0	471620.0	507310.0	531611.0	563150.0	585867.0	619867.0	660170.0	638721.0	1490733.0	11268618.0
Zdi-CDup_057-Ex1-12B-lcwgs-1-2.clmp.fp2_repr.R1	48584.0	153074.0	173572.0	185512.0	194290.0	202822.0	203916.0	218712.0	244781.0	276341.0	302432.0	321014.0	338260.0	351678.0	366603.0	379809.0	395452.0	406895.0	419384.0	429701.0	447456.0	464762.0	415619.0	833344.0	5390868.0
Zdi-CDup_057-Ex1-12B-lcwgs-1-2.clmp.fp2_repr.R2	51504.0	158063.0	175482.0	182959.0	183845.0	186219.0	196039.0	221253.0	257649.0	308647.0	373373.0	405725.0	393102.0	379929.0	376464.0	378941.0	390523.0	395807.0	401175.0	403362.0	410664.0	418865.0	398975.0	777324.0	5338992.0
Zdi-CDup_058-Ex1-12C-lcwgs-1-2.clmp.fp2_repr.R1	26582.0	93233.0	113228.0	122029.0	122076.0	118678.0	113929.0	112864.0	113578.0	116457.0	118248.0	117941.0	117344.0	115327.0	114539.0	111873.0	110459.0	106696.0	103992.0	101758.0	101071.0	98968.0	87607.0	149692.0	821723.0
Zdi-CDup_058-Ex1-12C-lcwgs-1-2.clmp.fp2_repr.R2	26993.0	93947.0	113069.0	121103.0	119239.0	114783.0	112297.0	113520.0	116264.0	123004.0	132178.0	134047.0	127169.0	119723.0	115277.0	110752.0	108609.0	104137.0	100505.0	96830.0	94659.0	91387.0	84668.0	143783.0	811949.0
Zdi-CDup_059-Ex1-12D-lcwgs-1-2.clmp.fp2_repr.R1	17838.0	58181.0	70226.0	83132.0	98875.0	114546.0	119595.0	138871.0	172076.0	214883.0	255417.0	283646.0	324880.0	350336.0	386861.0	404283.0	438604.0	447046.0	479026.0	484448.0	524284.0	539586.0	496769.0	992076.0	6511972.0
Zdi-CDup_059-Ex1-12D-lcwgs-1-2.clmp.fp2_repr.R2	21698.0	64168.0	71945.0	79793.0	86697.0	95400.0	110164.0	141329.0	187734.0	252656.0	338925.0	384114.0	390632.0	385303.0	399454.0	404433.0	433209.0	434612.0	456741.0	451907.0	478867.0	482214.0	476176.0	936205.0	6443081.0
Zdi-CDup_060-Ex1-12E-lcwgs-1-2.clmp.fp2_repr.R1	6263.0	22133.0	28403.0	32041.0	34907.0	36306.0	37007.0	39108.0	41768.0	45043.0	47714.0	49218.0	51207.0	53044.0	54416.0	55339.0	56156.0	55857.0	56521.0	56596.0	57115.0	58269.0	51669.0	99990.0	577669.0
Zdi-CDup_060-Ex1-12E-lcwgs-1-2.clmp.fp2_repr.R2	6455.0	22433.0	28203.0	31456.0	33600.0	34333.0	35861.0	39135.0	43138.0	48649.0	56146.0	58869.0	57227.0	56030.0	55197.0	55113.0	55638.0	54638.0	54659.0	53877.0	53146.0	53003.0	49926.0	99464.0	567563.0
Zdi-CDup_061-Ex1-12F-lcwgs-1-2.clmp.fp2_repr.R1	49471.0	167287.0	195221.0	203213.0	203125.0	198843.0	194489.0	198376.0	212350.0	226377.0	237327.0	239600.0	240346.0	236323.0	231656.0	223743.0	219315.0	214330.0	207543.0	200866.0	197434.0	192086.0	169638.0	263457.0	1389461.0
Zdi-CDup_061-Ex1-12F-lcwgs-1-2.clmp.fp2_repr.R2	50221.0	168734.0	194928.0	201288.0	197990.0	191395.0	191317.0	199484.0	217210.0	238161.0	262170.0	267524.0	257642.0	244150.0	232750.0	221680.0	215471.0	208740.0	200441.0	192091.0	186186.0	179107.0	164706.0	246040.0	1382451.0
Zdi-CDup_062-Ex1-12G-lcwgs-1-2.clmp.fp2_repr.R1	8094.0	27696.0	33836.0	36962.0	38941.0	39433.0	39310.0	40804.0	42727.0	45057.0	47682.0	48787.0	51020.0	51780.0	52688.0	52662.0	52991.0	52443.0	52707.0	51859.0	51661.0	51656.0	45598.0	82848.0	462152.0
Zdi-CDup_062-Ex1-12G-lcwgs-1-2.clmp.fp2_repr.R2	8295.0	27958.0	33768.0	36396.0	37510.0	37700.0	38533.0	40955.0	43781.0	47991.0	54209.0	56570.0	55722.0	54147.0	53330.0	52325.0	52346.0	51490.0	50978.0	49440.0	48463.0	47346.0	44202.0	80409.0	457530.0
Zdi-CDup_064-Ex1-5A-lcwgs-1-2.clmp.fp2_repr.R1	12494.0	41100.0	53686.0	70193.0	93432.0	115823.0	128239.0	160818.0	213208.0	273680.0	329933.0	376280.0	421827.0	467089.0	514032.0	561155.0	610490.0	653970.0	697381.0	736446.0	779452.0	825695.0	745919.0	1469895.0	9343630.0
Zdi-CDup_064-Ex1-5A-lcwgs-1-2.clmp.fp2_repr.R2	16976.0	48670.0	55705.0	65225.0	75323.0	88377.0	114188.0	162906.0	231933.0	322816.0	437725.0	505569.0	509141.0	515939.0	533242.0	561411.0	602401.0	634072.0	663976.0	687358.0	712372.0	742464.0	719082.0	1355632.0	9333364.0
Zdi-CDup_065-Ex1-5B-lcwgs-1-2.clmp.fp2_repr.R1	21728.0	80800.0	111845.0	141474.0	173364.0	200343.0	225917.0	275962.0	347116.0	413253.0	459267.0	487033.0	507493.0	522388.0	539738.0	555702.0	570943.0	579688.0	590663.0	598938.0	607061.0	619337.0	554052.0	975252.0	5737974.0
Zdi-CDup_065-Ex1-5B-lcwgs-1-2.clmp.fp2_repr.R2	24836.0	85564.0	112403.0	136873.0	158543.0	177989.0	214839.0	277976.0	362512.0	451588.0	540759.0	582297.0	569751.0	554612.0	548794.0	552360.0	561316.0	562939.0	565465.0	564487.0	561003.0	565650.0	535857.0	898382.0	5730536.0
Zdi-CDup_066-Ex1-5C-lcwgs-1-2.clmp.fp2_repr.R1	76785.0	248292.0	280816.0	304353.0	325747.0	336706.0	341357.0	370420.0	422038.0	476122.0	520151.0	548329.0	573816.0	594200.0	611100.0	624319.0	642290.0	648141.0	658074.0	663014.0	671938.0	677959.0	603577.0	1048034.0	6020586.0
Zdi-CDup_066-Ex1-5C-lcwgs-1-2.clmp.fp2_repr.R2	81147.0	255398.0	282630.0	299574.0	306205.0	309132.0	328397.0	375247.0	445296.0	531611.0	639561.0	687433.0	660284.0	634775.0	619490.0	616376.0	627321.0	625653.0	627035.0	622435.0	620062.0	618358.0	578164.0	987318.0	5909262.0
Zdi-CDup_071-Ex1-12H-lcwgs-1-2.clmp.fp2_repr.R1	8124.0	28051.0	33862.0	37605.0	41195.0	43657.0	46526.0	51214.0	58218.0	65266.0	69865.0	73433.0	75308.0	76793.0	78937.0	79538.0	80797.0	79895.0	79950.0	79573.0	79574.0	79618.0	70933.0	125894.0	713650.0
Zdi-CDup_071-Ex1-12H-lcwgs-1-2.clmp.fp2_repr.R2	8482.0	28430.0	34024.0	37009.0	39229.0	40963.0	45198.0	51432.0	60348.0	70058.0	80537.0	85837.0	83264.0	80523.0	79770.0	79084.0	79621.0	78045.0	76963.0	75624.0	74080.0	73302.0	68399.0	119354.0	707900.0
