	23.0	24.0	25.0	26.0	27.0	28.0	29.0	30.0	31.0	32.0	33.0	34.0	35.0	36.0	37.0	38.0	39.0	40.0
Zdi-ADup_001-Ex1-11B-lcwgs-1-2.clmp.fp2_repr.R1	1.0	5.0	58.0	295.0	733.0	1875.0	3906.0	7615.0	11971.0	18739.0	25967.0	38073.0	55750.0	94730.0	166022.0	366752.0	1351353.0	848798.0
	22.0	23.0	24.0	25.0	26.0	27.0	28.0	29.0	30.0	31.0	32.0	33.0	34.0	35.0	36.0	37.0	38.0	39.0	40.0
Zdi-ADup_001-Ex1-11B-lcwgs-1-2.clmp.fp2_repr.R2	3.0	23.0	115.0	375.0	816.0	1505.0	2691.0	4317.0	6747.0	9529.0	13597.0	19411.0	29316.0	46828.0	83963.0	151340.0	353964.0	1350907.0	917196.0
	24.0	25.0	26.0	27.0	28.0	29.0	30.0	31.0	32.0	33.0	34.0	35.0	36.0	37.0	38.0	39.0	40.0
Zdi-ADup_002-Ex1-9G-lcwgs-1-2.clmp.fp2_repr.R1	2.0	6.0	32.0	99.0	266.0	522.0	956.0	1499.0	2361.0	3149.0	4463.0	6606.0	11353.0	20042.0	44935.0	179337.0	147886.0
	23.0	24.0	25.0	26.0	27.0	28.0	29.0	30.0	31.0	32.0	33.0	34.0	35.0	36.0	37.0	38.0	39.0	40.0
Zdi-ADup_002-Ex1-9G-lcwgs-1-2.clmp.fp2_repr.R2	5.0	18.0	48.0	92.0	143.0	297.0	510.0	794.0	1106.0	1614.0	2144.0	3019.0	4976.0	8709.0	16008.0	38158.0	172747.0	173126.0
	24.0	25.0	26.0	27.0	28.0	29.0	30.0	31.0	32.0	33.0	34.0	35.0	36.0	37.0	38.0	39.0	40.0
Zdi-ADup_003-Ex1-9H-lcwgs-1-2.clmp.fp2_repr.R1	1.0	18.0	86.0	222.0	551.0	1094.0	2103.0	3318.0	5199.0	7352.0	10443.0	15607.0	26835.0	47656.0	107318.0	422607.0	330027.0
	22.0	23.0	24.0	25.0	26.0	27.0	28.0	29.0	30.0	31.0	32.0	33.0	34.0	35.0	36.0	37.0	38.0	39.0	40.0
Zdi-ADup_003-Ex1-9H-lcwgs-1-2.clmp.fp2_repr.R2	1.0	4.0	42.0	86.0	222.0	366.0	739.0	1182.0	1918.0	2509.0	3643.0	5257.0	7746.0	11941.0	21765.0	39640.0	95129.0	413983.0	374264.0
	23.0	24.0	25.0	26.0	27.0	28.0	29.0	30.0	31.0	32.0	33.0	34.0	35.0	36.0	37.0	38.0	39.0	40.0
Zdi-ADup_004-Ex1-10A-lcwgs-1-2.clmp.fp2_repr.R1	1.0	6.0	28.0	131.0	363.0	977.0	2077.0	3905.0	6226.0	9655.0	13639.0	20271.0	30908.0	53743.0	96609.0	222348.0	827850.0	393931.0
	23.0	24.0	25.0	26.0	27.0	28.0	29.0	30.0	31.0	32.0	33.0	34.0	35.0	36.0	37.0	38.0	39.0	40.0
Zdi-ADup_004-Ex1-10A-lcwgs-1-2.clmp.fp2_repr.R2	13.0	53.0	177.0	475.0	770.0	1381.0	2288.0	3640.0	5019.0	7511.0	10378.0	16454.0	25483.0	46464.0	84133.0	202071.0	779287.0	497071.0
	24.0	25.0	26.0	27.0	28.0	29.0	30.0	31.0	32.0	33.0	34.0	35.0	36.0	37.0	38.0	39.0	40.0
Zdi-ADup_005-Ex1-10B-lcwgs-1-2.clmp.fp2_repr.R1	1.0	15.0	78.0	193.0	475.0	830.0	1482.0	2234.0	3326.0	4642.0	6749.0	10138.0	17615.0	30957.0	71787.0	261252.0	136924.0
	22.0	23.0	24.0	25.0	26.0	27.0	28.0	29.0	30.0	31.0	32.0	33.0	34.0	35.0	36.0	37.0	38.0	39.0	40.0
Zdi-ADup_005-Ex1-10B-lcwgs-1-2.clmp.fp2_repr.R2	1.0	4.0	22.0	51.0	160.0	250.0	458.0	671.0	1102.0	1512.0	2033.0	2864.0	4386.0	7004.0	12912.0	23769.0	58371.0	236177.0	196951.0
	24.0	25.0	26.0	27.0	28.0	29.0	30.0	31.0	32.0	33.0	34.0	35.0	36.0	37.0	38.0	39.0	40.0
Zdi-ADup_006-Ex1-10C-lcwgs-1-2.clmp.fp2_repr.R1	2.0	9.0	45.0	146.0	337.0	802.0	1549.0	2475.0	3804.0	5556.0	8071.0	12276.0	22200.0	39883.0	91340.0	337851.0	159452.0
	23.0	24.0	25.0	26.0	27.0	28.0	29.0	30.0	31.0	32.0	33.0	34.0	35.0	36.0	37.0	38.0	39.0	40.0
Zdi-ADup_006-Ex1-10C-lcwgs-1-2.clmp.fp2_repr.R2	5.0	27.0	83.0	183.0	274.0	564.0	864.0	1479.0	2040.0	2971.0	4162.0	6528.0	10356.0	18603.0	34239.0	82549.0	317498.0	203373.0
	23.0	24.0	25.0	26.0	27.0	28.0	29.0	30.0	31.0	32.0	33.0	34.0	35.0	36.0	37.0	38.0	39.0	40.0
Zdi-ADup_007-Ex1-10D-lcwgs-1-2.clmp.fp2_repr.R1	2.0	1.0	8.0	51.0	183.0	453.0	835.0	1581.0	2400.0	3736.0	5075.0	7469.0	10913.0	18733.0	33059.0	76287.0	291889.0	161123.0
	23.0	24.0	25.0	26.0	27.0	28.0	29.0	30.0	31.0	32.0	33.0	34.0	35.0	36.0	37.0	38.0	39.0	40.0
Zdi-ADup_007-Ex1-10D-lcwgs-1-2.clmp.fp2_repr.R2	5.0	19.0	66.0	203.0	339.0	587.0	884.0	1449.0	2052.0	2702.0	3850.0	5548.0	8654.0	15247.0	26959.0	62632.0	249346.0	233256.0
	23.0	24.0	25.0	26.0	27.0	28.0	29.0	30.0	31.0	32.0	33.0	34.0	35.0	36.0	37.0	38.0	39.0	40.0
Zdi-ADup_008-Ex1-10E-lcwgs-1-2.clmp.fp2_repr.R1	1.0	0.0	0.0	0.0	0.0	1.0	8.0	14.0	13.0	21.0	40.0	53.0	57.0	111.0	201.0	459.0	1873.0	1033.0
	24.0	25.0	26.0	27.0	28.0	29.0	30.0	31.0	32.0	33.0	34.0	35.0	36.0	37.0	38.0	39.0	40.0
Zdi-ADup_008-Ex1-10E-lcwgs-1-2.clmp.fp2_repr.R2	1.0	0.0	1.0	1.0	2.0	4.0	6.0	8.0	20.0	23.0	34.0	46.0	103.0	161.0	335.0	1644.0	1496.0
	23.0	24.0	25.0	26.0	27.0	28.0	29.0	30.0	31.0	32.0	33.0	34.0	35.0	36.0	37.0	38.0	39.0	40.0
Zdi-ADup_009-Ex1-10F-lcwgs-1-2.clmp.fp2_repr.R1	1.0	8.0	147.0	664.0	1831.0	4820.0	9885.0	18815.0	29489.0	45471.0	63332.0	91786.0	136186.0	237358.0	421484.0	996739.0	3971671.0	2385608.0
	22.0	23.0	24.0	25.0	26.0	27.0	28.0	29.0	30.0	31.0	32.0	33.0	34.0	35.0	36.0	37.0	38.0	39.0	40.0
Zdi-ADup_009-Ex1-10F-lcwgs-1-2.clmp.fp2_repr.R2	5.0	33.0	298.0	885.0	2131.0	3768.0	6908.0	10881.0	17487.0	23936.0	34186.0	46066.0	68318.0	104804.0	189198.0	338210.0	804881.0	3426993.0	3336307.0
	24.0	25.0	26.0	27.0	28.0	29.0	30.0	31.0	32.0	33.0	34.0	35.0	36.0	37.0	38.0	39.0	40.0
Zdi-ADup_010-Ex1-10G-lcwgs-1-2.clmp.fp2_repr.R1	8.0	60.0	210.0	580.0	1569.0	3222.0	5897.0	9293.0	13847.0	18920.0	27807.0	40829.0	70364.0	122770.0	287842.0	1115827.0	664447.0
	22.0	23.0	24.0	25.0	26.0	27.0	28.0	29.0	30.0	31.0	32.0	33.0	34.0	35.0	36.0	37.0	38.0	39.0	40.0
Zdi-ADup_010-Ex1-10G-lcwgs-1-2.clmp.fp2_repr.R2	1.0	13.0	76.0	243.0	643.0	1121.0	2107.0	3209.0	5128.0	6917.0	10050.0	13177.0	19500.0	29819.0	53003.0	94319.0	223544.0	943534.0	977088.0
	25.0	26.0	27.0	28.0	29.0	30.0	31.0	32.0	33.0	34.0	35.0	36.0	37.0	38.0	39.0	40.0
Zdi-ADup_011-Ex1-10H-lcwgs-1-2.clmp.fp2_repr.R1	3.0	12.0	54.0	130.0	285.0	544.0	847.0	1330.0	1842.0	2587.0	3999.0	7239.0	12507.0	29841.0	116716.0	66759.0
	23.0	24.0	25.0	26.0	27.0	28.0	29.0	30.0	31.0	32.0	33.0	34.0	35.0	36.0	37.0	38.0	39.0	40.0
Zdi-ADup_011-Ex1-10H-lcwgs-1-2.clmp.fp2_repr.R2	2.0	4.0	31.0	46.0	90.0	183.0	312.0	474.0	681.0	946.0	1322.0	1943.0	3101.0	5430.0	9815.0	24123.0	103118.0	93074.0
	24.0	25.0	26.0	27.0	28.0	29.0	30.0	31.0	32.0	33.0	34.0	35.0	36.0	37.0	38.0	39.0	40.0
Zdi-ADup_012-Ex1-11A-lcwgs-1-2.clmp.fp2_repr.R1	9.0	44.0	220.0	610.0	1719.0	3501.0	6782.0	11226.0	17548.0	25260.0	37941.0	56763.0	92088.0	155671.0	333143.0	1027005.0	362742.0
	22.0	23.0	24.0	25.0	26.0	27.0	28.0	29.0	30.0	31.0	32.0	33.0	34.0	35.0	36.0	37.0	38.0	39.0	40.0
Zdi-ADup_012-Ex1-11A-lcwgs-1-2.clmp.fp2_repr.R2	4.0	48.0	234.0	653.0	1299.0	2097.0	3679.0	5634.0	8677.0	12032.0	17399.0	24870.0	39437.0	64423.0	114944.0	201340.0	422264.0	937803.0	275435.0
	23.0	24.0	25.0	26.0	27.0	28.0	29.0	30.0	31.0	32.0	33.0	34.0	35.0	36.0	37.0	38.0	39.0	40.0
Zdi-ADup_013-Ex1-12F-lcwgs-1-2.clmp.fp2_repr.R1	1.0	2.0	8.0	48.0	123.0	350.0	616.0	1105.0	1754.0	2765.0	3614.0	5418.0	8049.0	13824.0	23724.0	53074.0	198812.0	146529.0
	23.0	24.0	25.0	26.0	27.0	28.0	29.0	30.0	31.0	32.0	33.0	34.0	35.0	36.0	37.0	38.0	39.0	40.0
Zdi-ADup_013-Ex1-12F-lcwgs-1-2.clmp.fp2_repr.R2	8.0	23.0	66.0	133.0	219.0	379.0	626.0	935.0	1268.0	1841.0	2610.0	4095.0	6546.0	11728.0	21498.0	50399.0	193270.0	164172.0
	24.0	25.0	26.0	27.0	28.0	29.0	30.0	31.0	32.0	33.0	34.0	35.0	36.0	37.0	38.0	39.0	40.0
Zdi-ADup_014-Ex1-11C-lcwgs-1-2.clmp.fp2_repr.R1	4.0	16.0	94.0	237.0	669.0	1379.0	2513.0	4015.0	6421.0	9000.0	13218.0	19251.0	32849.0	56845.0	126392.0	475787.0	319701.0
	23.0	24.0	25.0	26.0	27.0	28.0	29.0	30.0	31.0	32.0	33.0	34.0	35.0	36.0	37.0	38.0	39.0	40.0
Zdi-ADup_014-Ex1-11C-lcwgs-1-2.clmp.fp2_repr.R2	12.0	40.0	118.0	290.0	561.0	983.0	1638.0	2468.0	3391.0	4873.0	6819.0	10590.0	16947.0	30400.0	53635.0	123603.0	458486.0	353537.0
	25.0	26.0	27.0	28.0	29.0	30.0	31.0	32.0	33.0	34.0	35.0	36.0	37.0	38.0	39.0	40.0
Zdi-ADup_015-Ex1-11D-lcwgs-1-2.clmp.fp2_repr.R1	4.0	38.0	106.0	286.0	592.0	1073.0	1799.0	2707.0	3886.0	5598.0	8375.0	14386.0	25649.0	57822.0	221519.0	160759.0
	22.0	23.0	24.0	25.0	26.0	27.0	28.0	29.0	30.0	31.0	32.0	33.0	34.0	35.0	36.0	37.0	38.0	39.0	40.0
Zdi-ADup_015-Ex1-11D-lcwgs-1-2.clmp.fp2_repr.R2	1.0	2.0	18.0	58.0	115.0	236.0	378.0	649.0	1016.0	1442.0	2110.0	2883.0	4337.0	6831.0	12299.0	22507.0	53076.0	216568.0	180073.0
	25.0	26.0	27.0	28.0	29.0	30.0	31.0	32.0	33.0	34.0	35.0	36.0	37.0	38.0	39.0	40.0
Zdi-ADup_016-Ex1-11E-lcwgs-1-2.clmp.fp2_repr.R1	9.0	31.0	91.0	287.0	544.0	1041.0	1655.0	2481.0	3606.0	5061.0	7592.0	13180.0	23538.0	52519.0	204616.0	157792.0
	22.0	23.0	24.0	25.0	26.0	27.0	28.0	29.0	30.0	31.0	32.0	33.0	34.0	35.0	36.0	37.0	38.0	39.0	40.0
Zdi-ADup_016-Ex1-11E-lcwgs-1-2.clmp.fp2_repr.R2	1.0	2.0	17.0	55.0	118.0	210.0	401.0	581.0	967.0	1328.0	1890.0	2702.0	3988.0	6022.0	10832.0	19841.0	47914.0	205401.0	171773.0
	24.0	25.0	26.0	27.0	28.0	29.0	30.0	31.0	32.0	33.0	34.0	35.0	36.0	37.0	38.0	39.0	40.0
Zdi-ADup_017-Ex1-11F-lcwgs-1-2.clmp.fp2_repr.R1	2.0	11.0	66.0	161.0	454.0	1022.0	1843.0	2883.0	4712.0	6282.0	9208.0	13440.0	23456.0	41474.0	94332.0	376691.0	302862.0
	23.0	24.0	25.0	26.0	27.0	28.0	29.0	30.0	31.0	32.0	33.0	34.0	35.0	36.0	37.0	38.0	39.0	40.0
Zdi-ADup_017-Ex1-11F-lcwgs-1-2.clmp.fp2_repr.R2	6.0	29.0	76.0	201.0	392.0	727.0	1115.0	1744.0	2338.0	3504.0	4585.0	6991.0	10815.0	19756.0	35789.0	85361.0	363772.0	341698.0
	24.0	25.0	26.0	27.0	28.0	29.0	30.0	31.0	32.0	33.0	34.0	35.0	36.0	37.0	38.0	39.0	40.0
Zdi-ADup_018-Ex1-11G-lcwgs-1-2.clmp.fp2_repr.R1	2.0	28.0	125.0	351.0	889.0	1820.0	3428.0	5497.0	8527.0	11975.0	17175.0	25067.0	43111.0	76227.0	172146.0	679093.0	486249.0
	22.0	23.0	24.0	25.0	26.0	27.0	28.0	29.0	30.0	31.0	32.0	33.0	34.0	35.0	36.0	37.0	38.0	39.0	40.0
Zdi-ADup_018-Ex1-11G-lcwgs-1-2.clmp.fp2_repr.R2	2.0	12.0	46.0	165.0	357.0	698.0	1205.0	2015.0	3086.0	4306.0	6235.0	8533.0	12982.0	20342.0	37330.0	67337.0	159383.0	658458.0	549218.0
	24.0	25.0	26.0	27.0	28.0	29.0	30.0	31.0	32.0	33.0	34.0	35.0	36.0	37.0	38.0	39.0	40.0
Zdi-ADup_019-Ex1-11H-lcwgs-1-2.clmp.fp2_repr.R1	1.0	10.0	37.0	122.0	260.0	731.0	1202.0	1878.0	2973.0	3987.0	5683.0	8657.0	15370.0	26104.0	59547.0	237652.0	187373.0
	23.0	24.0	25.0	26.0	27.0	28.0	29.0	30.0	31.0	32.0	33.0	34.0	35.0	36.0	37.0	38.0	39.0	40.0
Zdi-ADup_019-Ex1-11H-lcwgs-1-2.clmp.fp2_repr.R2	4.0	21.0	50.0	153.0	199.0	407.0	670.0	1011.0	1456.0	2070.0	2792.0	4204.0	6556.0	11471.0	21063.0	51927.0	233958.0	213575.0
	23.0	24.0	25.0	26.0	27.0	28.0	29.0	30.0	31.0	32.0	33.0	34.0	35.0	36.0	37.0	38.0	39.0	40.0
Zdi-ADup_020-Ex1-12A-lcwgs-1-2.clmp.fp2_repr.R1	6.0	69.0	489.0	2170.0	6156.0	15769.0	31760.0	60431.0	94583.0	146263.0	200662.0	291139.0	421145.0	710923.0	1235510.0	2704004.0	10446755.0	7529738.0
	22.0	23.0	24.0	25.0	26.0	27.0	28.0	29.0	30.0	31.0	32.0	33.0	34.0	35.0	36.0	37.0	38.0	39.0	40.0
Zdi-ADup_020-Ex1-12A-lcwgs-1-2.clmp.fp2_repr.R2	12.0	147.0	889.0	2710.0	6127.0	10963.0	20215.0	31810.0	51106.0	70861.0	103119.0	142795.0	215556.0	335267.0	592156.0	1063382.0	2502914.0	10632465.0	8115078.0
	22.0	23.0	24.0	25.0	26.0	27.0	28.0	29.0	30.0	31.0	32.0	33.0	34.0	35.0	36.0	37.0	38.0	39.0	40.0
Zdi-ADup_021-Ex1-12B-lcwgs-1-2.clmp.fp2_repr.R1	2.0	66.0	1229.0	9032.0	39728.0	109991.0	276954.0	568842.0	1072627.0	1677635.0	2551359.0	3428263.0	4757788.0	6531411.0	10116273.0	15862603.0	30892543.0	103108785.0	71128792.0
	21.0	22.0	23.0	24.0	25.0	26.0	27.0	28.0	29.0	30.0	31.0	32.0	33.0	34.0	35.0	36.0	37.0	38.0	39.0	40.0
Zdi-ADup_021-Ex1-12B-lcwgs-1-2.clmp.fp2_repr.R2	9.0	268.0	2905.0	16610.0	52722.0	119240.0	209165.0	374890.0	594338.0	933357.0	1299966.0	1884600.0	2570549.0	3773285.0	5573184.0	9178152.0	14969318.0	31432735.0	109045182.0	70103448.0
	25.0	26.0	27.0	28.0	29.0	30.0	31.0	32.0	33.0	34.0	35.0	36.0	37.0	38.0	39.0	40.0
Zdi-ADup_022-Ex1-12C-lcwgs-1-2.clmp.fp2_repr.R1	9.0	60.0	128.0	305.0	634.0	1148.0	1885.0	2897.0	3995.0	5784.0	8444.0	14650.0	25276.0	56228.0	214336.0	167405.0
	23.0	24.0	25.0	26.0	27.0	28.0	29.0	30.0	31.0	32.0	33.0	34.0	35.0	36.0	37.0	38.0	39.0	40.0
Zdi-ADup_022-Ex1-12C-lcwgs-1-2.clmp.fp2_repr.R2	1.0	19.0	41.0	110.0	203.0	398.0	579.0	948.0	1327.0	1988.0	2697.0	4175.0	6537.0	11854.0	21439.0	50702.0	212913.0	187253.0
	25.0	26.0	27.0	28.0	29.0	30.0	31.0	32.0	33.0	34.0	35.0	36.0	37.0	38.0	39.0	40.0
Zdi-ADup_023-Ex1-12D-lcwgs-1-2.clmp.fp2_repr.R1	7.0	23.0	71.0	169.0	404.0	750.0	1138.0	1768.0	2414.0	3494.0	5092.0	8821.0	15321.0	33758.0	130179.0	103069.0
	24.0	25.0	26.0	27.0	28.0	29.0	30.0	31.0	32.0	33.0	34.0	35.0	36.0	37.0	38.0	39.0	40.0
Zdi-ADup_023-Ex1-12D-lcwgs-1-2.clmp.fp2_repr.R2	9.0	31.0	75.0	132.0	244.0	378.0	622.0	882.0	1302.0	1664.0	2599.0	4015.0	7246.0	13274.0	30566.0	126496.0	116943.0
	25.0	26.0	27.0	28.0	29.0	30.0	31.0	32.0	33.0	34.0	35.0	36.0	37.0	38.0	39.0	40.0
Zdi-ADup_024-Ex1-12E-lcwgs-1-2.clmp.fp2_repr.R1	12.0	43.0	124.0	331.0	624.0	1143.0	1860.0	2777.0	3764.0	5387.0	7886.0	13363.0	23657.0	51523.0	195912.0	182868.0
	23.0	24.0	25.0	26.0	27.0	28.0	29.0	30.0	31.0	32.0	33.0	34.0	35.0	36.0	37.0	38.0	39.0	40.0
Zdi-ADup_024-Ex1-12E-lcwgs-1-2.clmp.fp2_repr.R2	7.0	25.0	49.0	137.0	226.0	402.0	620.0	1017.0	1361.0	1918.0	2666.0	3796.0	5978.0	10811.0	19259.0	44110.0	181866.0	217026.0
	23.0	24.0	25.0	26.0	27.0	28.0	29.0	30.0	31.0	32.0	33.0	34.0	35.0	36.0	37.0	38.0	39.0	40.0
Zdi-ADup_025-Ex1-2A-lcwgs-1-2.clmp.fp2_repr.R1	2.0	25.0	239.0	1093.0	2994.0	7588.0	15419.0	29089.0	45980.0	70922.0	97362.0	139754.0	201561.0	344301.0	593678.0	1307445.0	5077956.0	5234720.0
	22.0	23.0	24.0	25.0	26.0	27.0	28.0	29.0	30.0	31.0	32.0	33.0	34.0	35.0	36.0	37.0	38.0	39.0	40.0
Zdi-ADup_025-Ex1-2A-lcwgs-1-2.clmp.fp2_repr.R2	5.0	58.0	374.0	1243.0	2986.0	5207.0	9628.0	15733.0	25069.0	35156.0	50824.0	67712.0	98076.0	146492.0	252594.0	438954.0	1032729.0	4841724.0	6145564.0
	24.0	25.0	26.0	27.0	28.0	29.0	30.0	31.0	32.0	33.0	34.0	35.0	36.0	37.0	38.0	39.0	40.0
Zdi-ADup_026-Ex1-12G-lcwgs-1-2.clmp.fp2_repr.R1	6.0	13.0	62.0	149.0	333.0	643.0	1225.0	1758.0	2712.0	3662.0	5018.0	7256.0	12368.0	21373.0	47404.0	184137.0	169576.0
	23.0	24.0	25.0	26.0	27.0	28.0	29.0	30.0	31.0	32.0	33.0	34.0	35.0	36.0	37.0	38.0	39.0	40.0
Zdi-ADup_026-Ex1-12G-lcwgs-1-2.clmp.fp2_repr.R2	5.0	20.0	49.0	126.0	197.0	395.0	547.0	878.0	1128.0	1706.0	2217.0	3119.0	4892.0	8868.0	15922.0	37891.0	170839.0	208896.0
	23.0	24.0	25.0	26.0	27.0	28.0	29.0	30.0	31.0	32.0	33.0	34.0	35.0	36.0	37.0	38.0	39.0	40.0
Zdi-ADup_027-Ex1-12H-lcwgs-1-2.clmp.fp2_repr.R1	2.0	18.0	83.0	408.0	1076.0	2734.0	5455.0	10003.0	15651.0	23486.0	31652.0	45240.0	64659.0	108249.0	187217.0	415975.0	1683306.0	1456756.0
	22.0	23.0	24.0	25.0	26.0	27.0	28.0	29.0	30.0	31.0	32.0	33.0	34.0	35.0	36.0	37.0	38.0	39.0	40.0
Zdi-ADup_027-Ex1-12H-lcwgs-1-2.clmp.fp2_repr.R2	4.0	16.0	137.0	430.0	1082.0	1976.0	3692.0	5726.0	9098.0	11999.0	16796.0	22334.0	32092.0	49014.0	87881.0	157085.0	370491.0	1626670.0	1655447.0
	24.0	25.0	26.0	27.0	28.0	29.0	30.0	31.0	32.0	33.0	34.0	35.0	36.0	37.0	38.0	39.0	40.0
Zdi-ADup_028-Ex1-9F-lcwgs-1-2.clmp.fp2_repr.R1	1.0	7.0	30.0	89.0	179.0	384.0	722.0	1109.0	1683.0	2382.0	3349.0	4997.0	8611.0	15306.0	34806.0	135468.0	121704.0
	23.0	24.0	25.0	26.0	27.0	28.0	29.0	30.0	31.0	32.0	33.0	34.0	35.0	36.0	37.0	38.0	39.0	40.0
Zdi-ADup_028-Ex1-9F-lcwgs-1-2.clmp.fp2_repr.R2	1.0	5.0	30.0	85.0	135.0	229.0	387.0	575.0	843.0	1130.0	1661.0	2450.0	3560.0	6656.0	11805.0	28660.0	130160.0	142455.0
	25.0	26.0	27.0	28.0	29.0	30.0	31.0	32.0	33.0	34.0	35.0	36.0	37.0	38.0	39.0	40.0
Zdi-ADup_029-Ex1-1A-lcwgs-1-2.clmp.fp2_repr.R1	4.0	19.0	58.0	104.0	270.0	517.0	755.0	1159.0	1536.0	2235.0	3159.0	5510.0	9340.0	20545.0	77776.0	98064.0
	23.0	24.0	25.0	26.0	27.0	28.0	29.0	30.0	31.0	32.0	33.0	34.0	35.0	36.0	37.0	38.0	39.0	40.0
Zdi-ADup_029-Ex1-1A-lcwgs-1-2.clmp.fp2_repr.R2	2.0	4.0	16.0	48.0	104.0	173.0	244.0	420.0	537.0	774.0	956.0	1379.0	2078.0	3562.0	6400.0	15088.0	69782.0	119484.0
	24.0	25.0	26.0	27.0	28.0	29.0	30.0	31.0	32.0	33.0	34.0	35.0	36.0	37.0	38.0	39.0	40.0
Zdi-ADup_030-Ex1-1B-lcwgs-1-2.clmp.fp2_repr.R1	2.0	8.0	38.0	128.0	280.0	631.0	1122.0	1618.0	2626.0	3427.0	4910.0	7107.0	12197.0	20624.0	46123.0	180692.0	196367.0
	23.0	24.0	25.0	26.0	27.0	28.0	29.0	30.0	31.0	32.0	33.0	34.0	35.0	36.0	37.0	38.0	39.0	40.0
Zdi-ADup_030-Ex1-1B-lcwgs-1-2.clmp.fp2_repr.R2	1.0	14.0	37.0	100.0	179.0	349.0	603.0	867.0	1201.0	1695.0	2116.0	3135.0	4592.0	8302.0	14388.0	34353.0	166288.0	239680.0
	25.0	26.0	27.0	28.0	29.0	30.0	31.0	32.0	33.0	34.0	35.0	36.0	37.0	38.0	39.0	40.0
Zdi-ADup_031-Ex1-1C-lcwgs-1-2.clmp.fp2_repr.R1	6.0	14.0	23.0	40.0	146.0	238.0	309.0	507.0	714.0	1012.0	1445.0	2490.0	4298.0	9456.0	36384.0	35266.0
	24.0	25.0	26.0	27.0	28.0	29.0	30.0	31.0	32.0	33.0	34.0	35.0	36.0	37.0	38.0	39.0	40.0
Zdi-ADup_031-Ex1-1C-lcwgs-1-2.clmp.fp2_repr.R2	3.0	6.0	17.0	28.0	60.0	96.0	173.0	250.0	364.0	451.0	684.0	976.0	1880.0	3233.0	7562.0	34348.0	42217.0
	24.0	25.0	26.0	27.0	28.0	29.0	30.0	31.0	32.0	33.0	34.0	35.0	36.0	37.0	38.0	39.0	40.0
Zdi-ADup_032-Ex1-1D-lcwgs-1-2.clmp.fp2_repr.R1	6.0	45.0	135.0	385.0	1053.0	2205.0	4190.0	6698.0	10546.0	14614.0	21085.0	30483.0	51728.0	90071.0	196294.0	739119.0	504657.0
	23.0	24.0	25.0	26.0	27.0	28.0	29.0	30.0	31.0	32.0	33.0	34.0	35.0	36.0	37.0	38.0	39.0	40.0
Zdi-ADup_032-Ex1-1D-lcwgs-1-2.clmp.fp2_repr.R2	12.0	63.0	193.0	463.0	839.0	1466.0	2445.0	3977.0	5517.0	8177.0	11463.0	17767.0	27465.0	49881.0	87787.0	200077.0	744448.0	511274.0
	26.0	27.0	28.0	29.0	30.0	31.0	32.0	33.0	34.0	35.0	36.0	37.0	38.0	39.0	40.0
Zdi-ADup_033-Ex1-1E-lcwgs-1-2.clmp.fp2_repr.R1	4.0	5.0	14.0	42.0	78.0	116.0	201.0	228.0	392.0	555.0	908.0	1581.0	3449.0	13056.0	12318.0
	25.0	26.0	27.0	28.0	29.0	30.0	31.0	32.0	33.0	34.0	35.0	36.0	37.0	38.0	39.0	40.0
Zdi-ADup_033-Ex1-1E-lcwgs-1-2.clmp.fp2_repr.R2	1.0	4.0	11.0	23.0	40.0	70.0	77.0	129.0	175.0	240.0	381.0	686.0	1125.0	2799.0	12862.0	14324.0
	25.0	26.0	27.0	28.0	29.0	30.0	31.0	32.0	33.0	34.0	35.0	36.0	37.0	38.0	39.0	40.0
Zdi-ADup_034-Ex1-1F-lcwgs-1-2.clmp.fp2_repr.R1	8.0	30.0	86.0	220.0	454.0	878.0	1258.0	1937.0	2792.0	3995.0	5707.0	9737.0	17435.0	39757.0	158527.0	149606.0
	23.0	24.0	25.0	26.0	27.0	28.0	29.0	30.0	31.0	32.0	33.0	34.0	35.0	36.0	37.0	38.0	39.0	40.0
Zdi-ADup_034-Ex1-1F-lcwgs-1-2.clmp.fp2_repr.R2	3.0	5.0	34.0	92.0	116.0	236.0	391.0	674.0	930.0	1236.0	1760.0	2620.0	3987.0	7229.0	12936.0	32124.0	151665.0	176389.0
	23.0	24.0	25.0	26.0	27.0	28.0	29.0	30.0	31.0	32.0	33.0	34.0	35.0	36.0	37.0	38.0	39.0	40.0
Zdi-ADup_035-Ex1-1G-lcwgs-1-2.clmp.fp2_repr.R1	1.0	0.0	5.0	15.0	55.0	120.0	212.0	473.0	683.0	1112.0	1521.0	2102.0	3139.0	5530.0	9511.0	21961.0	84045.0	82729.0
	24.0	25.0	26.0	27.0	28.0	29.0	30.0	31.0	32.0	33.0	34.0	35.0	36.0	37.0	38.0	39.0	40.0
Zdi-ADup_035-Ex1-1G-lcwgs-1-2.clmp.fp2_repr.R2	9.0	17.0	37.0	85.0	115.0	193.0	322.0	486.0	736.0	968.0	1410.0	2124.0	3851.0	6922.0	16636.0	79241.0	100062.0
	24.0	25.0	26.0	27.0	28.0	29.0	30.0	31.0	32.0	33.0	34.0	35.0	36.0	37.0	38.0	39.0	40.0
Zdi-ADup_036-Ex1-1H-lcwgs-1-2.clmp.fp2_repr.R1	2.0	7.0	15.0	61.0	135.0	302.0	562.0	879.0	1288.0	1794.0	2587.0	3726.0	6212.0	10940.0	24606.0	93321.0	99915.0
	24.0	25.0	26.0	27.0	28.0	29.0	30.0	31.0	32.0	33.0	34.0	35.0	36.0	37.0	38.0	39.0	40.0
Zdi-ADup_036-Ex1-1H-lcwgs-1-2.clmp.fp2_repr.R2	10.0	25.0	53.0	102.0	160.0	265.0	440.0	582.0	852.0	1199.0	1563.0	2402.0	4404.0	7778.0	18667.0	86305.0	121545.0
	23.0	24.0	25.0	26.0	27.0	28.0	29.0	30.0	31.0	32.0	33.0	34.0	35.0	36.0	37.0	38.0	39.0	40.0
Zdi-ADup_037-Ex1-3D-lcwgs-1-2.clmp.fp2_repr.R1	5.0	78.0	579.0	2661.0	7456.0	19961.0	41217.0	78280.0	121664.0	184556.0	244785.0	340814.0	470706.0	743745.0	1187953.0	2427510.0	9577550.0	10452609.0
	22.0	23.0	24.0	25.0	26.0	27.0	28.0	29.0	30.0	31.0	32.0	33.0	34.0	35.0	36.0	37.0	38.0	39.0	40.0
Zdi-ADup_037-Ex1-3D-lcwgs-1-2.clmp.fp2_repr.R2	14.0	190.0	1181.0	3597.0	8067.0	14528.0	26516.0	42327.0	66793.0	92283.0	130286.0	172965.0	250668.0	371962.0	626350.0	1060059.0	2346994.0	10296788.0	10390561.0
	24.0	25.0	26.0	27.0	28.0	29.0	30.0	31.0	32.0	33.0	34.0	35.0	36.0	37.0	38.0	39.0	40.0
Zdi-ADup_038-Ex1-2B-lcwgs-1-2.clmp.fp2_repr.R1	1.0	14.0	66.0	160.0	336.0	697.0	1210.0	1920.0	2894.0	3978.0	5580.0	8110.0	13946.0	23994.0	53521.0	200302.0	190978.0
	23.0	24.0	25.0	26.0	27.0	28.0	29.0	30.0	31.0	32.0	33.0	34.0	35.0	36.0	37.0	38.0	39.0	40.0
Zdi-ADup_038-Ex1-2B-lcwgs-1-2.clmp.fp2_repr.R2	1.0	11.0	52.0	125.0	228.0	431.0	626.0	917.0	1279.0	1765.0	2353.0	3513.0	5329.0	9461.0	16718.0	40774.0	187676.0	236448.0
	23.0	24.0	25.0	26.0	27.0	28.0	29.0	30.0	31.0	32.0	33.0	34.0	35.0	36.0	37.0	38.0	39.0	40.0
Zdi-ADup_039-Ex1-2C-lcwgs-1-2.clmp.fp2_repr.R1	3.0	71.0	525.0	2346.0	6795.0	17298.0	35744.0	68671.0	108755.0	167413.0	231238.0	333108.0	481496.0	813504.0	1398169.0	3070009.0	12208214.0	10899759.0
	21.0	22.0	23.0	24.0	25.0	26.0	27.0	28.0	29.0	30.0	31.0	32.0	33.0	34.0	35.0	36.0	37.0	38.0	39.0	40.0
Zdi-ADup_039-Ex1-2C-lcwgs-1-2.clmp.fp2_repr.R2	1.0	17.0	178.0	971.0	3108.0	7082.0	12821.0	23795.0	38730.0	61378.0	85680.0	124312.0	168299.0	248165.0	375807.0	654967.0	1151298.0	2695245.0	12162658.0	12028606.0
	23.0	24.0	25.0	26.0	27.0	28.0	29.0	30.0	31.0	32.0	33.0	34.0	35.0	36.0	37.0	38.0	39.0	40.0
Zdi-ADup_040-Ex1-2D-lcwgs-1-2.clmp.fp2_repr.R1	8.0	119.0	966.0	4401.0	12527.0	31718.0	65648.0	124366.0	195012.0	300193.0	409205.0	581830.0	830014.0	1366281.0	2300412.0	4917558.0	19003395.0	16425459.0
	22.0	23.0	24.0	25.0	26.0	27.0	28.0	29.0	30.0	31.0	32.0	33.0	34.0	35.0	36.0	37.0	38.0	39.0	40.0
Zdi-ADup_040-Ex1-2D-lcwgs-1-2.clmp.fp2_repr.R2	34.0	317.0	1773.0	5587.0	13088.0	23481.0	43362.0	70019.0	109226.0	152599.0	218426.0	295647.0	433962.0	652275.0	1126350.0	1956038.0	4491674.0	19400320.0	17574934.0
	23.0	24.0	25.0	26.0	27.0	28.0	29.0	30.0	31.0	32.0	33.0	34.0	35.0	36.0	37.0	38.0	39.0	40.0
Zdi-ADup_041-Ex1-2E-lcwgs-1-2.clmp.fp2_repr.R1	5.0	59.0	355.0	1578.0	4618.0	11615.0	24207.0	46073.0	72197.0	110664.0	150731.0	215873.0	311110.0	526339.0	906014.0	1997784.0	7898974.0	7045188.0
	22.0	23.0	24.0	25.0	26.0	27.0	28.0	29.0	30.0	31.0	32.0	33.0	34.0	35.0	36.0	37.0	38.0	39.0	40.0
Zdi-ADup_041-Ex1-2E-lcwgs-1-2.clmp.fp2_repr.R2	8.0	120.0	643.0	2009.0	4866.0	8460.0	15937.0	25457.0	40296.0	55934.0	79538.0	105262.0	155107.0	233822.0	409708.0	721016.0	1706770.0	7778688.0	7979743.0
	24.0	25.0	26.0	27.0	28.0	29.0	30.0	31.0	32.0	33.0	34.0	35.0	36.0	37.0	38.0	39.0	40.0
Zdi-ADup_042-Ex1-2F-lcwgs-1-2.clmp.fp2_repr.R1	4.0	39.0	157.0	403.0	1109.0	2337.0	4345.0	6869.0	10707.0	14666.0	21308.0	31990.0	54648.0	97392.0	219198.0	879406.0	698216.0
	22.0	23.0	24.0	25.0	26.0	27.0	28.0	29.0	30.0	31.0	32.0	33.0	34.0	35.0	36.0	37.0	38.0	39.0	40.0
Zdi-ADup_042-Ex1-2F-lcwgs-1-2.clmp.fp2_repr.R2	3.0	5.0	53.0	181.0	367.0	757.0	1315.0	2175.0	3573.0	5057.0	7372.0	10201.0	15400.0	23705.0	42855.0	79147.0	191558.0	875018.0	784052.0
	25.0	26.0	27.0	28.0	29.0	30.0	31.0	32.0	33.0	34.0	35.0	36.0	37.0	38.0	39.0	40.0
Zdi-ADup_043-Ex1-2G-lcwgs-1-2.clmp.fp2_repr.R1	6.0	20.0	96.0	184.0	360.0	672.0	1028.0	1652.0	2312.0	3481.0	4829.0	8495.0	15326.0	34688.0	134928.0	109199.0
	23.0	24.0	25.0	26.0	27.0	28.0	29.0	30.0	31.0	32.0	33.0	34.0	35.0	36.0	37.0	38.0	39.0	40.0
Zdi-ADup_043-Ex1-2G-lcwgs-1-2.clmp.fp2_repr.R2	2.0	14.0	28.0	38.0	120.0	207.0	332.0	547.0	701.0	1035.0	1431.0	2215.0	3397.0	6060.0	11520.0	28283.0	130529.0	130817.0
	24.0	25.0	26.0	27.0	28.0	29.0	30.0	31.0	32.0	33.0	34.0	35.0	36.0	37.0	38.0	39.0	40.0
Zdi-ADup_044-Ex1-2H-lcwgs-1-2.clmp.fp2_repr.R1	1.0	20.0	93.0	265.0	596.0	1309.0	2354.0	3847.0	5795.0	8025.0	12020.0	17272.0	29896.0	51754.0	116555.0	454356.0	381700.0
	23.0	24.0	25.0	26.0	27.0	28.0	29.0	30.0	31.0	32.0	33.0	34.0	35.0	36.0	37.0	38.0	39.0	40.0
Zdi-ADup_044-Ex1-2H-lcwgs-1-2.clmp.fp2_repr.R2	4.0	28.0	93.0	237.0	448.0	803.0	1322.0	2149.0	2828.0	3998.0	5500.0	8169.0	12679.0	22466.0	40818.0	97470.0	444202.0	442644.0
	24.0	25.0	26.0	27.0	28.0	29.0	30.0	31.0	32.0	33.0	34.0	35.0	36.0	37.0	38.0	39.0	40.0
Zdi-ADup_045-Ex1-3A-lcwgs-1-2.clmp.fp2_repr.R1	1.0	7.0	21.0	103.0	195.0	403.0	783.0	1125.0	1745.0	2347.0	3378.0	4967.0	8592.0	14797.0	33617.0	129809.0	121388.0
	23.0	24.0	25.0	26.0	27.0	28.0	29.0	30.0	31.0	32.0	33.0	34.0	35.0	36.0	37.0	38.0	39.0	40.0
Zdi-ADup_045-Ex1-3A-lcwgs-1-2.clmp.fp2_repr.R2	1.0	9.0	24.0	53.0	134.0	207.0	351.0	507.0	773.0	1080.0	1418.0	2122.0	3332.0	6115.0	11207.0	27131.0	126797.0	142017.0
	25.0	26.0	27.0	28.0	29.0	30.0	31.0	32.0	33.0	34.0	35.0	36.0	37.0	38.0	39.0	40.0
Zdi-ADup_046-Ex1-3B-lcwgs-1-2.clmp.fp2_repr.R1	2.0	7.0	30.0	79.0	142.0	252.0	352.0	570.0	758.0	1035.0	1569.0	2566.0	4615.0	10408.0	39867.0	31981.0
	24.0	25.0	26.0	27.0	28.0	29.0	30.0	31.0	32.0	33.0	34.0	35.0	36.0	37.0	38.0	39.0	40.0
Zdi-ADup_046-Ex1-3B-lcwgs-1-2.clmp.fp2_repr.R2	1.0	6.0	22.0	44.0	58.0	97.0	132.0	223.0	293.0	398.0	662.0	1043.0	1868.0	3428.0	8476.0	39303.0	38179.0
	24.0	25.0	26.0	27.0	28.0	29.0	30.0	31.0	32.0	33.0	34.0	35.0	36.0	37.0	38.0	39.0	40.0
Zdi-ADup_047-Ex1-3C-lcwgs-1-2.clmp.fp2_repr.R1	26.0	161.0	690.0	2086.0	5337.0	11095.0	20893.0	33259.0	51462.0	70870.0	101232.0	145145.0	241622.0	408953.0	874150.0	3391508.0	3177408.0
	22.0	23.0	24.0	25.0	26.0	27.0	28.0	29.0	30.0	31.0	32.0	33.0	34.0	35.0	36.0	37.0	38.0	39.0	40.0
Zdi-ADup_047-Ex1-3C-lcwgs-1-2.clmp.fp2_repr.R2	7.0	50.0	274.0	811.0	1937.0	3730.0	6720.0	11332.0	18018.0	25865.0	38035.0	51644.0	76192.0	113428.0	195399.0	333403.0	751628.0	3322942.0	3584482.0
	24.0	25.0	26.0	27.0	28.0	29.0	30.0	31.0	32.0	33.0	34.0	35.0	36.0	37.0	38.0	39.0	40.0
Zdi-CDup_001-Ex1-5D-lcwgs-1-2.clmp.fp2_repr.R1	31.0	194.0	961.0	2337.0	5711.0	11193.0	21092.0	33269.0	53894.0	78992.0	122942.0	192512.0	337856.0	603450.0	1309020.0	3814163.0	1601371.0
	22.0	23.0	24.0	25.0	26.0	27.0	28.0	29.0	30.0	31.0	32.0	33.0	34.0	35.0	36.0	37.0	38.0	39.0	40.0
Zdi-CDup_001-Ex1-5D-lcwgs-1-2.clmp.fp2_repr.R2	12.0	87.0	413.0	1199.0	2701.0	4362.0	7695.0	12125.0	19062.0	27213.0	42499.0	66075.0	110922.0	188995.0	351299.0	633141.0	1423775.0	3773150.0	1524263.0
	23.0	24.0	25.0	26.0	27.0	28.0	29.0	30.0	31.0	32.0	33.0	34.0	35.0	36.0	37.0	38.0	39.0	40.0
Zdi-CDup_002-Ex1-5E-lcwgs-1-2.clmp.fp2_repr.R1	1.0	15.0	149.0	740.0	2067.0	5238.0	10848.0	20786.0	33780.0	54169.0	79093.0	122808.0	191475.0	334839.0	600194.0	1326359.0	4098144.0	1913366.0
	22.0	23.0	24.0	25.0	26.0	27.0	28.0	29.0	30.0	31.0	32.0	33.0	34.0	35.0	36.0	37.0	38.0	39.0	40.0
Zdi-CDup_002-Ex1-5E-lcwgs-1-2.clmp.fp2_repr.R2	4.0	100.0	439.0	1331.0	2762.0	4775.0	8406.0	13314.0	20889.0	29820.0	45680.0	68893.0	114072.0	191294.0	352873.0	638426.0	1444589.0	4046697.0	1809707.0
	23.0	24.0	25.0	26.0	27.0	28.0	29.0	30.0	31.0	32.0	33.0	34.0	35.0	36.0	37.0	38.0	39.0	40.0
Zdi-CDup_003-Ex1-5F-lcwgs-1-2.clmp.fp2_repr.R1	1.0	10.0	90.0	419.0	1211.0	2890.0	6165.0	11655.0	19680.0	31544.0	46145.0	71773.0	111480.0	193702.0	345993.0	756510.0	2391789.0	1051277.0
	22.0	23.0	24.0	25.0	26.0	27.0	28.0	29.0	30.0	31.0	32.0	33.0	34.0	35.0	36.0	37.0	38.0	39.0	40.0
Zdi-CDup_003-Ex1-5F-lcwgs-1-2.clmp.fp2_repr.R2	4.0	53.0	232.0	644.0	1415.0	2499.0	4535.0	7117.0	11414.0	16825.0	25882.0	40247.0	67295.0	114530.0	211726.0	378434.0	841722.0	2355698.0	962062.0
	24.0	25.0	26.0	27.0	28.0	29.0	30.0	31.0	32.0	33.0	34.0	35.0	36.0	37.0	38.0	39.0	40.0
Zdi-CDup_004-Ex1-5G-lcwgs-1-2.clmp.fp2_repr.R1	4.0	64.0	278.0	784.0	1947.0	3819.0	7008.0	11646.0	18593.0	27720.0	43081.0	67827.0	120254.0	216024.0	476490.0	1437531.0	609356.0
	22.0	23.0	24.0	25.0	26.0	27.0	28.0	29.0	30.0	31.0	32.0	33.0	34.0	35.0	36.0	37.0	38.0	39.0	40.0
Zdi-CDup_004-Ex1-5G-lcwgs-1-2.clmp.fp2_repr.R2	3.0	30.0	163.0	422.0	861.0	1593.0	2726.0	4207.0	6618.0	9582.0	14691.0	23373.0	39514.0	67606.0	127466.0	231497.0	525135.0	1428226.0	558713.0
	24.0	25.0	26.0	27.0	28.0	29.0	30.0	31.0	32.0	33.0	34.0	35.0	36.0	37.0	38.0	39.0	40.0
Zdi-CDup_005-Ex1-5H-lcwgs-1-2.clmp.fp2_repr.R1	27.0	199.0	931.0	2792.0	7283.0	15334.0	30496.0	49888.0	81444.0	121403.0	189522.0	297214.0	517466.0	922884.0	2008112.0	5951497.0	2006458.0
	22.0	23.0	24.0	25.0	26.0	27.0	28.0	29.0	30.0	31.0	32.0	33.0	34.0	35.0	36.0	37.0	38.0	39.0	40.0
Zdi-CDup_005-Ex1-5H-lcwgs-1-2.clmp.fp2_repr.R2	7.0	114.0	719.0	1900.0	4163.0	6881.0	12448.0	20079.0	32051.0	46318.0	72329.0	111318.0	188059.0	316479.0	579647.0	1030927.0	2279284.0	5928002.0	1572225.0
	24.0	25.0	26.0	27.0	28.0	29.0	30.0	31.0	32.0	33.0	34.0	35.0	36.0	37.0	38.0	39.0	40.0
Zdi-CDup_006-Ex1-6A-lcwgs-1-2.clmp.fp2_repr.R1	47.0	330.0	1443.0	4052.0	10185.0	21462.0	41639.0	69461.0	113754.0	173057.0	276114.0	444411.0	784570.0	1419352.0	3090895.0	8290470.0	2262316.0
	22.0	23.0	24.0	25.0	26.0	27.0	28.0	29.0	30.0	31.0	32.0	33.0	34.0	35.0	36.0	37.0	38.0	39.0	40.0
Zdi-CDup_006-Ex1-6A-lcwgs-1-2.clmp.fp2_repr.R2	25.0	219.0	1129.0	3178.0	6406.0	10622.0	18849.0	29515.0	46842.0	68265.0	107671.0	166892.0	285146.0	485039.0	888983.0	1581200.0	3500075.0	8089997.0	1713505.0
	24.0	25.0	26.0	27.0	28.0	29.0	30.0	31.0	32.0	33.0	34.0	35.0	36.0	37.0	38.0	39.0	40.0
Zdi-CDup_007-Ex1-6B-lcwgs-1-2.clmp.fp2_repr.R1	31.0	206.0	918.0	2536.0	6236.0	12791.0	24255.0	39532.0	63542.0	93088.0	144550.0	226178.0	398650.0	719093.0	1587980.0	4927280.0	2161724.0
	22.0	23.0	24.0	25.0	26.0	27.0	28.0	29.0	30.0	31.0	32.0	33.0	34.0	35.0	36.0	37.0	38.0	39.0	40.0
Zdi-CDup_007-Ex1-6B-lcwgs-1-2.clmp.fp2_repr.R2	7.0	100.0	508.0	1507.0	3091.0	5391.0	9494.0	15130.0	23901.0	34355.0	53025.0	80491.0	135754.0	230264.0	427666.0	768472.0	1723285.0	4802474.0	2093675.0
	23.0	24.0	25.0	26.0	27.0	28.0	29.0	30.0	31.0	32.0	33.0	34.0	35.0	36.0	37.0	38.0	39.0	40.0
Zdi-CDup_008-Ex1-6C-lcwgs-1-2.clmp.fp2_repr.R1	4.0	34.0	213.0	884.0	2486.0	6077.0	12733.0	24910.0	40875.0	67939.0	102951.0	165298.0	267282.0	474038.0	862080.0	1899449.0	5250044.0	1609641.0
	22.0	23.0	24.0	25.0	26.0	27.0	28.0	29.0	30.0	31.0	32.0	33.0	34.0	35.0	36.0	37.0	38.0	39.0	40.0
Zdi-CDup_008-Ex1-6C-lcwgs-1-2.clmp.fp2_repr.R2	14.0	165.0	711.0	1935.0	4053.0	6831.0	11550.0	18297.0	28976.0	41803.0	66367.0	103507.0	176978.0	303347.0	557176.0	991246.0	2172162.0	5008765.0	1293055.0
	23.0	24.0	25.0	26.0	27.0	28.0	29.0	30.0	31.0	32.0	33.0	34.0	35.0	36.0	37.0	38.0	39.0	40.0
Zdi-CDup_010-Ex1-6D-lcwgs-1-2.clmp.fp2_repr.R1	4.0	77.0	441.0	1994.0	5398.0	12844.0	25877.0	49883.0	81718.0	133666.0	203174.0	324699.0	519959.0	919677.0	1660779.0	3606841.0	9519165.0	2832553.0
	21.0	22.0	23.0	24.0	25.0	26.0	27.0	28.0	29.0	30.0	31.0	32.0	33.0	34.0	35.0	36.0	37.0	38.0	39.0	40.0
Zdi-CDup_010-Ex1-6D-lcwgs-1-2.clmp.fp2_repr.R2	1.0	29.0	271.0	1435.0	3956.0	7957.0	12896.0	22545.0	35050.0	54400.0	79144.0	124140.0	195167.0	333178.0	567816.0	1038566.0	1841637.0	4029541.0	9087579.0	2463441.0
	23.0	24.0	25.0	26.0	27.0	28.0	29.0	30.0	31.0	32.0	33.0	34.0	35.0	36.0	37.0	38.0	39.0	40.0
Zdi-CDup_011-Ex1-6E-lcwgs-1-2.clmp.fp2_repr.R1	1.0	40.0	302.0	1395.0	3845.0	9500.0	19709.0	37792.0	62529.0	103101.0	155211.0	248263.0	397804.0	705888.0	1286208.0	2821816.0	7733078.0	2368649.0
	22.0	23.0	24.0	25.0	26.0	27.0	28.0	29.0	30.0	31.0	32.0	33.0	34.0	35.0	36.0	37.0	38.0	39.0	40.0
Zdi-CDup_011-Ex1-6E-lcwgs-1-2.clmp.fp2_repr.R2	21.0	193.0	1056.0	3113.0	6173.0	10084.0	17832.0	27780.0	43654.0	63336.0	98423.0	152262.0	257597.0	436496.0	798723.0	1425764.0	3168061.0	7478333.0	1966230.0
	24.0	25.0	26.0	27.0	28.0	29.0	30.0	31.0	32.0	33.0	34.0	35.0	36.0	37.0	38.0	39.0	40.0
Zdi-CDup_012-Ex1-6F-lcwgs-1-2.clmp.fp2_repr.R1	13.0	99.0	407.0	1204.0	2939.0	6124.0	11715.0	19276.0	31423.0	46850.0	74168.0	116522.0	205495.0	366543.0	804455.0	2417578.0	887819.0
	22.0	23.0	24.0	25.0	26.0	27.0	28.0	29.0	30.0	31.0	32.0	33.0	34.0	35.0	36.0	37.0	38.0	39.0	40.0
Zdi-CDup_012-Ex1-6F-lcwgs-1-2.clmp.fp2_repr.R2	3.0	46.0	264.0	756.0	1517.0	2732.0	4833.0	7852.0	12128.0	17804.0	27714.0	42621.0	72685.0	124296.0	229036.0	407979.0	902965.0	2356118.0	781281.0
	24.0	25.0	26.0	27.0	28.0	29.0	30.0	31.0	32.0	33.0	34.0	35.0	36.0	37.0	38.0	39.0	40.0
Zdi-CDup_013-Ex1-6G-lcwgs-1-2.clmp.fp2_repr.R1	13.0	86.0	321.0	820.0	1920.0	3667.0	6612.0	10796.0	16982.0	25051.0	39500.0	63594.0	113278.0	206381.0	455717.0	1342331.0	555281.0
	22.0	23.0	24.0	25.0	26.0	27.0	28.0	29.0	30.0	31.0	32.0	33.0	34.0	35.0	36.0	37.0	38.0	39.0	40.0
Zdi-CDup_013-Ex1-6G-lcwgs-1-2.clmp.fp2_repr.R2	1.0	17.0	134.0	386.0	884.0	1403.0	2499.0	3769.0	6022.0	8470.0	13287.0	20921.0	35425.0	61558.0	117400.0	215156.0	492069.0	1327718.0	535231.0
	23.0	24.0	25.0	26.0	27.0	28.0	29.0	30.0	31.0	32.0	33.0	34.0	35.0	36.0	37.0	38.0	39.0	40.0
Zdi-CDup_014-Ex1-6H-lcwgs-1-2.clmp.fp2_repr.R1	1.0	16.0	109.0	611.0	1691.0	4039.0	8300.0	15630.0	25262.0	40161.0	58802.0	90965.0	142000.0	250843.0	452364.0	999328.0	3105074.0	1514644.0
	22.0	23.0	24.0	25.0	26.0	27.0	28.0	29.0	30.0	31.0	32.0	33.0	34.0	35.0	36.0	37.0	38.0	39.0	40.0
Zdi-CDup_014-Ex1-6H-lcwgs-1-2.clmp.fp2_repr.R2	11.0	74.0	304.0	857.0	1910.0	3310.0	6005.0	9640.0	14941.0	21201.0	32932.0	49347.0	82872.0	140126.0	260448.0	468911.0	1061451.0	3005241.0	1550259.0
	24.0	25.0	26.0	27.0	28.0	29.0	30.0	31.0	32.0	33.0	34.0	35.0	36.0	37.0	38.0	39.0	40.0
Zdi-CDup_015-Ex1-7A-lcwgs-1-2.clmp.fp2_repr.R1	5.0	36.0	195.0	496.0	1132.0	2266.0	4155.0	6879.0	11128.0	16786.0	27504.0	44034.0	79191.0	144587.0	311844.0	816077.0	257214.0
	22.0	23.0	24.0	25.0	26.0	27.0	28.0	29.0	30.0	31.0	32.0	33.0	34.0	35.0	36.0	37.0	38.0	39.0	40.0
Zdi-CDup_015-Ex1-7A-lcwgs-1-2.clmp.fp2_repr.R2	4.0	13.0	92.0	266.0	534.0	974.0	1579.0	2473.0	3911.0	5809.0	9402.0	14800.0	25997.0	44678.0	84539.0	152954.0	345335.0	795189.0	234980.0
	23.0	24.0	25.0	26.0	27.0	28.0	29.0	30.0	31.0	32.0	33.0	34.0	35.0	36.0	37.0	38.0	39.0	40.0
Zdi-CDup_016-Ex1-7B-lcwgs-1-2.clmp.fp2_repr.R1	2.0	35.0	237.0	1072.0	2922.0	7402.0	15624.0	30034.0	49214.0	80499.0	119130.0	186216.0	291985.0	513800.0	923200.0	2034304.0	6047808.0	2439341.0
	22.0	23.0	24.0	25.0	26.0	27.0	28.0	29.0	30.0	31.0	32.0	33.0	34.0	35.0	36.0	37.0	38.0	39.0	40.0
Zdi-CDup_016-Ex1-7B-lcwgs-1-2.clmp.fp2_repr.R2	11.0	134.0	696.0	1956.0	4299.0	7243.0	13047.0	20447.0	32715.0	46217.0	71181.0	108261.0	178803.0	301161.0	553638.0	994050.0	2221789.0	5829165.0	2358012.0
	23.0	24.0	25.0	26.0	27.0	28.0	29.0	30.0	31.0	32.0	33.0	34.0	35.0	36.0	37.0	38.0	39.0	40.0
Zdi-CDup_017-Ex1-7C-lcwgs-1-2.clmp.fp2_repr.R1	1.0	13.0	130.0	549.0	1726.0	4511.0	9023.0	17492.0	29206.0	47200.0	69675.0	109944.0	172506.0	306470.0	553840.0	1226620.0	3726520.0	1494736.0
	22.0	23.0	24.0	25.0	26.0	27.0	28.0	29.0	30.0	31.0	32.0	33.0	34.0	35.0	36.0	37.0	38.0	39.0	40.0
Zdi-CDup_017-Ex1-7C-lcwgs-1-2.clmp.fp2_repr.R2	2.0	72.0	402.0	1171.0	2563.0	4386.0	7659.0	12125.0	19345.0	27791.0	42455.0	64687.0	108007.0	182496.0	338583.0	610967.0	1378380.0	3634816.0	1334255.0
	23.0	24.0	25.0	26.0	27.0	28.0	29.0	30.0	31.0	32.0	33.0	34.0	35.0	36.0	37.0	38.0	39.0	40.0
Zdi-CDup_018-Ex1-7D-lcwgs-1-2.clmp.fp2_repr.R1	1.0	29.0	326.0	1425.0	3953.0	9781.0	20399.0	39517.0	65504.0	108014.0	163219.0	260768.0	415750.0	730677.0	1304073.0	2811808.0	7408745.0	2160245.0
	22.0	23.0	24.0	25.0	26.0	27.0	28.0	29.0	30.0	31.0	32.0	33.0	34.0	35.0	36.0	37.0	38.0	39.0	40.0
Zdi-CDup_018-Ex1-7D-lcwgs-1-2.clmp.fp2_repr.R2	18.0	221.0	1150.0	3141.0	6421.0	10785.0	18413.0	28538.0	44737.0	65146.0	101669.0	157966.0	269622.0	457459.0	832256.0	1465621.0	3189375.0	7007850.0	1843846.0
	24.0	25.0	26.0	27.0	28.0	29.0	30.0	31.0	32.0	33.0	34.0	35.0	36.0	37.0	38.0	39.0	40.0
Zdi-CDup_019-Ex1-7E-lcwgs-1-2.clmp.fp2_repr.R1	24.0	146.0	721.0	2050.0	5144.0	10623.0	20009.0	32976.0	54070.0	80891.0	128530.0	204499.0	362796.0	658056.0	1446909.0	4060089.0	1504698.0
	22.0	23.0	24.0	25.0	26.0	27.0	28.0	29.0	30.0	31.0	32.0	33.0	34.0	35.0	36.0	37.0	38.0	39.0	40.0
Zdi-CDup_019-Ex1-7E-lcwgs-1-2.clmp.fp2_repr.R2	7.0	110.0	538.0	1564.0	3180.0	5357.0	9246.0	14500.0	22902.0	32640.0	50251.0	76185.0	127650.0	216037.0	397374.0	711400.0	1597194.0	3896160.0	1409936.0
	23.0	24.0	25.0	26.0	27.0	28.0	29.0	30.0	31.0	32.0	33.0	34.0	35.0	36.0	37.0	38.0	39.0	40.0
Zdi-CDup_021-Ex1-7G-lcwgs-1-2.clmp.fp2_repr.R1	1.0	21.0	159.0	747.0	2060.0	5428.0	11275.0	21505.0	35199.0	57388.0	85972.0	135688.0	215584.0	382840.0	697456.0	1540447.0	4395629.0	1655504.0
	21.0	22.0	23.0	24.0	25.0	26.0	27.0	28.0	29.0	30.0	31.0	32.0	33.0	34.0	35.0	36.0	37.0	38.0	39.0	40.0
Zdi-CDup_021-Ex1-7G-lcwgs-1-2.clmp.fp2_repr.R2	1.0	12.0	98.0	520.0	1521.0	3318.0	5612.0	9783.0	15336.0	23818.0	34487.0	52058.0	79623.0	133097.0	225548.0	417027.0	751726.0	1696534.0	4256517.0	1536267.0
	23.0	24.0	25.0	26.0	27.0	28.0	29.0	30.0	31.0	32.0	33.0	34.0	35.0	36.0	37.0	38.0	39.0	40.0
Zdi-CDup_022-Ex1-7H-lcwgs-1-2.clmp.fp2_repr.R1	1.0	15.0	125.0	597.0	1692.0	4349.0	8809.0	17011.0	27626.0	44404.0	64363.0	99581.0	154420.0	273597.0	493656.0	1095799.0	3442212.0	1640954.0
	22.0	23.0	24.0	25.0	26.0	27.0	28.0	29.0	30.0	31.0	32.0	33.0	34.0	35.0	36.0	37.0	38.0	39.0	40.0
Zdi-CDup_022-Ex1-7H-lcwgs-1-2.clmp.fp2_repr.R2	4.0	65.0	331.0	1004.0	2142.0	3749.0	6677.0	10805.0	16904.0	23912.0	36770.0	54822.0	89704.0	148706.0	276198.0	501750.0	1153802.0	3371749.0	1670117.0
	24.0	25.0	26.0	27.0	28.0	29.0	30.0	31.0	32.0	33.0	34.0	35.0	36.0	37.0	38.0	39.0	40.0
Zdi-CDup_026-Ex1-8D-lcwgs-1-2.clmp.fp2_repr.R1	16.0	147.0	619.0	1778.0	4369.0	9305.0	17681.0	29179.0	47842.0	71463.0	112974.0	180346.0	320238.0	586681.0	1297863.0	3765227.0	1395974.0
	22.0	23.0	24.0	25.0	26.0	27.0	28.0	29.0	30.0	31.0	32.0	33.0	34.0	35.0	36.0	37.0	38.0	39.0	40.0
Zdi-CDup_026-Ex1-8D-lcwgs-1-2.clmp.fp2_repr.R2	11.0	97.0	470.0	1370.0	2889.0	4853.0	8372.0	13034.0	20307.0	29186.0	45120.0	68345.0	114079.0	192236.0	355371.0	639273.0	1447947.0	3686220.0	1212522.0
	24.0	25.0	26.0	27.0	28.0	29.0	30.0	31.0	32.0	33.0	34.0	35.0	36.0	37.0	38.0	39.0	40.0
Zdi-CDup_031-Ex1-9A-lcwgs-1-2.clmp.fp2_repr.R1	23.0	161.0	728.0	1834.0	4572.0	9475.0	18114.0	29895.0	48594.0	71652.0	112136.0	175964.0	309394.0	556021.0	1220291.0	3584681.0	1308675.0
	22.0	23.0	24.0	25.0	26.0	27.0	28.0	29.0	30.0	31.0	32.0	33.0	34.0	35.0	36.0	37.0	38.0	39.0	40.0
Zdi-CDup_031-Ex1-9A-lcwgs-1-2.clmp.fp2_repr.R2	3.0	82.0	427.0	1184.0	2533.0	4223.0	7301.0	11755.0	18384.0	26639.0	40965.0	62950.0	105655.0	178617.0	328269.0	593380.0	1349090.0	3569521.0	1151232.0
	23.0	24.0	25.0	26.0	27.0	28.0	29.0	30.0	31.0	32.0	33.0	34.0	35.0	36.0	37.0	38.0	39.0	40.0
Zdi-CDup_033-Ex1-9C-lcwgs-1-2.clmp.fp2_repr.R1	1.0	15.0	108.0	427.0	1381.0	3408.0	6963.0	13325.0	21386.0	35219.0	50989.0	78756.0	123801.0	215131.0	388711.0	869283.0	2740228.0	1273011.0
	22.0	23.0	24.0	25.0	26.0	27.0	28.0	29.0	30.0	31.0	32.0	33.0	34.0	35.0	36.0	37.0	38.0	39.0	40.0
Zdi-CDup_033-Ex1-9C-lcwgs-1-2.clmp.fp2_repr.R2	5.0	63.0	287.0	800.0	1817.0	2990.0	5431.0	8534.0	13187.0	19047.0	28933.0	44023.0	72921.0	122708.0	227956.0	414155.0	941315.0	2674571.0	1243400.0
	22.0	23.0	24.0	25.0	26.0	27.0	28.0	29.0	30.0	31.0	32.0	33.0	34.0	35.0	36.0	37.0	38.0	39.0	40.0
Zdi-CDup_034-Ex1-9D-lcwgs-1-2.clmp.fp2_repr.R1	1.0	2.0	30.0	247.0	1055.0	2844.0	6923.0	13892.0	25900.0	42067.0	67208.0	98994.0	154634.0	243269.0	427369.0	769008.0	1691091.0	4894947.0	2057347.0
	22.0	23.0	24.0	25.0	26.0	27.0	28.0	29.0	30.0	31.0	32.0	33.0	34.0	35.0	36.0	37.0	38.0	39.0	40.0
Zdi-CDup_034-Ex1-9D-lcwgs-1-2.clmp.fp2_repr.R2	9.0	108.0	575.0	1603.0	3439.0	5836.0	10080.0	15928.0	24882.0	35348.0	54519.0	83122.0	138473.0	234110.0	433925.0	783416.0	1781721.0	4764975.0	2124759.0
	24.0	25.0	26.0	27.0	28.0	29.0	30.0	31.0	32.0	33.0	34.0	35.0	36.0	37.0	38.0	39.0	40.0
Zdi-CDup_035-Ex1-9E-lcwgs-1-2.clmp.fp2_repr.R1	15.0	145.0	641.0	1686.0	4172.0	8647.0	16841.0	27484.0	44275.0	65360.0	102296.0	159365.0	279363.0	503946.0	1116305.0	3446030.0	1406215.0
	22.0	23.0	24.0	25.0	26.0	27.0	28.0	29.0	30.0	31.0	32.0	33.0	34.0	35.0	36.0	37.0	38.0	39.0	40.0
Zdi-CDup_035-Ex1-9E-lcwgs-1-2.clmp.fp2_repr.R2	7.0	81.0	386.0	1054.0	2396.0	4023.0	7212.0	11273.0	17602.0	25595.0	38236.0	57728.0	96216.0	160990.0	297315.0	540857.0	1224915.0	3399266.0	1297634.0
	24.0	25.0	26.0	27.0	28.0	29.0	30.0	31.0	32.0	33.0	34.0	35.0	36.0	37.0	38.0	39.0	40.0
Zdi-CDup_037-Ex1-9G-lcwgs-1-2.clmp.fp2_repr.R1	14.0	90.0	502.0	1372.0	3369.0	7093.0	13476.0	21766.0	35193.0	52154.0	81517.0	126949.0	222996.0	402080.0	890849.0	2751542.0	1113469.0
	22.0	23.0	24.0	25.0	26.0	27.0	28.0	29.0	30.0	31.0	32.0	33.0	34.0	35.0	36.0	37.0	38.0	39.0	40.0
Zdi-CDup_037-Ex1-9G-lcwgs-1-2.clmp.fp2_repr.R2	7.0	62.0	295.0	958.0	1852.0	3053.0	5410.0	8797.0	13551.0	19333.0	29622.0	44792.0	74929.0	125798.0	233017.0	423470.0	971019.0	2739228.0	1029238.0
	24.0	25.0	26.0	27.0	28.0	29.0	30.0	31.0	32.0	33.0	34.0	35.0	36.0	37.0	38.0	39.0	40.0
Zdi-CDup_038-Ex1-9H-lcwgs-1-2.clmp.fp2_repr.R1	21.0	108.0	448.0	1281.0	3142.0	6339.0	12041.0	19575.0	31435.0	45806.0	70477.0	109439.0	192628.0	346510.0	767806.0	2401455.0	1109506.0
	22.0	23.0	24.0	25.0	26.0	27.0	28.0	29.0	30.0	31.0	32.0	33.0	34.0	35.0	36.0	37.0	38.0	39.0	40.0
Zdi-CDup_038-Ex1-9H-lcwgs-1-2.clmp.fp2_repr.R2	3.0	44.0	250.0	701.0	1575.0	2665.0	4706.0	7436.0	11522.0	16489.0	25347.0	38009.0	62858.0	104923.0	195323.0	351743.0	808199.0	2347563.0	1138661.0
	25.0	26.0	27.0	28.0	29.0	30.0	31.0	32.0	33.0	34.0	35.0	36.0	37.0	38.0	39.0	40.0
Zdi-CDup_039-Ex1-10A-lcwgs-1-2.clmp.fp2_repr.R1	40.0	229.0	558.0	1353.0	2787.0	5154.0	8523.0	13831.0	21324.0	33842.0	55486.0	100112.0	182768.0	396984.0	1048158.0	374895.0
	22.0	23.0	24.0	25.0	26.0	27.0	28.0	29.0	30.0	31.0	32.0	33.0	34.0	35.0	36.0	37.0	38.0	39.0	40.0
Zdi-CDup_039-Ex1-10A-lcwgs-1-2.clmp.fp2_repr.R2	1.0	22.0	134.0	397.0	878.0	1378.0	2366.0	3750.0	5996.0	8646.0	13490.0	21196.0	36226.0	61686.0	114703.0	204638.0	454011.0	1002346.0	314180.0
	24.0	25.0	26.0	27.0	28.0	29.0	30.0	31.0	32.0	33.0	34.0	35.0	36.0	37.0	38.0	39.0	40.0
Zdi-CDup_040-Ex1-10B-lcwgs-1-2.clmp.fp2_repr.R1	3.0	44.0	169.0	477.0	1002.0	2025.0	3716.0	6029.0	9885.0	14573.0	23451.0	37917.0	69128.0	126649.0	278191.0	796548.0	377753.0
	22.0	23.0	24.0	25.0	26.0	27.0	28.0	29.0	30.0	31.0	32.0	33.0	34.0	35.0	36.0	37.0	38.0	39.0	40.0
Zdi-CDup_040-Ex1-10B-lcwgs-1-2.clmp.fp2_repr.R2	1.0	17.0	90.0	247.0	564.0	917.0	1602.0	2382.0	3757.0	5673.0	8763.0	13551.0	22900.0	39743.0	75137.0	135030.0	303608.0	762164.0	371414.0
	24.0	25.0	26.0	27.0	28.0	29.0	30.0	31.0	32.0	33.0	34.0	35.0	36.0	37.0	38.0	39.0	40.0
Zdi-CDup_041-Ex1-10C-lcwgs-1-2.clmp.fp2_repr.R1	18.0	73.0	405.0	1055.0	2614.0	5516.0	10493.0	16928.0	27888.0	41364.0	65801.0	104546.0	187476.0	342890.0	757273.0	2260912.0	1084070.0
	22.0	23.0	24.0	25.0	26.0	27.0	28.0	29.0	30.0	31.0	32.0	33.0	34.0	35.0	36.0	37.0	38.0	39.0	40.0
Zdi-CDup_041-Ex1-10C-lcwgs-1-2.clmp.fp2_repr.R2	3.0	45.0	252.0	777.0	1692.0	2980.0	5110.0	8071.0	12892.0	17958.0	27993.0	41929.0	69716.0	117047.0	215394.0	385111.0	855571.0	2172418.0	974363.0
	24.0	25.0	26.0	27.0	28.0	29.0	30.0	31.0	32.0	33.0	34.0	35.0	36.0	37.0	38.0	39.0	40.0
Zdi-CDup_042-Ex1-10D-lcwgs-1-2.clmp.fp2_repr.R1	35.0	224.0	1016.0	2827.0	6972.0	14243.0	26842.0	44319.0	72956.0	111051.0	177605.0	286013.0	512731.0	936304.0	2036660.0	5387598.0	1950764.0
	22.0	23.0	24.0	25.0	26.0	27.0	28.0	29.0	30.0	31.0	32.0	33.0	34.0	35.0	36.0	37.0	38.0	39.0	40.0
Zdi-CDup_042-Ex1-10D-lcwgs-1-2.clmp.fp2_repr.R2	19.0	185.0	802.0	2262.0	4945.0	7984.0	13726.0	21253.0	33685.0	47934.0	74125.0	113783.0	192335.0	323271.0	591767.0	1047452.0	2303057.0	5102318.0	1687257.0
	24.0	25.0	26.0	27.0	28.0	29.0	30.0	31.0	32.0	33.0	34.0	35.0	36.0	37.0	38.0	39.0	40.0
Zdi-CDup_043-Ex1-10E-lcwgs-1-2.clmp.fp2_repr.R1	54.0	447.0	2023.0	5482.0	13889.0	29039.0	57306.0	95833.0	161448.0	248527.0	406587.0	659810.0	1179793.0	2136048.0	4600184.0	11220946.0	2824245.0
	22.0	23.0	24.0	25.0	26.0	27.0	28.0	29.0	30.0	31.0	32.0	33.0	34.0	35.0	36.0	37.0	38.0	39.0	40.0
Zdi-CDup_043-Ex1-10E-lcwgs-1-2.clmp.fp2_repr.R2	29.0	382.0	2177.0	6014.0	12678.0	20153.0	34376.0	53029.0	81956.0	119609.0	186094.0	287445.0	486731.0	819776.0	1471830.0	2546322.0	5387767.0	10114911.0	2010382.0
	23.0	24.0	25.0	26.0	27.0	28.0	29.0	30.0	31.0	32.0	33.0	34.0	35.0	36.0	37.0	38.0	39.0	40.0
Zdi-CDup_045-Ex1-10G-lcwgs-1-2.clmp.fp2_repr.R1	1.0	18.0	146.0	644.0	1764.0	4656.0	9250.0	17775.0	29448.0	48011.0	72040.0	115031.0	182946.0	329033.0	604139.0	1336153.0	3855719.0	1623719.0
	22.0	23.0	24.0	25.0	26.0	27.0	28.0	29.0	30.0	31.0	32.0	33.0	34.0	35.0	36.0	37.0	38.0	39.0	40.0
Zdi-CDup_045-Ex1-10G-lcwgs-1-2.clmp.fp2_repr.R2	6.0	79.0	521.0	1418.0	3144.0	5272.0	9043.0	14081.0	22199.0	31791.0	48271.0	73267.0	121344.0	204869.0	375931.0	675857.0	1514544.0	3717431.0	1411425.0
	24.0	25.0	26.0	27.0	28.0	29.0	30.0	31.0	32.0	33.0	34.0	35.0	36.0	37.0	38.0	39.0	40.0
Zdi-CDup_046-Ex1-10H-lcwgs-1-2.clmp.fp2_repr.R1	17.0	137.0	581.0	1575.0	3941.0	8150.0	15853.0	25780.0	42375.0	64184.0	101687.0	164646.0	295362.0	542608.0	1196926.0	3345415.0	1271155.0
	21.0	22.0	23.0	24.0	25.0	26.0	27.0	28.0	29.0	30.0	31.0	32.0	33.0	34.0	35.0	36.0	37.0	38.0	39.0	40.0
Zdi-CDup_046-Ex1-10H-lcwgs-1-2.clmp.fp2_repr.R2	1.0	14.0	83.0	492.0	1260.0	2727.0	4624.0	7984.0	12481.0	19804.0	28431.0	43513.0	66832.0	111643.0	187157.0	342994.0	613575.0	1362279.0	3197757.0	1076741.0
	24.0	25.0	26.0	27.0	28.0	29.0	30.0	31.0	32.0	33.0	34.0	35.0	36.0	37.0	38.0	39.0	40.0
Zdi-CDup_047-Ex1-11A-lcwgs-1-2.clmp.fp2_repr.R1	11.0	101.0	471.0	1339.0	3266.0	6902.0	12996.0	20787.0	33921.0	48974.0	75502.0	116878.0	206350.0	368481.0	809340.0	2497849.0	1310140.0
	22.0	23.0	24.0	25.0	26.0	27.0	28.0	29.0	30.0	31.0	32.0	33.0	34.0	35.0	36.0	37.0	38.0	39.0	40.0
Zdi-CDup_047-Ex1-11A-lcwgs-1-2.clmp.fp2_repr.R2	6.0	42.0	272.0	793.0	1836.0	3034.0	5533.0	8577.0	13524.0	19183.0	28725.0	42326.0	68615.0	112995.0	207675.0	369787.0	839597.0	2399110.0	1391678.0
	23.0	24.0	25.0	26.0	27.0	28.0	29.0	30.0	31.0	32.0	33.0	34.0	35.0	36.0	37.0	38.0	39.0	40.0
Zdi-CDup_050-Ex1-11D-lcwgs-1-2.clmp.fp2_repr.R1	1.0	4.0	23.0	115.0	345.0	791.0	1517.0	2742.0	4286.0	7111.0	10312.0	16316.0	25673.0	45879.0	83560.0	182496.0	518809.0	236078.0
	22.0	23.0	24.0	25.0	26.0	27.0	28.0	29.0	30.0	31.0	32.0	33.0	34.0	35.0	36.0	37.0	38.0	39.0	40.0
Zdi-CDup_050-Ex1-11D-lcwgs-1-2.clmp.fp2_repr.R2	2.0	12.0	66.0	185.0	362.0	594.0	1035.0	1645.0	2677.0	3713.0	5687.0	8599.0	14318.0	24749.0	46406.0	84467.0	191023.0	495057.0	255461.0
	24.0	25.0	26.0	27.0	28.0	29.0	30.0	31.0	32.0	33.0	34.0	35.0	36.0	37.0	38.0	39.0	40.0
Zdi-CDup_051-Ex1-11E-lcwgs-1-2.clmp.fp2_repr.R1	4.0	20.0	102.0	223.0	565.0	1107.0	2090.0	3361.0	5497.0	8060.0	12776.0	20253.0	36517.0	65925.0	144399.0	422577.0	192190.0
	23.0	24.0	25.0	26.0	27.0	28.0	29.0	30.0	31.0	32.0	33.0	34.0	35.0	36.0	37.0	38.0	39.0	40.0
Zdi-CDup_051-Ex1-11E-lcwgs-1-2.clmp.fp2_repr.R2	8.0	49.0	153.0	317.0	530.0	909.0	1495.0	2217.0	3096.0	4787.0	7192.0	12293.0	20534.0	38547.0	69149.0	154927.0	399912.0	199551.0
	24.0	25.0	26.0	27.0	28.0	29.0	30.0	31.0	32.0	33.0	34.0	35.0	36.0	37.0	38.0	39.0	40.0
Zdi-CDup_054-Ex1-11G-lcwgs-1-2.clmp.fp2_repr.R1	5.0	23.0	126.0	309.0	729.0	1483.0	2674.0	4355.0	6956.0	9713.0	14552.0	22187.0	39102.0	69943.0	156560.0	523891.0	419474.0
	23.0	24.0	25.0	26.0	27.0	28.0	29.0	30.0	31.0	32.0	33.0	34.0	35.0	36.0	37.0	38.0	39.0	40.0
Zdi-CDup_054-Ex1-11G-lcwgs-1-2.clmp.fp2_repr.R2	11.0	42.0	138.0	352.0	587.0	1117.0	1691.0	2623.0	3552.0	5313.0	7436.0	11409.0	18518.0	34011.0	61663.0	143665.0	487155.0	492799.0
	23.0	24.0	25.0	26.0	27.0	28.0	29.0	30.0	31.0	32.0	33.0	34.0	35.0	36.0	37.0	38.0	39.0	40.0
Zdi-CDup_056-Ex1-12A-lcwgs-1-2.clmp.fp2_repr.R1	1.0	54.0	423.0	1873.0	5127.0	12736.0	26815.0	52049.0	87757.0	145359.0	223968.0	361051.0	583548.0	1035849.0	1881644.0	4104688.0	10272519.0	2220194.0
	22.0	23.0	24.0	25.0	26.0	27.0	28.0	29.0	30.0	31.0	32.0	33.0	34.0	35.0	36.0	37.0	38.0	39.0	40.0
Zdi-CDup_056-Ex1-12A-lcwgs-1-2.clmp.fp2_repr.R2	30.0	341.0	1749.0	4765.0	9642.0	15429.0	25872.0	40274.0	62232.0	92032.0	143680.0	225472.0	383373.0	647869.0	1184726.0	2106285.0	4668199.0	9849790.0	1553895.0
	23.0	24.0	25.0	26.0	27.0	28.0	29.0	30.0	31.0	32.0	33.0	34.0	35.0	36.0	37.0	38.0	39.0	40.0
Zdi-CDup_057-Ex1-12B-lcwgs-1-2.clmp.fp2_repr.R1	2.0	25.0	259.0	1191.0	3121.0	7845.0	16077.0	31113.0	51215.0	84204.0	127404.0	202033.0	322021.0	572293.0	1034545.0	2280338.0	6363184.0	2068011.0
	21.0	22.0	23.0	24.0	25.0	26.0	27.0	28.0	29.0	30.0	31.0	32.0	33.0	34.0	35.0	36.0	37.0	38.0	39.0	40.0
Zdi-CDup_057-Ex1-12B-lcwgs-1-2.clmp.fp2_repr.R2	2.0	18.0	188.0	875.0	2419.0	4998.0	8015.0	13893.0	22190.0	34562.0	50001.0	78079.0	119684.0	203457.0	344641.0	634980.0	1134374.0	2534483.0	6146352.0	1831670.0
	24.0	25.0	26.0	27.0	28.0	29.0	30.0	31.0	32.0	33.0	34.0	35.0	36.0	37.0	38.0	39.0	40.0
Zdi-CDup_058-Ex1-12C-lcwgs-1-2.clmp.fp2_repr.R1	8.0	70.0	337.0	853.0	2160.0	4160.0	7822.0	12426.0	20113.0	29115.0	45306.0	71015.0	124918.0	226950.0	503301.0	1561865.0	819473.0
	23.0	24.0	25.0	26.0	27.0	28.0	29.0	30.0	31.0	32.0	33.0	34.0	35.0	36.0	37.0	38.0	39.0	40.0
Zdi-CDup_058-Ex1-12C-lcwgs-1-2.clmp.fp2_repr.R2	33.0	194.0	478.0	1017.0	1730.0	3133.0	4835.0	7434.0	10744.0	16413.0	24655.0	41323.0	69911.0	130454.0	236801.0	537536.0	1502473.0	840728.0
	23.0	24.0	25.0	26.0	27.0	28.0	29.0	30.0	31.0	32.0	33.0	34.0	35.0	36.0	37.0	38.0	39.0	40.0
Zdi-CDup_059-Ex1-12D-lcwgs-1-2.clmp.fp2_repr.R1	2.0	43.0	382.0	1461.0	3898.0	9496.0	19015.0	36303.0	59318.0	97317.0	147489.0	234827.0	376156.0	660365.0	1190302.0	2580414.0	6852844.0	1737825.0
	22.0	23.0	24.0	25.0	26.0	27.0	28.0	29.0	30.0	31.0	32.0	33.0	34.0	35.0	36.0	37.0	38.0	39.0	40.0
Zdi-CDup_059-Ex1-12D-lcwgs-1-2.clmp.fp2_repr.R2	26.0	224.0	1057.0	2949.0	6124.0	9815.0	16687.0	25861.0	40359.0	58504.0	91122.0	140789.0	238853.0	405516.0	740596.0	1326050.0	2933289.0	6687621.0	1282015.0
	24.0	25.0	26.0	27.0	28.0	29.0	30.0	31.0	32.0	33.0	34.0	35.0	36.0	37.0	38.0	39.0	40.0
Zdi-CDup_060-Ex1-12E-lcwgs-1-2.clmp.fp2_repr.R1	3.0	46.0	194.0	509.0	1160.0	2137.0	4112.0	6580.0	10799.0	16149.0	25706.0	41368.0	73551.0	133985.0	291428.0	801592.0	294440.0
	23.0	24.0	25.0	26.0	27.0	28.0	29.0	30.0	31.0	32.0	33.0	34.0	35.0	36.0	37.0	38.0	39.0	40.0
Zdi-CDup_060-Ex1-12E-lcwgs-1-2.clmp.fp2_repr.R2	32.0	117.0	253.0	583.0	936.0	1544.0	2396.0	3821.0	5464.0	8679.0	13678.0	24061.0	41813.0	79063.0	143363.0	321325.0	775308.0	281323.0
	23.0	24.0	25.0	26.0	27.0	28.0	29.0	30.0	31.0	32.0	33.0	34.0	35.0	36.0	37.0	38.0	39.0	40.0
Zdi-CDup_061-Ex1-12F-lcwgs-1-2.clmp.fp2_repr.R1	1.0	16.0	116.0	561.0	1469.0	3691.0	7571.0	14147.0	22972.0	36669.0	53341.0	82121.0	126627.0	221901.0	399542.0	890825.0	2930387.0	1519920.0
	22.0	23.0	24.0	25.0	26.0	27.0	28.0	29.0	30.0	31.0	32.0	33.0	34.0	35.0	36.0	37.0	38.0	39.0	40.0
Zdi-CDup_061-Ex1-12F-lcwgs-1-2.clmp.fp2_repr.R2	8.0	56.0	295.0	804.0	1769.0	3065.0	5522.0	8689.0	13684.0	19375.0	29735.0	44032.0	72524.0	121856.0	227358.0	412399.0	942277.0	2846778.0	1561651.0
	24.0	25.0	26.0	27.0	28.0	29.0	30.0	31.0	32.0	33.0	34.0	35.0	36.0	37.0	38.0	39.0	40.0
Zdi-CDup_062-Ex1-12G-lcwgs-1-2.clmp.fp2_repr.R1	2.0	47.0	194.0	445.0	1047.0	2041.0	3655.0	5883.0	9546.0	14035.0	22376.0	35377.0	62845.0	114831.0	253041.0	729249.0	306780.0
	23.0	24.0	25.0	26.0	27.0	28.0	29.0	30.0	31.0	32.0	33.0	34.0	35.0	36.0	37.0	38.0	39.0	40.0
Zdi-CDup_062-Ex1-12G-lcwgs-1-2.clmp.fp2_repr.R2	14.0	83.0	234.0	509.0	827.0	1438.0	2093.0	3236.0	4656.0	7267.0	11500.0	19674.0	34129.0	64816.0	119579.0	273573.0	715147.0	302619.0
	23.0	24.0	25.0	26.0	27.0	28.0	29.0	30.0	31.0	32.0	33.0	34.0	35.0	36.0	37.0	38.0	39.0	40.0
Zdi-CDup_064-Ex1-5A-lcwgs-1-2.clmp.fp2_repr.R1	1.0	42.0	353.0	1600.0	4604.0	11754.0	25088.0	48726.0	81443.0	133356.0	200796.0	318816.0	511612.0	901085.0	1640774.0	3593169.0	9753814.0	2468834.0
	22.0	23.0	24.0	25.0	26.0	27.0	28.0	29.0	30.0	31.0	32.0	33.0	34.0	35.0	36.0	37.0	38.0	39.0	40.0
Zdi-CDup_064-Ex1-5A-lcwgs-1-2.clmp.fp2_repr.R2	23.0	233.0	1378.0	3551.0	7462.0	12088.0	21099.0	33367.0	52327.0	77395.0	121195.0	188450.0	318647.0	538720.0	987918.0	1783598.0	4048847.0	9815253.0	1684316.0
	24.0	25.0	26.0	27.0	28.0	29.0	30.0	31.0	32.0	33.0	34.0	35.0	36.0	37.0	38.0	39.0	40.0
Zdi-CDup_065-Ex1-5B-lcwgs-1-2.clmp.fp2_repr.R1	38.0	283.0	1335.0	3651.0	9397.0	19520.0	38449.0	63424.0	102758.0	153280.0	238997.0	374657.0	654414.0	1180199.0	2590006.0	7724450.0	2742473.0
	22.0	23.0	24.0	25.0	26.0	27.0	28.0	29.0	30.0	31.0	32.0	33.0	34.0	35.0	36.0	37.0	38.0	39.0	40.0
Zdi-CDup_065-Ex1-5B-lcwgs-1-2.clmp.fp2_repr.R2	23.0	154.0	849.0	2587.0	5176.0	8783.0	15381.0	24812.0	39951.0	58271.0	90219.0	138722.0	231777.0	386768.0	710305.0	1273110.0	2866264.0	7776430.0	2267749.0
	23.0	24.0	25.0	26.0	27.0	28.0	29.0	30.0	31.0	32.0	33.0	34.0	35.0	36.0	37.0	38.0	39.0	40.0
Zdi-CDup_066-Ex1-5C-lcwgs-1-2.clmp.fp2_repr.R1	5.0	49.0	340.0	1530.0	4325.0	11194.0	23500.0	46166.0	76325.0	123614.0	183087.0	284744.0	443656.0	764012.0	1344086.0	2891131.0	8653236.0	3437164.0
	21.0	22.0	23.0	24.0	25.0	26.0	27.0	28.0	29.0	30.0	31.0	32.0	33.0	34.0	35.0	36.0	37.0	38.0	39.0	40.0
Zdi-CDup_066-Ex1-5C-lcwgs-1-2.clmp.fp2_repr.R2	1.0	22.0	193.0	1110.0	3139.0	6795.0	11376.0	20350.0	32535.0	51313.0	73967.0	114516.0	175275.0	295608.0	496672.0	901450.0	1569502.0	3358519.0	8296854.0	2878967.0
	24.0	25.0	26.0	27.0	28.0	29.0	30.0	31.0	32.0	33.0	34.0	35.0	36.0	37.0	38.0	39.0	40.0
Zdi-CDup_071-Ex1-12H-lcwgs-1-2.clmp.fp2_repr.R1	3.0	58.0	211.0	579.0	1414.0	2772.0	5192.0	8372.0	13777.0	20570.0	32509.0	52131.0	91122.0	167700.0	368519.0	1079614.0	412933.0
	22.0	23.0	24.0	25.0	26.0	27.0	28.0	29.0	30.0	31.0	32.0	33.0	34.0	35.0	36.0	37.0	38.0	39.0	40.0
Zdi-CDup_071-Ex1-12H-lcwgs-1-2.clmp.fp2_repr.R2	2.0	21.0	130.0	361.0	700.0	1192.0	2049.0	3254.0	5120.0	7373.0	11337.0	17829.0	30205.0	52015.0	97509.0	177670.0	402049.0	1062012.0	386648.0

