Sample	FastQC_mqc-generalstats-fastqc-percent_duplicates	FastQC_mqc-generalstats-fastqc-percent_gc	FastQC_mqc-generalstats-fastqc-avg_sequence_length	FastQC_mqc-generalstats-fastqc-percent_fails	FastQC_mqc-generalstats-fastqc-total_sequences
Zdi-ADup_001-Ex1-11B-lcwgs-1-2.clmp.fp2_repr.R1	1.6446476107791455	40.0	94.63843632534854	0.0	2992643.0
Zdi-ADup_001-Ex1-11B-lcwgs-1-2.clmp.fp2_repr.R2	1.7286077037173868	40.0	94.43307537851993	9.090909090909092	2992643.0
Zdi-ADup_002-Ex1-9G-lcwgs-1-2.clmp.fp2_repr.R1	0.3747518255610913	39.0	82.21731276888131	9.090909090909092	423514.0
Zdi-ADup_002-Ex1-9G-lcwgs-1-2.clmp.fp2_repr.R2	0.38696107749368025	39.0	82.15271986286167	9.090909090909092	423514.0
Zdi-ADup_003-Ex1-9H-lcwgs-1-2.clmp.fp2_repr.R1	0.4499230756571677	40.0	84.06248744182442	9.090909090909092	980437.0
Zdi-ADup_003-Ex1-9H-lcwgs-1-2.clmp.fp2_repr.R2	0.46142504401018414	40.0	83.9737759794867	9.090909090909092	980437.0
Zdi-ADup_004-Ex1-10A-lcwgs-1-2.clmp.fp2_repr.R1	1.0068353438407769	38.0	96.71254103602136	0.0	1682668.0
Zdi-ADup_004-Ex1-10A-lcwgs-1-2.clmp.fp2_repr.R2	1.027511477927348	38.0	96.5183583451994	9.090909090909092	1682668.0
Zdi-ADup_005-Ex1-10B-lcwgs-1-2.clmp.fp2_repr.R1	0.32923701704184793	39.0	85.09262836751729	9.090909090909092	548698.0
Zdi-ADup_005-Ex1-10B-lcwgs-1-2.clmp.fp2_repr.R2	0.33094822508647326	39.0	85.064348694546	9.090909090909092	548698.0
Zdi-ADup_006-Ex1-10C-lcwgs-1-2.clmp.fp2_repr.R1	0.4335038038266106	38.0	95.9018719797958	9.090909090909092	685798.0
Zdi-ADup_006-Ex1-10C-lcwgs-1-2.clmp.fp2_repr.R2	0.4606365337937177	38.0	95.72215433699135	9.090909090909092	685798.0
Zdi-ADup_007-Ex1-10D-lcwgs-1-2.clmp.fp2_repr.R1	1.5112028599330074	43.0	82.00005213441555	9.090909090909092	613798.0
Zdi-ADup_007-Ex1-10D-lcwgs-1-2.clmp.fp2_repr.R2	1.4246372133544583	43.0	81.88534664498744	9.090909090909092	613798.0
Zdi-ADup_008-Ex1-10E-lcwgs-1-2.clmp.fp2_repr.R1	0.07722007722007618	39.0	81.2036036036036	0.0	3885.0
Zdi-ADup_008-Ex1-10E-lcwgs-1-2.clmp.fp2_repr.R2	0.05148005148004131	39.0	81.16267696267697	9.090909090909092	3885.0
Zdi-ADup_009-Ex1-10F-lcwgs-1-2.clmp.fp2_repr.R1	0.5856678717103563	41.0	80.90642966170526	0.0	8415295.0
Zdi-ADup_009-Ex1-10F-lcwgs-1-2.clmp.fp2_repr.R2	0.6146696874105544	41.0	80.81564401485629	9.090909090909092	8415295.0
Zdi-ADup_010-Ex1-10G-lcwgs-1-2.clmp.fp2_repr.R1	0.9772855222704777	42.0	79.28839996106552	9.090909090909092	2383492.0
Zdi-ADup_010-Ex1-10G-lcwgs-1-2.clmp.fp2_repr.R2	0.9804493035918682	42.0	79.20317458585974	9.090909090909092	2383492.0
Zdi-ADup_011-Ex1-10H-lcwgs-1-2.clmp.fp2_repr.R1	0.39277190905868054	41.0	82.21930157951736	9.090909090909092	244695.0
Zdi-ADup_011-Ex1-10H-lcwgs-1-2.clmp.fp2_repr.R2	0.39382187802374347	41.0	82.15318253335785	9.090909090909092	244695.0
Zdi-ADup_012-Ex1-11A-lcwgs-1-2.clmp.fp2_repr.R1	5.828565148214764	51.0	121.55013900665581	9.090909090909092	2132272.0
Zdi-ADup_012-Ex1-11A-lcwgs-1-2.clmp.fp2_repr.R2	6.38499532271787	51.0	120.13232036062941	18.181818181818183	2132272.0
Zdi-ADup_013-Ex1-12F-lcwgs-1-2.clmp.fp2_repr.R1	0.2862164070862434	42.0	87.78569471266768	9.090909090909092	459816.0
Zdi-ADup_013-Ex1-12F-lcwgs-1-2.clmp.fp2_repr.R2	0.2736568108105075	42.0	87.59825669398194	9.090909090909092	459816.0
Zdi-ADup_014-Ex1-11C-lcwgs-1-2.clmp.fp2_repr.R1	1.460980241626487	46.0	88.86836654370919	9.090909090909092	1068391.0
Zdi-ADup_014-Ex1-11C-lcwgs-1-2.clmp.fp2_repr.R2	1.4467559056270431	46.0	88.62506891203688	9.090909090909092	1068391.0
Zdi-ADup_015-Ex1-11D-lcwgs-1-2.clmp.fp2_repr.R1	0.4128008043873308	40.0	88.46764262315224	9.090909090909092	504599.0
Zdi-ADup_015-Ex1-11D-lcwgs-1-2.clmp.fp2_repr.R2	0.43403741039853116	40.0	88.32693683499174	9.090909090909092	504599.0
Zdi-ADup_016-Ex1-11E-lcwgs-1-2.clmp.fp2_repr.R1	0.38171440236892806	37.0	88.33614672086709	9.090909090909092	474043.0
Zdi-ADup_016-Ex1-11E-lcwgs-1-2.clmp.fp2_repr.R2	0.38348857326285213	37.0	88.23160557164645	9.090909090909092	474043.0
Zdi-ADup_017-Ex1-11F-lcwgs-1-2.clmp.fp2_repr.R1	0.528944745297494	42.0	82.94347132036786	9.090909090909092	878899.0
Zdi-ADup_017-Ex1-11F-lcwgs-1-2.clmp.fp2_repr.R2	0.504933198995289	42.0	82.8317519988076	9.090909090909092	878899.0
Zdi-ADup_018-Ex1-11G-lcwgs-1-2.clmp.fp2_repr.R1	0.772148370026656	42.0	87.65843534350498	9.090909090909092	1531710.0
Zdi-ADup_018-Ex1-11G-lcwgs-1-2.clmp.fp2_repr.R2	0.7832834076998694	42.0	87.51940119213167	9.090909090909092	1531710.0
Zdi-ADup_019-Ex1-11H-lcwgs-1-2.clmp.fp2_repr.R1	0.3282813856730229	39.0	83.5562023760531	9.090909090909092	551587.0
Zdi-ADup_019-Ex1-11H-lcwgs-1-2.clmp.fp2_repr.R2	0.3301885063312966	39.0	83.50021302169921	9.090909090909092	551587.0
Zdi-ADup_020-Ex1-12A-lcwgs-1-2.clmp.fp2_repr.R1	1.3802625852072623	37.0	91.41766535947669	0.0	23897572.0
Zdi-ADup_020-Ex1-12A-lcwgs-1-2.clmp.fp2_repr.R2	1.3947209342047984	37.0	91.33574653525471	9.090909090909092	23897572.0
Zdi-ADup_021-Ex1-12B-lcwgs-1-2.clmp.fp2_repr.R1	6.660065358029414	38.0	96.40603807207648	0.0	252133923.0
Zdi-ADup_021-Ex1-12B-lcwgs-1-2.clmp.fp2_repr.R2	6.858329560388228	38.0	96.26686128228766	9.090909090909092	252133923.0
Zdi-ADup_022-Ex1-12C-lcwgs-1-2.clmp.fp2_repr.R1	0.6011905277072458	40.0	85.87730929441318	9.090909090909092	503184.0
Zdi-ADup_022-Ex1-12C-lcwgs-1-2.clmp.fp2_repr.R2	0.6118004180632113	40.0	85.79191111005119	9.090909090909092	503184.0
Zdi-ADup_023-Ex1-12D-lcwgs-1-2.clmp.fp2_repr.R1	0.6057782630907269	41.0	84.99572563120354	9.090909090909092	306478.0
Zdi-ADup_023-Ex1-12D-lcwgs-1-2.clmp.fp2_repr.R2	0.5746382049157575	41.0	84.86362479525447	9.090909090909092	306478.0
Zdi-ADup_024-Ex1-12E-lcwgs-1-2.clmp.fp2_repr.R1	0.395898302252391	44.0	77.30513929090488	9.090909090909092	491274.0
Zdi-ADup_024-Ex1-12E-lcwgs-1-2.clmp.fp2_repr.R2	0.3984943098240876	44.0	77.17530543037083	9.090909090909092	491274.0
Zdi-ADup_025-Ex1-2A-lcwgs-1-2.clmp.fp2_repr.R1	0.7420843042836509	36.0	73.88629951052867	0.0	13170128.0
Zdi-ADup_025-Ex1-2A-lcwgs-1-2.clmp.fp2_repr.R2	0.7941799708505783	36.0	73.90184476566971	9.090909090909092	13170128.0
Zdi-ADup_026-Ex1-12G-lcwgs-1-2.clmp.fp2_repr.R1	0.35846631409508234	43.0	75.4086826380013	9.090909090909092	457695.0
Zdi-ADup_026-Ex1-12G-lcwgs-1-2.clmp.fp2_repr.R2	0.3538838089524745	43.0	75.41189438381456	9.090909090909092	457695.0
Zdi-ADup_027-Ex1-12H-lcwgs-1-2.clmp.fp2_repr.R1	1.4538573781537707	44.0	78.97136503972142	9.090909090909092	4051970.0
Zdi-ADup_027-Ex1-12H-lcwgs-1-2.clmp.fp2_repr.R2	1.4009025309860306	44.0	78.90613380651881	9.090909090909092	4051970.0
Zdi-ADup_028-Ex1-9F-lcwgs-1-2.clmp.fp2_repr.R1	0.33583031438030275	39.0	78.880269748237	9.090909090909092	330827.0
Zdi-ADup_028-Ex1-9F-lcwgs-1-2.clmp.fp2_repr.R2	0.33127931706634683	39.0	78.84907217367386	9.090909090909092	330827.0
Zdi-ADup_029-Ex1-1A-lcwgs-1-2.clmp.fp2_repr.R1	0.45382404241557595	43.0	63.936250005654806	9.090909090909092	221051.0
Zdi-ADup_029-Ex1-1A-lcwgs-1-2.clmp.fp2_repr.R2	0.46941766731472967	43.0	63.94095932612836	9.090909090909092	221051.0
Zdi-ADup_030-Ex1-1B-lcwgs-1-2.clmp.fp2_repr.R1	0.711677541815277	38.0	70.57322870893492	9.090909090909092	477900.0
Zdi-ADup_030-Ex1-1B-lcwgs-1-2.clmp.fp2_repr.R2	0.7231192014491086	38.0	70.59910232266165	9.090909090909092	477900.0
Zdi-ADup_031-Ex1-1C-lcwgs-1-2.clmp.fp2_repr.R1	0.8056482002858729	39.0	74.33785247108763	9.090909090909092	92348.0
Zdi-ADup_031-Ex1-1C-lcwgs-1-2.clmp.fp2_repr.R2	0.7320136873565275	39.0	74.3458872958808	9.090909090909092	92348.0
Zdi-ADup_032-Ex1-1D-lcwgs-1-2.clmp.fp2_repr.R1	2.186073010066636	42.0	94.55318786551717	0.0	1673314.0
Zdi-ADup_032-Ex1-1D-lcwgs-1-2.clmp.fp2_repr.R2	2.391904404932262	41.0	94.31625743883097	9.090909090909092	1673314.0
Zdi-ADup_033-Ex1-1E-lcwgs-1-2.clmp.fp2_repr.R1	0.21549761738549478	37.0	78.30184842322518	9.090909090909092	32947.0
Zdi-ADup_033-Ex1-1E-lcwgs-1-2.clmp.fp2_repr.R2	0.22460315051445434	37.0	78.32867939417854	9.090909090909092	32947.0
Zdi-ADup_034-Ex1-1F-lcwgs-1-2.clmp.fp2_repr.R1	0.2846878423302428	37.0	77.47855015072867	9.090909090909092	392427.0
Zdi-ADup_034-Ex1-1F-lcwgs-1-2.clmp.fp2_repr.R2	0.28917444154875227	37.0	77.48431682835279	9.090909090909092	392427.0
Zdi-ADup_035-Ex1-1G-lcwgs-1-2.clmp.fp2_repr.R1	0.3628191044199838	36.0	74.78511260986615	9.090909090909092	213214.0
Zdi-ADup_035-Ex1-1G-lcwgs-1-2.clmp.fp2_repr.R2	0.32400841406273173	36.0	74.78493907529524	9.090909090909092	213214.0
Zdi-ADup_036-Ex1-1H-lcwgs-1-2.clmp.fp2_repr.R1	0.8473360087638468	37.0	71.57461274923686	9.090909090909092	246352.0
Zdi-ADup_036-Ex1-1H-lcwgs-1-2.clmp.fp2_repr.R2	0.7229587113337885	37.0	71.56768363967007	9.090909090909092	246352.0
Zdi-ADup_037-Ex1-3D-lcwgs-1-2.clmp.fp2_repr.R1	5.274862703611632	38.0	84.51045892791284	0.0	25902129.0
Zdi-ADup_037-Ex1-3D-lcwgs-1-2.clmp.fp2_repr.R2	5.7256463217690055	38.0	84.39308587336585	9.090909090909092	25902129.0
Zdi-ADup_038-Ex1-2B-lcwgs-1-2.clmp.fp2_repr.R1	0.26831657701457345	37.0	74.58136878160042	9.090909090909092	507707.0
Zdi-ADup_038-Ex1-2B-lcwgs-1-2.clmp.fp2_repr.R2	0.2594678170349596	37.0	74.59063002873705	9.090909090909092	507707.0
Zdi-ADup_039-Ex1-2C-lcwgs-1-2.clmp.fp2_repr.R1	1.4976367052584152	37.0	82.56941922087364	0.0	29843118.0
Zdi-ADup_039-Ex1-2C-lcwgs-1-2.clmp.fp2_repr.R2	1.5420366042025506	37.0	82.52331234289929	9.090909090909092	29843118.0
Zdi-ADup_040-Ex1-2D-lcwgs-1-2.clmp.fp2_repr.R1	2.488735235929255	38.0	85.06788233368074	0.0	46569112.0
Zdi-ADup_040-Ex1-2D-lcwgs-1-2.clmp.fp2_repr.R2	2.576040491559567	38.0	85.01593543376993	9.090909090909092	46569112.0
Zdi-ADup_041-Ex1-2E-lcwgs-1-2.clmp.fp2_repr.R1	1.3150881739329918	37.0	80.9392103370714	0.0	19323384.0
Zdi-ADup_041-Ex1-2E-lcwgs-1-2.clmp.fp2_repr.R2	1.3554867882863704	37.0	80.90674573356303	9.090909090909092	19323384.0
Zdi-ADup_042-Ex1-2F-lcwgs-1-2.clmp.fp2_repr.R1	0.7460909697683178	37.0	86.17672658133908	9.090909090909092	2042794.0
Zdi-ADup_042-Ex1-2F-lcwgs-1-2.clmp.fp2_repr.R2	0.7857586150771283	37.0	86.12359200193461	9.090909090909092	2042794.0
Zdi-ADup_043-Ex1-2G-lcwgs-1-2.clmp.fp2_repr.R1	0.22259818355041716	36.0	82.01739179767773	9.090909090909092	317276.0
Zdi-ADup_043-Ex1-2G-lcwgs-1-2.clmp.fp2_repr.R2	0.22798730452129234	36.0	82.01927344015935	9.090909090909092	317276.0
Zdi-ADup_044-Ex1-2H-lcwgs-1-2.clmp.fp2_repr.R1	1.0316476865234705	36.0	82.46743220568435	9.090909090909092	1085858.0
Zdi-ADup_044-Ex1-2H-lcwgs-1-2.clmp.fp2_repr.R2	1.0065241975643744	36.0	82.4369042729344	9.090909090909092	1085858.0
Zdi-ADup_045-Ex1-3A-lcwgs-1-2.clmp.fp2_repr.R1	0.3648130054244234	37.0	78.18008339571514	9.090909090909092	323278.0
Zdi-ADup_045-Ex1-3A-lcwgs-1-2.clmp.fp2_repr.R2	0.36703702118052206	37.0	78.18104850933253	9.090909090909092	323278.0
Zdi-ADup_046-Ex1-3B-lcwgs-1-2.clmp.fp2_repr.R1	0.2684834399838678	36.0	83.49879553871786	9.090909090909092	94233.0
Zdi-ADup_046-Ex1-3B-lcwgs-1-2.clmp.fp2_repr.R2	0.22709666465038936	36.0	83.5515159232965	9.090909090909092	94233.0
Zdi-ADup_047-Ex1-3C-lcwgs-1-2.clmp.fp2_repr.R1	2.2431532889179806	38.0	79.92887320453843	0.0	8535897.0
Zdi-ADup_047-Ex1-3C-lcwgs-1-2.clmp.fp2_repr.R2	2.3175799564352246	38.0	79.92811042588728	9.090909090909092	8535897.0
Zdi-CDup_001-Ex1-5D-lcwgs-1-2.clmp.fp2_repr.R1	2.1061373502418945	43.0	114.2679926994642	0.0	8188988.0
Zdi-CDup_001-Ex1-5D-lcwgs-1-2.clmp.fp2_repr.R2	2.538764584969684	43.0	113.57475453621376	9.090909090909092	8188988.0
Zdi-CDup_002-Ex1-5E-lcwgs-1-2.clmp.fp2_repr.R1	1.2752910625166436	43.0	111.54413206352325	0.0	8794071.0
Zdi-CDup_002-Ex1-5E-lcwgs-1-2.clmp.fp2_repr.R2	1.4782489690109486	43.0	110.88762224002967	9.090909090909092	8794071.0
Zdi-CDup_003-Ex1-5F-lcwgs-1-2.clmp.fp2_repr.R1	2.1334599290952667	44.0	113.14345459860454	0.0	5042334.0
Zdi-CDup_003-Ex1-5F-lcwgs-1-2.clmp.fp2_repr.R2	2.48691326202632	44.0	112.40538211074475	9.090909090909092	5042334.0
Zdi-CDup_004-Ex1-5G-lcwgs-1-2.clmp.fp2_repr.R1	1.0588941090358617	43.0	114.50737865111591	0.0	3042426.0
Zdi-CDup_004-Ex1-5G-lcwgs-1-2.clmp.fp2_repr.R2	1.1778928750693325	43.0	113.81861941753061	9.090909090909092	3042426.0
Zdi-CDup_005-Ex1-5H-lcwgs-1-2.clmp.fp2_repr.R1	3.0672249652918566	44.0	122.94102893152885	0.0	12202950.0
Zdi-CDup_005-Ex1-5H-lcwgs-1-2.clmp.fp2_repr.R2	3.594683586612277	44.0	121.99598703592164	9.090909090909092	12202950.0
Zdi-CDup_006-Ex1-6A-lcwgs-1-2.clmp.fp2_repr.R1	2.469026533871201	43.0	127.8684224795775	0.0	17003558.0
Zdi-CDup_006-Ex1-6A-lcwgs-1-2.clmp.fp2_repr.R2	3.07863958924311	43.0	126.75325234871431	9.090909090909092	17003558.0
Zdi-CDup_007-Ex1-6B-lcwgs-1-2.clmp.fp2_repr.R1	1.6740498197095945	43.0	111.87045815043152	0.0	10408590.0
Zdi-CDup_007-Ex1-6B-lcwgs-1-2.clmp.fp2_repr.R2	1.9457197905936994	43.0	111.15913164030863	9.090909090909092	10408590.0
Zdi-CDup_008-Ex1-6C-lcwgs-1-2.clmp.fp2_repr.R1	2.100573500029995	44.0	125.38962780726096	0.0	10786938.0
Zdi-CDup_008-Ex1-6C-lcwgs-1-2.clmp.fp2_repr.R2	2.6651686782219457	44.0	124.18142618414976	9.090909090909092	10786938.0
Zdi-CDup_010-Ex1-6D-lcwgs-1-2.clmp.fp2_repr.R1	2.379407883991547	44.0	124.81041280534771	0.0	19898749.0
Zdi-CDup_010-Ex1-6D-lcwgs-1-2.clmp.fp2_repr.R2	2.9755271089608044	43.0	123.65939381415384	9.090909090909092	19898749.0
Zdi-CDup_011-Ex1-6E-lcwgs-1-2.clmp.fp2_repr.R1	2.078313669252836	43.0	124.99827234260879	0.0	15955131.0
Zdi-CDup_011-Ex1-6E-lcwgs-1-2.clmp.fp2_repr.R2	2.568495019434465	42.0	123.91815679858723	9.090909090909092	15955131.0
Zdi-CDup_012-Ex1-6F-lcwgs-1-2.clmp.fp2_repr.R1	2.4248176706145017	44.0	118.25793719943196	0.0	4992630.0
Zdi-CDup_012-Ex1-6F-lcwgs-1-2.clmp.fp2_repr.R2	2.7838414689160516	44.0	117.33500599884229	9.090909090909092	4992630.0
Zdi-CDup_013-Ex1-6G-lcwgs-1-2.clmp.fp2_repr.R1	0.7352511602694278	42.0	113.72881981459004	0.0	2842350.0
Zdi-CDup_013-Ex1-6G-lcwgs-1-2.clmp.fp2_repr.R2	0.8280625875756584	42.0	113.08312734181223	9.090909090909092	2842350.0
Zdi-CDup_014-Ex1-6H-lcwgs-1-2.clmp.fp2_repr.R1	0.9889648062786733	43.0	107.24895899157059	0.0	6709840.0
Zdi-CDup_014-Ex1-6H-lcwgs-1-2.clmp.fp2_repr.R2	1.1410793324260595	43.0	106.60915580699391	9.090909090909092	6709840.0
Zdi-CDup_015-Ex1-7A-lcwgs-1-2.clmp.fp2_repr.R1	0.747394448330283	43.0	120.5553947743264	0.0	1723529.0
Zdi-CDup_015-Ex1-7A-lcwgs-1-2.clmp.fp2_repr.R2	0.8469942283831529	43.0	119.7402097672856	9.090909090909092	1723529.0
Zdi-CDup_016-Ex1-7B-lcwgs-1-2.clmp.fp2_repr.R1	1.9538579909609837	44.0	113.69913877024914	0.0	12742825.0
Zdi-CDup_016-Ex1-7B-lcwgs-1-2.clmp.fp2_repr.R2	2.442740694610819	43.0	112.88074622385538	9.090909090909092	12742825.0
Zdi-CDup_017-Ex1-7C-lcwgs-1-2.clmp.fp2_repr.R1	1.3738992696928705	43.0	115.2637408332027	0.0	7770162.0
Zdi-CDup_017-Ex1-7C-lcwgs-1-2.clmp.fp2_repr.R2	1.600644663769529	43.0	114.43923884727242	9.090909090909092	7770162.0
Zdi-CDup_018-Ex1-7D-lcwgs-1-2.clmp.fp2_repr.R1	2.9333051325809123	45.0	124.12684122285565	0.0	15504234.0
Zdi-CDup_018-Ex1-7D-lcwgs-1-2.clmp.fp2_repr.R2	3.8708844843513077	45.0	122.90806666101659	9.090909090909092	15504234.0
Zdi-CDup_019-Ex1-7E-lcwgs-1-2.clmp.fp2_repr.R1	1.5221537175003164	43.0	117.22497702173449	0.0	8572231.0
Zdi-CDup_019-Ex1-7E-lcwgs-1-2.clmp.fp2_repr.R2	1.8887197750367761	43.0	116.3130412607873	9.090909090909092	8572231.0
Zdi-CDup_021-Ex1-7G-lcwgs-1-2.clmp.fp2_repr.R1	1.4772361919471564	43.0	117.18646684921393	0.0	9242903.0
Zdi-CDup_021-Ex1-7G-lcwgs-1-2.clmp.fp2_repr.R2	1.6894464256428137	43.0	116.32392571900841	9.090909090909092	9242903.0
Zdi-CDup_022-Ex1-7H-lcwgs-1-2.clmp.fp2_repr.R1	0.9466517974124287	42.0	107.02720060532938	0.0	7369211.0
Zdi-CDup_022-Ex1-7H-lcwgs-1-2.clmp.fp2_repr.R2	1.0632793796319362	42.0	106.45998995007743	9.090909090909092	7369211.0
Zdi-CDup_026-Ex1-8D-lcwgs-1-2.clmp.fp2_repr.R1	1.4199758361386614	43.0	119.06168660834089	0.0	7841702.0
Zdi-CDup_026-Ex1-8D-lcwgs-1-2.clmp.fp2_repr.R2	1.6956152213493425	43.0	118.1540914204595	9.090909090909092	7841702.0
Zdi-CDup_031-Ex1-9A-lcwgs-1-2.clmp.fp2_repr.R1	1.9318777318732714	43.0	119.49877486007506	0.0	7452210.0
Zdi-CDup_031-Ex1-9A-lcwgs-1-2.clmp.fp2_repr.R2	2.3397468538616124	43.0	118.75135308854689	9.090909090909092	7452210.0
Zdi-CDup_033-Ex1-9C-lcwgs-1-2.clmp.fp2_repr.R1	1.196672979839562	44.0	110.47129433268815	0.0	5822143.0
Zdi-CDup_033-Ex1-9C-lcwgs-1-2.clmp.fp2_repr.R2	1.3732937437715265	44.0	109.80864451457136	9.090909090909092	5822143.0
Zdi-CDup_034-Ex1-9D-lcwgs-1-2.clmp.fp2_repr.R1	1.5899429227791586	43.0	113.12505215861401	0.0	10496828.0
Zdi-CDup_034-Ex1-9D-lcwgs-1-2.clmp.fp2_repr.R2	1.940735790211491	43.0	112.4666874602499	9.090909090909092	10496828.0
Zdi-CDup_035-Ex1-9E-lcwgs-1-2.clmp.fp2_repr.R1	1.3894997549930679	43.0	115.51339661240081	0.0	7182786.0
Zdi-CDup_035-Ex1-9E-lcwgs-1-2.clmp.fp2_repr.R2	1.6054519804725231	43.0	114.79424446168937	9.090909090909092	7182786.0
Zdi-CDup_037-Ex1-9G-lcwgs-1-2.clmp.fp2_repr.R1	1.3672923530796055	43.0	115.92038667249199	0.0	5724431.0
Zdi-CDup_037-Ex1-9G-lcwgs-1-2.clmp.fp2_repr.R2	1.5442667361612479	42.0	115.25029928738769	9.090909090909092	5724431.0
Zdi-CDup_038-Ex1-9H-lcwgs-1-2.clmp.fp2_repr.R1	0.9408253112466838	43.0	109.47572995556678	0.0	5118017.0
Zdi-CDup_038-Ex1-9H-lcwgs-1-2.clmp.fp2_repr.R2	1.1048931045124561	43.0	108.89391164585815	9.090909090909092	5118017.0
Zdi-CDup_039-Ex1-10A-lcwgs-1-2.clmp.fp2_repr.R1	0.898538880693394	43.0	117.91978207016426	0.0	2246044.0
Zdi-CDup_039-Ex1-10A-lcwgs-1-2.clmp.fp2_repr.R2	0.9758999855255439	43.0	116.88344707405554	9.090909090909092	2246044.0
Zdi-CDup_040-Ex1-10B-lcwgs-1-2.clmp.fp2_repr.R1	0.5782566149982529	43.0	107.60381846689098	0.0	1747560.0
Zdi-CDup_040-Ex1-10B-lcwgs-1-2.clmp.fp2_repr.R2	0.6293156034577407	43.0	106.84548284465197	9.090909090909092	1747560.0
Zdi-CDup_041-Ex1-10C-lcwgs-1-2.clmp.fp2_repr.R1	1.2523337377087813	43.0	109.20792361959553	0.0	4909322.0
Zdi-CDup_041-Ex1-10C-lcwgs-1-2.clmp.fp2_repr.R2	1.4352544098703106	43.0	108.31060847098642	9.090909090909092	4909322.0
Zdi-CDup_042-Ex1-10D-lcwgs-1-2.clmp.fp2_repr.R1	2.094352041093373	43.0	118.51898858591167	0.0	11568160.0
Zdi-CDup_042-Ex1-10D-lcwgs-1-2.clmp.fp2_repr.R2	2.6524510279513436	43.0	117.37985306219831	9.090909090909092	11568160.0
Zdi-CDup_043-Ex1-10E-lcwgs-1-2.clmp.fp2_repr.R1	2.907635164892426	45.0	128.97740036116753	0.0	23641661.0
Zdi-CDup_043-Ex1-10E-lcwgs-1-2.clmp.fp2_repr.R2	3.789679334909067	44.0	127.22911562770484	9.090909090909092	23641661.0
Zdi-CDup_045-Ex1-10G-lcwgs-1-2.clmp.fp2_repr.R1	1.1244702097271215	42.0	114.11058766467573	0.0	8230493.0
Zdi-CDup_045-Ex1-10G-lcwgs-1-2.clmp.fp2_repr.R2	1.3134748134808376	42.0	113.12817008653066	9.090909090909092	8230493.0
Zdi-CDup_046-Ex1-10H-lcwgs-1-2.clmp.fp2_repr.R1	1.2925037727955981	43.0	117.22867166111706	0.0	7080392.0
Zdi-CDup_046-Ex1-10H-lcwgs-1-2.clmp.fp2_repr.R2	1.4983888211346112	43.0	116.14163100009152	9.090909090909092	7080392.0
Zdi-CDup_047-Ex1-11A-lcwgs-1-2.clmp.fp2_repr.R1	1.3173449734860299	43.0	100.88216203411817	0.0	5513308.0
Zdi-CDup_047-Ex1-11A-lcwgs-1-2.clmp.fp2_repr.R2	1.5668203556151639	43.0	100.31088522534928	9.090909090909092	5513308.0
Zdi-CDup_050-Ex1-11D-lcwgs-1-2.clmp.fp2_repr.R1	0.5521352903368921	43.0	106.3537733108697	0.0	1136058.0
Zdi-CDup_050-Ex1-11D-lcwgs-1-2.clmp.fp2_repr.R2	0.6139893715984641	43.0	105.69576289238753	9.090909090909092	1136058.0
Zdi-CDup_051-Ex1-11E-lcwgs-1-2.clmp.fp2_repr.R1	0.5790277823905683	44.0	107.37882153536333	0.0	915666.0
Zdi-CDup_051-Ex1-11E-lcwgs-1-2.clmp.fp2_repr.R2	0.607681799305567	44.0	106.6320175697252	9.090909090909092	915666.0
Zdi-CDup_054-Ex1-11G-lcwgs-1-2.clmp.fp2_repr.R1	0.3369028763327293	45.0	81.06236075976234	9.090909090909092	1272082.0
Zdi-CDup_054-Ex1-11G-lcwgs-1-2.clmp.fp2_repr.R2	0.35350868509195266	45.0	80.79138451766474	9.090909090909092	1272082.0
Zdi-CDup_056-Ex1-12A-lcwgs-1-2.clmp.fp2_repr.R1	2.4679782103268764	43.0	133.63413079440065	0.0	21015655.0
Zdi-CDup_056-Ex1-12A-lcwgs-1-2.clmp.fp2_repr.R2	3.254176059044198	43.0	132.3350235336467	9.090909090909092	21015655.0
Zdi-CDup_057-Ex1-12B-lcwgs-1-2.clmp.fp2_repr.R1	2.0812732289362543	43.0	122.8726865058636	0.0	13164881.0
Zdi-CDup_057-Ex1-12B-lcwgs-1-2.clmp.fp2_repr.R2	2.7162030551267975	43.0	121.86928525977561	9.090909090909092	13164881.0
Zdi-CDup_058-Ex1-12C-lcwgs-1-2.clmp.fp2_repr.R1	0.7670259114589726	44.0	105.05739481009898	0.0	3429892.0
Zdi-CDup_058-Ex1-12C-lcwgs-1-2.clmp.fp2_repr.R2	0.8453953707386006	44.0	104.44347402192255	9.090909090909092	3429892.0
Zdi-CDup_059-Ex1-12D-lcwgs-1-2.clmp.fp2_repr.R1	3.168738099668829	43.0	129.7031738166321	0.0	14007457.0
Zdi-CDup_059-Ex1-12D-lcwgs-1-2.clmp.fp2_repr.R2	3.860924596874554	43.0	128.57842162214027	9.090909090909092	14007457.0
Zdi-CDup_060-Ex1-12E-lcwgs-1-2.clmp.fp2_repr.R1	0.7720548330543124	43.0	117.17121376908354	0.0	1703759.0
Zdi-CDup_060-Ex1-12E-lcwgs-1-2.clmp.fp2_repr.R2	0.8064154680281632	43.0	116.39575902460383	9.090909090909092	1703759.0
Zdi-CDup_061-Ex1-12F-lcwgs-1-2.clmp.fp2_repr.R1	1.069487887930336	43.0	104.95815697929474	0.0	6311877.0
Zdi-CDup_061-Ex1-12F-lcwgs-1-2.clmp.fp2_repr.R2	1.2174109958785095	43.0	104.40134083728184	9.090909090909092	6311877.0
Zdi-CDup_062-Ex1-12G-lcwgs-1-2.clmp.fp2_repr.R1	0.545226071342853	43.0	112.89340742951491	0.0	1561394.0
Zdi-CDup_062-Ex1-12G-lcwgs-1-2.clmp.fp2_repr.R2	0.5784374383920152	42.0	112.2635881782561	9.090909090909092	1561394.0
Zdi-CDup_064-Ex1-5A-lcwgs-1-2.clmp.fp2_repr.R1	2.396307881834886	41.0	131.6779857418818	9.090909090909092	19695867.0
Zdi-CDup_064-Ex1-5A-lcwgs-1-2.clmp.fp2_repr.R2	2.9279519078416882	41.0	130.7166737569867	18.181818181818183	19695867.0
Zdi-CDup_065-Ex1-5B-lcwgs-1-2.clmp.fp2_repr.R1	2.541704940932391	42.0	122.3030019315821	9.090909090909092	15897331.0
Zdi-CDup_065-Ex1-5B-lcwgs-1-2.clmp.fp2_repr.R2	3.1601037320652665	42.0	121.48619821780147	18.181818181818183	15897331.0
Zdi-CDup_066-Ex1-5C-lcwgs-1-2.clmp.fp2_repr.R1	3.209123291308117	46.0	117.75451603561736	0.0	18288164.0
Zdi-CDup_066-Ex1-5C-lcwgs-1-2.clmp.fp2_repr.R2	4.181150339966166	46.0	116.62976086609898	9.090909090909092	18288164.0
Zdi-CDup_071-Ex1-12H-lcwgs-1-2.clmp.fp2_repr.R1	0.8161246030344813	43.0	116.50298696420249	0.0	2257476.0
Zdi-CDup_071-Ex1-12H-lcwgs-1-2.clmp.fp2_repr.R2	0.9234553426037735	43.0	115.74957474630959	9.090909090909092	2257476.0
