	17.0	18.0	19.0	20.0	21.0	22.0	23.0	24.0	25.0	26.0	27.0	28.0	29.0	30.0	31.0	32.0	33.0	34.0	35.0	36.0	37.0	38.0	39.0	40.0
Zdi-ADup_001-Ex1-11B-lcwgs-1-2.1	15.0	440.0	2668.0	6144.0	7802.0	9765.0	11708.0	13977.0	16079.0	19176.0	21843.0	27577.0	34483.0	49350.0	72314.0	126297.0	210880.0	315966.0	426237.0	481699.0	512858.0	543453.0	748105.0	62583.0
	13.0	14.0	15.0	16.0	17.0	18.0	19.0	20.0	21.0	22.0	23.0	24.0	25.0	26.0	27.0	28.0	29.0	30.0	31.0	32.0	33.0	34.0	35.0	36.0	37.0	38.0	39.0	40.0
Zdi-ADup_001-Ex1-11B-lcwgs-1-2.2	1.0	2.0	20.0	422.0	2630.0	7056.0	10508.0	12176.0	11630.0	12377.0	13174.0	16609.0	21104.0	30368.0	39538.0	57641.0	89243.0	150261.0	208600.0	257304.0	240905.0	243474.0	278179.0	350250.0	435598.0	613093.0	601962.0	17294.0
	17.0	18.0	19.0	20.0	21.0	22.0	23.0	24.0	25.0	26.0	27.0	28.0	29.0	30.0	31.0	32.0	33.0	34.0	35.0	36.0	37.0	38.0	39.0	40.0
Zdi-ADup_002-Ex1-9G-lcwgs-1-2.1	1.0	32.0	244.0	594.0	873.0	1116.0	1440.0	1684.0	1859.0	2335.0	2787.0	3434.0	4388.0	6579.0	9597.0	17729.0	33173.0	55270.0	70878.0	69363.0	63872.0	61720.0	71796.0	6807.0
	15.0	16.0	17.0	18.0	19.0	20.0	21.0	22.0	23.0	24.0	25.0	26.0	27.0	28.0	29.0	30.0	31.0	32.0	33.0	34.0	35.0	36.0	37.0	38.0	39.0	40.0
Zdi-ADup_002-Ex1-9G-lcwgs-1-2.2	3.0	41.0	236.0	636.0	1058.0	1342.0	1347.0	1458.0	1665.0	2132.0	2850.0	4409.0	5879.0	9114.0	14942.0	26195.0	36301.0	43524.0	38378.0	35686.0	38817.0	46621.0	52828.0	65712.0	54999.0	1398.0
	17.0	18.0	19.0	20.0	21.0	22.0	23.0	24.0	25.0	26.0	27.0	28.0	29.0	30.0	31.0	32.0	33.0	34.0	35.0	36.0	37.0	38.0	39.0	40.0
Zdi-ADup_003-Ex1-9H-lcwgs-1-2.1	1.0	68.0	461.0	1272.0	1880.0	2506.0	3005.0	3730.0	4229.0	5102.0	6099.0	7989.0	10418.0	14863.0	22141.0	40547.0	74861.0	122650.0	158245.0	159594.0	151169.0	152636.0	188158.0	16887.0
	15.0	16.0	17.0	18.0	19.0	20.0	21.0	22.0	23.0	24.0	25.0	26.0	27.0	28.0	29.0	30.0	31.0	32.0	33.0	34.0	35.0	36.0	37.0	38.0	39.0	40.0
Zdi-ADup_003-Ex1-9H-lcwgs-1-2.2	7.0	108.0	544.0	1571.0	2472.0	3126.0	3128.0	3640.0	4015.0	5566.0	7720.0	12193.0	16623.0	25974.0	40435.0	64887.0	84834.0	96597.0	87238.0	85252.0	90970.0	108224.0	122335.0	152061.0	125595.0	3396.0
	17.0	18.0	19.0	20.0	21.0	22.0	23.0	24.0	25.0	26.0	27.0	28.0	29.0	30.0	31.0	32.0	33.0	34.0	35.0	36.0	37.0	38.0	39.0	40.0
Zdi-ADup_004-Ex1-10A-lcwgs-1-2.1	5.0	111.0	818.0	2207.0	3447.0	4630.0	5492.0	6766.0	7557.0	8938.0	10336.0	13141.0	16430.0	22523.0	32259.0	52610.0	84312.0	138886.0	202054.0	248497.0	272925.0	359588.0	485253.0	39205.0
	11.0	12.0	13.0	14.0	15.0	16.0	17.0	18.0	19.0	20.0	21.0	22.0	23.0	24.0	25.0	26.0	27.0	28.0	29.0	30.0	31.0	32.0	33.0	34.0	35.0	36.0	37.0	38.0	39.0	40.0
Zdi-ADup_004-Ex1-10A-lcwgs-1-2.2	1.0	0.0	0.0	1.0	7.0	173.0	1021.0	2737.0	4365.0	5310.0	5642.0	6022.0	6739.0	8998.0	12283.0	18075.0	24065.0	33812.0	48831.0	76325.0	103151.0	124789.0	122181.0	127372.0	143645.0	184368.0	232300.0	346588.0	368461.0	10728.0
	17.0	18.0	19.0	20.0	21.0	22.0	23.0	24.0	25.0	26.0	27.0	28.0	29.0	30.0	31.0	32.0	33.0	34.0	35.0	36.0	37.0	38.0	39.0	40.0
Zdi-ADup_005-Ex1-10B-lcwgs-1-2.1	5.0	84.0	595.0	1292.0	1633.0	1897.0	2198.0	2534.0	2896.0	3568.0	4197.0	5500.0	7037.0	10062.0	15240.0	25683.0	40503.0	62661.0	81306.0	90083.0	86958.0	95665.0	99782.0	6386.0
	14.0	15.0	16.0	17.0	18.0	19.0	20.0	21.0	22.0	23.0	24.0	25.0	26.0	27.0	28.0	29.0	30.0	31.0	32.0	33.0	34.0	35.0	36.0	37.0	38.0	39.0	40.0
Zdi-ADup_005-Ex1-10B-lcwgs-1-2.2	1.0	6.0	66.0	378.0	1133.0	1955.0	2129.0	2048.0	2149.0	2296.0	2966.0	4017.0	6433.0	8397.0	12595.0	19775.0	33101.0	45752.0	54462.0	48392.0	46791.0	51470.0	62749.0	73226.0	91976.0	71992.0	1510.0
	17.0	18.0	19.0	20.0	21.0	22.0	23.0	24.0	25.0	26.0	27.0	28.0	29.0	30.0	31.0	32.0	33.0	34.0	35.0	36.0	37.0	38.0	39.0	40.0
Zdi-ADup_006-Ex1-10C-lcwgs-1-2.1	4.0	53.0	321.0	896.0	1354.0	1791.0	2203.0	2692.0	3137.0	3732.0	4325.0	5397.0	6681.0	9538.0	13257.0	21669.0	35063.0	57977.0	83142.0	102161.0	112619.0	150817.0	204218.0	14569.0
	14.0	15.0	16.0	17.0	18.0	19.0	20.0	21.0	22.0	23.0	24.0	25.0	26.0	27.0	28.0	29.0	30.0	31.0	32.0	33.0	34.0	35.0	36.0	37.0	38.0	39.0	40.0
Zdi-ADup_006-Ex1-10C-lcwgs-1-2.2	1.0	6.0	107.0	639.0	1497.0	2096.0	2428.0	2289.0	2553.0	2940.0	4175.0	6052.0	10311.0	14148.0	22076.0	37917.0	60730.0	65752.0	67685.0	60891.0	58297.0	56070.0	60433.0	65694.0	98348.0	130345.0	4136.0
	17.0	18.0	19.0	20.0	21.0	22.0	23.0	24.0	25.0	26.0	27.0	28.0	29.0	30.0	31.0	32.0	33.0	34.0	35.0	36.0	37.0	38.0	39.0	40.0
Zdi-ADup_007-Ex1-10D-lcwgs-1-2.1	3.0	64.0	400.0	1135.0	1708.0	2327.0	2661.0	3247.0	3724.0	4599.0	5222.0	6590.0	8253.0	12156.0	17989.0	30518.0	51528.0	82054.0	110506.0	122363.0	107499.0	119225.0	117665.0	8565.0
	14.0	15.0	16.0	17.0	18.0	19.0	20.0	21.0	22.0	23.0	24.0	25.0	26.0	27.0	28.0	29.0	30.0	31.0	32.0	33.0	34.0	35.0	36.0	37.0	38.0	39.0	40.0
Zdi-ADup_007-Ex1-10D-lcwgs-1-2.2	1.0	3.0	96.0	520.0	1379.0	2279.0	2599.0	2831.0	2904.0	3333.0	4482.0	6144.0	9361.0	12933.0	19144.0	28682.0	45203.0	62253.0	75446.0	68552.0	63169.0	67351.0	78726.0	85643.0	100423.0	74870.0	1674.0
	18.0	19.0	20.0	21.0	22.0	23.0	24.0	25.0	26.0	27.0	28.0	29.0	30.0	31.0	32.0	33.0	34.0	35.0	36.0	37.0	38.0	39.0	40.0
Zdi-ADup_008-Ex1-10E-lcwgs-1-2.1	1.0	3.0	5.0	9.0	13.0	15.0	17.0	17.0	27.0	23.0	28.0	55.0	66.0	114.0	174.0	295.0	498.0	619.0	654.0	587.0	661.0	681.0	46.0
	17.0	18.0	19.0	20.0	21.0	22.0	23.0	24.0	25.0	26.0	27.0	28.0	29.0	30.0	31.0	32.0	33.0	34.0	35.0	36.0	37.0	38.0	39.0	40.0
Zdi-ADup_008-Ex1-10E-lcwgs-1-2.2	2.0	8.0	14.0	16.0	13.0	23.0	19.0	29.0	45.0	74.0	58.0	109.0	176.0	304.0	369.0	401.0	381.0	366.0	386.0	414.0	419.0	572.0	400.0	10.0
	17.0	18.0	19.0	20.0	21.0	22.0	23.0	24.0	25.0	26.0	27.0	28.0	29.0	30.0	31.0	32.0	33.0	34.0	35.0	36.0	37.0	38.0	39.0	40.0
Zdi-ADup_009-Ex1-10F-lcwgs-1-2.1	16.0	503.0	3789.0	10893.0	17771.0	24666.0	29130.0	35804.0	40774.0	50012.0	58639.0	75702.0	98716.0	143965.0	216938.0	379284.0	645854.0	1057178.0	1449780.0	1561171.0	1356922.0	1412032.0	1322284.0	105407.0
	12.0	13.0	14.0	15.0	16.0	17.0	18.0	19.0	20.0	21.0	22.0	23.0	24.0	25.0	26.0	27.0	28.0	29.0	30.0	31.0	32.0	33.0	34.0	35.0	36.0	37.0	38.0	39.0	40.0
Zdi-ADup_009-Ex1-10F-lcwgs-1-2.2	1.0	0.0	3.0	64.0	1167.0	6271.0	17280.0	26701.0	31170.0	30825.0	34011.0	39835.0	54478.0	75867.0	122558.0	205362.0	402467.0	758836.0	1219426.0	1266876.0	1096708.0	866728.0	746324.0	633929.0	582815.0	525038.0	638815.0	694673.0	19002.0
	17.0	18.0	19.0	20.0	21.0	22.0	23.0	24.0	25.0	26.0	27.0	28.0	29.0	30.0	31.0	32.0	33.0	34.0	35.0	36.0	37.0	38.0	39.0	40.0
Zdi-ADup_010-Ex1-10G-lcwgs-1-2.1	9.0	330.0	1866.0	4589.0	6725.0	8732.0	10675.0	12986.0	14791.0	17661.0	21020.0	27163.0	35037.0	51330.0	77455.0	137257.0	232737.0	362715.0	468205.0	483492.0	418756.0	457044.0	482293.0	31418.0
	12.0	13.0	14.0	15.0	16.0	17.0	18.0	19.0	20.0	21.0	22.0	23.0	24.0	25.0	26.0	27.0	28.0	29.0	30.0	31.0	32.0	33.0	34.0	35.0	36.0	37.0	38.0	39.0	40.0
Zdi-ADup_010-Ex1-10G-lcwgs-1-2.2	1.0	1.0	1.0	16.0	273.0	1698.0	4831.0	7729.0	9490.0	9392.0	10509.0	12470.0	16944.0	25764.0	43611.0	56494.0	83375.0	129638.0	213485.0	280759.0	321456.0	271514.0	246015.0	260559.0	305561.0	339730.0	400829.0	305414.0	6727.0
	17.0	18.0	19.0	20.0	21.0	22.0	23.0	24.0	25.0	26.0	27.0	28.0	29.0	30.0	31.0	32.0	33.0	34.0	35.0	36.0	37.0	38.0	39.0	40.0
Zdi-ADup_011-Ex1-10H-lcwgs-1-2.1	1.0	14.0	103.0	323.0	513.0	664.0	813.0	1061.0	1224.0	1511.0	1701.0	2176.0	2751.0	3954.0	5952.0	10207.0	17036.0	27871.0	39050.0	43861.0	40969.0	46495.0	50225.0	3371.0
	15.0	16.0	17.0	18.0	19.0	20.0	21.0	22.0	23.0	24.0	25.0	26.0	27.0	28.0	29.0	30.0	31.0	32.0	33.0	34.0	35.0	36.0	37.0	38.0	39.0	40.0
Zdi-ADup_011-Ex1-10H-lcwgs-1-2.2	2.0	31.0	194.0	514.0	678.0	871.0	844.0	956.0	1124.0	1560.0	2409.0	4154.0	5515.0	8149.0	11968.0	18049.0	23092.0	25398.0	22881.0	22000.0	23748.0	28397.0	31676.0	37934.0	29008.0	694.0
	17.0	18.0	19.0	20.0	21.0	22.0	23.0	24.0	25.0	26.0	27.0	28.0	29.0	30.0	31.0	32.0	33.0	34.0	35.0	36.0	37.0	38.0	39.0	40.0
Zdi-ADup_012-Ex1-11A-lcwgs-1-2.1	19.0	407.0	2219.0	5965.0	9327.0	12305.0	14337.0	17059.0	19399.0	23269.0	26142.0	31335.0	37248.0	48804.0	65372.0	102245.0	153417.0	230406.0	329329.0	437890.0	585863.0	892022.0	1744194.0	150770.0
	14.0	15.0	16.0	17.0	18.0	19.0	20.0	21.0	22.0	23.0	24.0	25.0	26.0	27.0	28.0	29.0	30.0	31.0	32.0	33.0	34.0	35.0	36.0	37.0	38.0	39.0	40.0
Zdi-ADup_012-Ex1-11A-lcwgs-1-2.2	3.0	26.0	455.0	2744.0	7652.0	13676.0	19311.0	20150.0	20537.0	21542.0	25330.0	31390.0	43517.0	51661.0	65788.0	83489.0	117078.0	154331.0	192469.0	207386.0	242561.0	299306.0	423507.0	608945.0	1042329.0	1214233.0	29927.0
	17.0	18.0	19.0	20.0	21.0	22.0	23.0	24.0	25.0	26.0	27.0	28.0	29.0	30.0	31.0	32.0	33.0	34.0	35.0	36.0	37.0	38.0	39.0	40.0
Zdi-ADup_013-Ex1-12F-lcwgs-1-2.1	2.0	65.0	444.0	1032.0	1369.0	1679.0	1938.0	2344.0	2707.0	3278.0	3929.0	5263.0	6823.0	10796.0	17877.0	33029.0	50844.0	62298.0	72248.0	65061.0	67360.0	74774.0	97850.0	8356.0
	15.0	16.0	17.0	18.0	19.0	20.0	21.0	22.0	23.0	24.0	25.0	26.0	27.0	28.0	29.0	30.0	31.0	32.0	33.0	34.0	35.0	36.0	37.0	38.0	39.0	40.0
Zdi-ADup_013-Ex1-12F-lcwgs-1-2.2	4.0	91.0	567.0	1446.0	2071.0	2167.0	2050.0	2153.0	2406.0	3473.0	5079.0	7922.0	12120.0	20556.0	36260.0	57460.0	60839.0	54894.0	45127.0	41103.0	37354.0	37300.0	38171.0	52645.0	66071.0	2037.0
	17.0	18.0	19.0	20.0	21.0	22.0	23.0	24.0	25.0	26.0	27.0	28.0	29.0	30.0	31.0	32.0	33.0	34.0	35.0	36.0	37.0	38.0	39.0	40.0
Zdi-ADup_014-Ex1-11C-lcwgs-1-2.1	5.0	128.0	673.0	1959.0	3110.0	4167.0	4999.0	5800.0	6708.0	8247.0	9427.0	12166.0	15316.0	22561.0	33561.0	61194.0	102304.0	143428.0	179682.0	188809.0	188060.0	198755.0	273942.0	20385.0
	14.0	15.0	16.0	17.0	18.0	19.0	20.0	21.0	22.0	23.0	24.0	25.0	26.0	27.0	28.0	29.0	30.0	31.0	32.0	33.0	34.0	35.0	36.0	37.0	38.0	39.0	40.0
Zdi-ADup_014-Ex1-11C-lcwgs-1-2.2	1.0	18.0	161.0	1040.0	2736.0	4144.0	5018.0	4862.0	5448.0	6202.0	8368.0	12028.0	19881.0	29003.0	48620.0	87930.0	139377.0	143715.0	137510.0	115899.0	106420.0	97296.0	99107.0	101564.0	140529.0	163927.0	4582.0
	17.0	18.0	19.0	20.0	21.0	22.0	23.0	24.0	25.0	26.0	27.0	28.0	29.0	30.0	31.0	32.0	33.0	34.0	35.0	36.0	37.0	38.0	39.0	40.0
Zdi-ADup_015-Ex1-11D-lcwgs-1-2.1	1.0	48.0	284.0	723.0	971.0	1459.0	1688.0	1996.0	2358.0	2711.0	3346.0	4253.0	5513.0	8278.0	12812.0	23414.0	40308.0	55902.0	70652.0	76768.0	76688.0	82600.0	108818.0	9415.0
	16.0	17.0	18.0	19.0	20.0	21.0	22.0	23.0	24.0	25.0	26.0	27.0	28.0	29.0	30.0	31.0	32.0	33.0	34.0	35.0	36.0	37.0	38.0	39.0	40.0
Zdi-ADup_015-Ex1-11D-lcwgs-1-2.2	54.0	318.0	899.0	1477.0	1735.0	1684.0	1826.0	2124.0	2848.0	3904.0	5940.0	7974.0	11671.0	16947.0	26595.0	37543.0	46165.0	43559.0	41701.0	45306.0	55129.0	63988.0	86348.0	82811.0	2460.0
	17.0	18.0	19.0	20.0	21.0	22.0	23.0	24.0	25.0	26.0	27.0	28.0	29.0	30.0	31.0	32.0	33.0	34.0	35.0	36.0	37.0	38.0	39.0	40.0
Zdi-ADup_016-Ex1-11E-lcwgs-1-2.1	2.0	27.0	218.0	649.0	985.0	1331.0	1637.0	2030.0	2280.0	2679.0	3209.0	4053.0	4857.0	7210.0	11104.0	19685.0	34272.0	52536.0	71387.0	78324.0	76699.0	76009.0	97227.0	8325.0
	14.0	15.0	16.0	17.0	18.0	19.0	20.0	21.0	22.0	23.0	24.0	25.0	26.0	27.0	28.0	29.0	30.0	31.0	32.0	33.0	34.0	35.0	36.0	37.0	38.0	39.0	40.0
Zdi-ADup_016-Ex1-11E-lcwgs-1-2.2	1.0	7.0	110.0	504.0	1076.0	1388.0	1696.0	1660.0	1785.0	2121.0	2840.0	3942.0	5598.0	7459.0	11070.0	17180.0	27470.0	35582.0	42892.0	41219.0	40551.0	42912.0	51137.0	59614.0	79357.0	75405.0	2159.0
	18.0	19.0	20.0	21.0	22.0	23.0	24.0	25.0	26.0	27.0	28.0	29.0	30.0	31.0	32.0	33.0	34.0	35.0	36.0	37.0	38.0	39.0	40.0
Zdi-ADup_017-Ex1-11F-lcwgs-1-2.1	65.0	370.0	1051.0	1693.0	2268.0	2661.0	3347.0	3975.0	4834.0	5764.0	7370.0	9870.0	15051.0	23402.0	44207.0	76772.0	111908.0	143211.0	148607.0	135054.0	121018.0	136081.0	12014.0
	14.0	15.0	16.0	17.0	18.0	19.0	20.0	21.0	22.0	23.0	24.0	25.0	26.0	27.0	28.0	29.0	30.0	31.0	32.0	33.0	34.0	35.0	36.0	37.0	38.0	39.0	40.0
Zdi-ADup_017-Ex1-11F-lcwgs-1-2.2	1.0	4.0	105.0	605.0	1583.0	2428.0	2927.0	2826.0	3062.0	3673.0	5145.0	7108.0	11283.0	18689.0	36618.0	69485.0	113618.0	121620.0	109375.0	88838.0	77839.0	66572.0	61640.0	56233.0	68626.0	78323.0	2367.0
	17.0	18.0	19.0	20.0	21.0	22.0	23.0	24.0	25.0	26.0	27.0	28.0	29.0	30.0	31.0	32.0	33.0	34.0	35.0	36.0	37.0	38.0	39.0	40.0
Zdi-ADup_018-Ex1-11G-lcwgs-1-2.1	4.0	153.0	946.0	2531.0	3538.0	4506.0	5345.0	6177.0	7216.0	8846.0	10258.0	13119.0	16842.0	24716.0	37513.0	69108.0	118646.0	175444.0	232374.0	252999.0	250498.0	243078.0	310807.0	26431.0
	15.0	16.0	17.0	18.0	19.0	20.0	21.0	22.0	23.0	24.0	25.0	26.0	27.0	28.0	29.0	30.0	31.0	32.0	33.0	34.0	35.0	36.0	37.0	38.0	39.0	40.0
Zdi-ADup_018-Ex1-11G-lcwgs-1-2.2	10.0	152.0	1033.0	2950.0	4479.0	5487.0	5324.0	5671.0	6304.0	7704.0	10398.0	15341.0	20405.0	30497.0	48243.0	84480.0	116095.0	140945.0	129336.0	126135.0	137972.0	171635.0	206393.0	279222.0	258173.0	6711.0
	17.0	18.0	19.0	20.0	21.0	22.0	23.0	24.0	25.0	26.0	27.0	28.0	29.0	30.0	31.0	32.0	33.0	34.0	35.0	36.0	37.0	38.0	39.0	40.0
Zdi-ADup_019-Ex1-11H-lcwgs-1-2.1	1.0	39.0	249.0	752.0	1106.0	1390.0	1709.0	2166.0	2359.0	2989.0	3502.0	4443.0	5870.0	8803.0	13518.0	24773.0	43967.0	66377.0	88446.0	94122.0	89188.0	87533.0	106942.0	7641.0
	13.0	14.0	15.0	16.0	17.0	18.0	19.0	20.0	21.0	22.0	23.0	24.0	25.0	26.0	27.0	28.0	29.0	30.0	31.0	32.0	33.0	34.0	35.0	36.0	37.0	38.0	39.0	40.0
Zdi-ADup_019-Ex1-11H-lcwgs-1-2.2	1.0	0.0	2.0	28.0	237.0	648.0	1150.0	1503.0	1646.0	1776.0	2207.0	3103.0	4788.0	8397.0	10902.0	15892.0	23789.0	36896.0	47773.0	53809.0	48903.0	48610.0	52610.0	62809.0	71269.0	86614.0	70521.0	2002.0
	17.0	18.0	19.0	20.0	21.0	22.0	23.0	24.0	25.0	26.0	27.0	28.0	29.0	30.0	31.0	32.0	33.0	34.0	35.0	36.0	37.0	38.0	39.0	40.0
Zdi-ADup_020-Ex1-12A-lcwgs-1-2.1	121.0	2539.0	16871.0	43298.0	62890.0	81781.0	96382.0	117077.0	133889.0	160782.0	188596.0	242258.0	310481.0	460922.0	726722.0	1371555.0	2373770.0	3411242.0	4288315.0	4017945.0	4174094.0	4354053.0	5084403.0	415834.0
	12.0	13.0	14.0	15.0	16.0	17.0	18.0	19.0	20.0	21.0	22.0	23.0	24.0	25.0	26.0	27.0	28.0	29.0	30.0	31.0	32.0	33.0	34.0	35.0	36.0	37.0	38.0	39.0	40.0
Zdi-ADup_020-Ex1-12A-lcwgs-1-2.2	3.0	2.0	12.0	151.0	2199.0	12620.0	38319.0	66449.0	85835.0	87371.0	94654.0	108759.0	149212.0	212036.0	323020.0	416136.0	582976.0	844867.0	1357198.0	1897172.0	2340087.0	2260853.0	2290695.0	2539745.0	3131406.0	3749727.0	4957400.0	4453079.0	133837.0
	16.0	17.0	18.0	19.0	20.0	21.0	22.0	23.0	24.0	25.0	26.0	27.0	28.0	29.0	30.0	31.0	32.0	33.0	34.0	35.0	36.0	37.0	38.0	39.0	40.0
Zdi-ADup_021-Ex1-12B-lcwgs-1-2.1	35.0	3874.0	97275.0	593485.0	1293016.0	1563180.0	1875385.0	2151782.0	2560604.0	2873338.0	3442572.0	4007186.0	5131543.0	6633888.0	9885045.0	15835719.0	30096177.0	50872072.0	68914885.0	83741744.0	76441654.0	77569051.0	79555477.0	100496651.0	8468815.0
	9.0	10.0	11.0	12.0	13.0	14.0	15.0	16.0	17.0	18.0	19.0	20.0	21.0	22.0	23.0	24.0	25.0	26.0	27.0	28.0	29.0	30.0	31.0	32.0	33.0	34.0	35.0	36.0	37.0	38.0	39.0	40.0
Zdi-ADup_021-Ex1-12B-lcwgs-1-2.2	2.0	5.0	6.0	39.0	104.0	234.0	3313.0	55426.0	337956.0	1038328.0	1757185.0	2144614.0	2084191.0	2180941.0	2357968.0	2907749.0	3831268.0	5779000.0	7485791.0	10966294.0	16977325.0	28927801.0	40468242.0	49545371.0	44903122.0	44011298.0	49025690.0	60196448.0	71678125.0	94188349.0	88505197.0	2747071.0
	17.0	18.0	19.0	20.0	21.0	22.0	23.0	24.0	25.0	26.0	27.0	28.0	29.0	30.0	31.0	32.0	33.0	34.0	35.0	36.0	37.0	38.0	39.0	40.0
Zdi-ADup_022-Ex1-12C-lcwgs-1-2.1	2.0	61.0	361.0	868.0	1265.0	1775.0	2067.0	2450.0	2754.0	3347.0	4105.0	5231.0	7072.0	10882.0	18099.0	35169.0	55047.0	68599.0	80363.0	72109.0	72747.0	74667.0	84692.0	6809.0
	15.0	16.0	17.0	18.0	19.0	20.0	21.0	22.0	23.0	24.0	25.0	26.0	27.0	28.0	29.0	30.0	31.0	32.0	33.0	34.0	35.0	36.0	37.0	38.0	39.0	40.0
Zdi-ADup_022-Ex1-12C-lcwgs-1-2.2	3.0	73.0	386.0	1124.0	1633.0	1895.0	1938.0	2100.0	2453.0	3202.0	4556.0	7541.0	11229.0	19231.0	35841.0	59635.0	62561.0	60393.0	49860.0	45261.0	40527.0	40856.0	39631.0	53262.0	63347.0	2003.0
	17.0	18.0	19.0	20.0	21.0	22.0	23.0	24.0	25.0	26.0	27.0	28.0	29.0	30.0	31.0	32.0	33.0	34.0	35.0	36.0	37.0	38.0	39.0	40.0
Zdi-ADup_023-Ex1-12D-lcwgs-1-2.1	1.0	33.0	239.0	564.0	816.0	1017.0	1275.0	1481.0	1774.0	2126.0	2502.0	3291.0	4406.0	6915.0	11204.0	21795.0	34531.0	42498.0	49954.0	44888.0	45873.0	50420.0	52180.0	4343.0
	15.0	16.0	17.0	18.0	19.0	20.0	21.0	22.0	23.0	24.0	25.0	26.0	27.0	28.0	29.0	30.0	31.0	32.0	33.0	34.0	35.0	36.0	37.0	38.0	39.0	40.0
Zdi-ADup_023-Ex1-12D-lcwgs-1-2.2	2.0	47.0	251.0	678.0	1045.0	1264.0	1179.0	1253.0	1457.0	2046.0	2958.0	4832.0	6220.0	8848.0	12545.0	19104.0	26478.0	32790.0	30201.0	28656.0	30671.0	36091.0	40808.0	50084.0	43385.0	1233.0
	17.0	18.0	19.0	20.0	21.0	22.0	23.0	24.0	25.0	26.0	27.0	28.0	29.0	30.0	31.0	32.0	33.0	34.0	35.0	36.0	37.0	38.0	39.0	40.0
Zdi-ADup_024-Ex1-12E-lcwgs-1-2.1	3.0	68.0	391.0	1066.0	1632.0	2168.0	2497.0	3216.0	3820.0	4591.0	5485.0	7188.0	9872.0	15264.0	26272.0	51300.0	81033.0	92946.0	98837.0	76676.0	67755.0	68533.0	70000.0	5665.0
	14.0	15.0	16.0	17.0	18.0	19.0	20.0	21.0	22.0	23.0	24.0	25.0	26.0	27.0	28.0	29.0	30.0	31.0	32.0	33.0	34.0	35.0	36.0	37.0	38.0	39.0	40.0
Zdi-ADup_024-Ex1-12E-lcwgs-1-2.2	1.0	14.0	115.0	554.0	1474.0	2014.0	2477.0	2531.0	2860.0	3341.0	4659.0	6709.0	10321.0	13959.0	21019.0	31683.0	49092.0	60749.0	68557.0	59473.0	53289.0	53536.0	59606.0	61701.0	69543.0	55619.0	1382.0
	16.0	17.0	18.0	19.0	20.0	21.0	22.0	23.0	24.0	25.0	26.0	27.0	28.0	29.0	30.0	31.0	32.0	33.0	34.0	35.0	36.0	37.0	38.0	39.0	40.0
Zdi-ADup_025-Ex1-2A-lcwgs-1-2.1	2.0	27.0	929.0	7166.0	22778.0	39282.0	53757.0	62875.0	74310.0	84164.0	100656.0	116500.0	147405.0	191387.0	280805.0	427177.0	753603.0	1266207.0	1971665.0	2748294.0	3087525.0	2272648.0	1893382.0	1287855.0	102308.0
	11.0	12.0	13.0	14.0	15.0	16.0	17.0	18.0	19.0	20.0	21.0	22.0	23.0	24.0	25.0	26.0	27.0	28.0	29.0	30.0	31.0	32.0	33.0	34.0	35.0	36.0	37.0	38.0	39.0	40.0
Zdi-ADup_025-Ex1-2A-lcwgs-1-2.2	1.0	2.0	2.0	8.0	39.0	616.0	3916.0	15075.0	33881.0	52956.0	62082.0	70058.0	80315.0	105696.0	141551.0	211509.0	317664.0	552952.0	930022.0	1493667.0	1912241.0	2141516.0	1775829.0	1422409.0	1227275.0	1211250.0	1141577.0	1195805.0	871581.0	21212.0
	17.0	18.0	19.0	20.0	21.0	22.0	23.0	24.0	25.0	26.0	27.0	28.0	29.0	30.0	31.0	32.0	33.0	34.0	35.0	36.0	37.0	38.0	39.0	40.0
Zdi-ADup_026-Ex1-12G-lcwgs-1-2.1	5.0	149.0	814.0	1824.0	1717.0	1749.0	1862.0	2339.0	2660.0	3213.0	4156.0	5522.0	7614.0	12397.0	21548.0	42774.0	67214.0	77930.0	84735.0	65523.0	55311.0	44934.0	40998.0	2948.0
	15.0	16.0	17.0	18.0	19.0	20.0	21.0	22.0	23.0	24.0	25.0	26.0	27.0	28.0	29.0	30.0	31.0	32.0	33.0	34.0	35.0	36.0	37.0	38.0	39.0	40.0
Zdi-ADup_026-Ex1-12G-lcwgs-1-2.2	2.0	95.0	568.0	1639.0	2546.0	2422.0	1910.0	1833.0	1994.0	2620.0	3575.0	5491.0	7703.0	12189.0	20131.0	35857.0	49862.0	57891.0	48802.0	42793.0	45365.0	51440.0	53971.0	59168.0	39218.0	851.0
	17.0	18.0	19.0	20.0	21.0	22.0	23.0	24.0	25.0	26.0	27.0	28.0	29.0	30.0	31.0	32.0	33.0	34.0	35.0	36.0	37.0	38.0	39.0	40.0
Zdi-ADup_027-Ex1-12H-lcwgs-1-2.1	12.0	408.0	2659.0	6984.0	10061.0	13036.0	15715.0	19470.0	22498.0	27766.0	34131.0	45817.0	63425.0	100760.0	173597.0	346009.0	564557.0	709530.0	817686.0	674239.0	589927.0	461996.0	479861.0	37032.0
	13.0	14.0	15.0	16.0	17.0	18.0	19.0	20.0	21.0	22.0	23.0	24.0	25.0	26.0	27.0	28.0	29.0	30.0	31.0	32.0	33.0	34.0	35.0	36.0	37.0	38.0	39.0	40.0
Zdi-ADup_027-Ex1-12H-lcwgs-1-2.2	1.0	2.0	25.0	887.0	4751.0	11710.0	15559.0	16892.0	15777.0	16530.0	18773.0	24799.0	33199.0	49119.0	72289.0	120746.0	199984.0	335082.0	442687.0	505051.0	443058.0	418286.0	441063.0	508093.0	544203.0	603413.0	368094.0	7103.0
	17.0	18.0	19.0	20.0	21.0	22.0	23.0	24.0	25.0	26.0	27.0	28.0	29.0	30.0	31.0	32.0	33.0	34.0	35.0	36.0	37.0	38.0	39.0	40.0
Zdi-ADup_028-Ex1-9F-lcwgs-1-2.1	2.0	28.0	150.0	446.0	696.0	934.0	1125.0	1313.0	1619.0	1837.0	2209.0	2968.0	3792.0	5656.0	8622.0	16154.0	30933.0	48518.0	58011.0	54869.0	48522.0	49784.0	65706.0	5965.0
	15.0	16.0	17.0	18.0	19.0	20.0	21.0	22.0	23.0	24.0	25.0	26.0	27.0	28.0	29.0	30.0	31.0	32.0	33.0	34.0	35.0	36.0	37.0	38.0	39.0	40.0
Zdi-ADup_028-Ex1-9F-lcwgs-1-2.2	2.0	54.0	278.0	734.0	1067.0	1206.0	1184.0	1295.0	1726.0	2778.0	4722.0	7551.0	11678.0	19461.0	34008.0	50985.0	50872.0	41562.0	32094.0	27666.0	23741.0	22230.0	20198.0	24147.0	27667.0	953.0
	18.0	19.0	20.0	21.0	22.0	23.0	24.0	25.0	26.0	27.0	28.0	29.0	30.0	31.0	32.0	33.0	34.0	35.0	36.0	37.0	38.0	39.0	40.0
Zdi-ADup_029-Ex1-1A-lcwgs-1-2.1	14.0	122.0	318.0	494.0	587.0	765.0	845.0	1060.0	1382.0	1782.0	2382.0	3231.0	4953.0	7981.0	15405.0	31569.0	54234.0	55212.0	34781.0	21751.0	13279.0	9997.0	905.0
	14.0	15.0	16.0	17.0	18.0	19.0	20.0	21.0	22.0	23.0	24.0	25.0	26.0	27.0	28.0	29.0	30.0	31.0	32.0	33.0	34.0	35.0	36.0	37.0	38.0	39.0	40.0
Zdi-ADup_029-Ex1-1A-lcwgs-1-2.2	1.0	1.0	10.0	73.0	276.0	580.0	741.0	770.0	864.0	1030.0	1474.0	2076.0	3437.0	6105.0	11420.0	19552.0	30708.0	36822.0	38237.0	28505.0	20576.0	16136.0	14749.0	12014.0	10779.0	6030.0	83.0
	17.0	18.0	19.0	20.0	21.0	22.0	23.0	24.0	25.0	26.0	27.0	28.0	29.0	30.0	31.0	32.0	33.0	34.0	35.0	36.0	37.0	38.0	39.0	40.0
Zdi-ADup_030-Ex1-1B-lcwgs-1-2.1	2.0	31.0	244.0	753.0	1107.0	1391.0	1625.0	1924.0	2322.0	2816.0	3390.0	4499.0	6010.0	9229.0	14397.0	27263.0	55633.0	100870.0	117782.0	85822.0	64748.0	42750.0	33262.0	3085.0
	16.0	17.0	18.0	19.0	20.0	21.0	22.0	23.0	24.0	25.0	26.0	27.0	28.0	29.0	30.0	31.0	32.0	33.0	34.0	35.0	36.0	37.0	38.0	39.0	40.0
Zdi-ADup_030-Ex1-1B-lcwgs-1-2.2	18.0	89.0	468.0	1035.0	1471.0	1644.0	1794.0	1994.0	2625.0	3419.0	5184.0	7665.0	13236.0	23184.0	41456.0	58298.0	68398.0	56241.0	49195.0	51607.0	56479.0	55524.0	53359.0	26205.0	367.0
	17.0	18.0	19.0	20.0	21.0	22.0	23.0	24.0	25.0	26.0	27.0	28.0	29.0	30.0	31.0	32.0	33.0	34.0	35.0	36.0	37.0	38.0	39.0	40.0
Zdi-ADup_031-Ex1-1C-lcwgs-1-2.1	1.0	10.0	94.0	193.0	224.0	354.0	367.0	418.0	510.0	652.0	741.0	1032.0	1287.0	1868.0	2837.0	5295.0	10309.0	18534.0	21754.0	16791.0	13598.0	9665.0	9170.0	868.0
	16.0	17.0	18.0	19.0	20.0	21.0	22.0	23.0	24.0	25.0	26.0	27.0	28.0	29.0	30.0	31.0	32.0	33.0	34.0	35.0	36.0	37.0	38.0	39.0	40.0
Zdi-ADup_031-Ex1-1C-lcwgs-1-2.2	8.0	29.0	102.0	266.0	378.0	386.0	411.0	458.0	595.0	824.0	1230.0	1764.0	2786.0	5060.0	8914.0	11990.0	13763.0	12286.0	10566.0	9381.0	9775.0	9179.0	9754.0	6538.0	129.0
	17.0	18.0	19.0	20.0	21.0	22.0	23.0	24.0	25.0	26.0	27.0	28.0	29.0	30.0	31.0	32.0	33.0	34.0	35.0	36.0	37.0	38.0	39.0	40.0
Zdi-ADup_032-Ex1-1D-lcwgs-1-2.1	6.0	154.0	1048.0	2877.0	4547.0	5981.0	6919.0	8279.0	9409.0	11015.0	12388.0	15164.0	18345.0	24866.0	35134.0	58536.0	104936.0	192179.0	262612.0	260224.0	289127.0	306737.0	470332.0	49316.0
	15.0	16.0	17.0	18.0	19.0	20.0	21.0	22.0	23.0	24.0	25.0	26.0	27.0	28.0	29.0	30.0	31.0	32.0	33.0	34.0	35.0	36.0	37.0	38.0	39.0	40.0
Zdi-ADup_032-Ex1-1D-lcwgs-1-2.2	5.0	108.0	630.0	2149.0	4561.0	6884.0	7508.0	7987.0	8583.0	10855.0	13227.0	18466.0	24328.0	37260.0	56951.0	91737.0	122593.0	150412.0	146429.0	148852.0	163911.0	201154.0	243259.0	340329.0	332946.0	9007.0
	18.0	19.0	20.0	21.0	22.0	23.0	24.0	25.0	26.0	27.0	28.0	29.0	30.0	31.0	32.0	33.0	34.0	35.0	36.0	37.0	38.0	39.0	40.0
Zdi-ADup_033-Ex1-1E-lcwgs-1-2.1	4.0	37.0	67.0	79.0	91.0	101.0	146.0	167.0	227.0	219.0	295.0	384.0	595.0	852.0	1521.0	2930.0	5284.0	6260.0	5084.0	4367.0	3837.0	4365.0	439.0
	16.0	17.0	18.0	19.0	20.0	21.0	22.0	23.0	24.0	25.0	26.0	27.0	28.0	29.0	30.0	31.0	32.0	33.0	34.0	35.0	36.0	37.0	38.0	39.0	40.0
Zdi-ADup_033-Ex1-1E-lcwgs-1-2.2	2.0	8.0	38.0	84.0	127.0	120.0	129.0	169.0	202.0	245.0	349.0	507.0	783.0	1156.0	2045.0	2778.0	3240.0	3130.0	3025.0	3150.0	3767.0	4219.0	4740.0	3258.0	80.0
	18.0	19.0	20.0	21.0	22.0	23.0	24.0	25.0	26.0	27.0	28.0	29.0	30.0	31.0	32.0	33.0	34.0	35.0	36.0	37.0	38.0	39.0	40.0
Zdi-ADup_034-Ex1-1F-lcwgs-1-2.1	26.0	184.0	495.0	735.0	1046.0	1237.0	1542.0	1698.0	2066.0	2300.0	3152.0	4082.0	6108.0	9309.0	17207.0	33358.0	62186.0	78316.0	63651.0	55088.0	43277.0	46636.0	4534.0
	15.0	16.0	17.0	18.0	19.0	20.0	21.0	22.0	23.0	24.0	25.0	26.0	27.0	28.0	29.0	30.0	31.0	32.0	33.0	34.0	35.0	36.0	37.0	38.0	39.0	40.0
Zdi-ADup_034-Ex1-1F-lcwgs-1-2.2	1.0	14.0	100.0	343.0	703.0	999.0	1172.0	1297.0	1485.0	1969.0	2474.0	3605.0	5171.0	8255.0	13221.0	22516.0	30619.0	38517.0	37884.0	36326.0	38157.0	46770.0	50261.0	57313.0	38212.0	849.0
	17.0	18.0	19.0	20.0	21.0	22.0	23.0	24.0	25.0	26.0	27.0	28.0	29.0	30.0	31.0	32.0	33.0	34.0	35.0	36.0	37.0	38.0	39.0	40.0
Zdi-ADup_035-Ex1-1G-lcwgs-1-2.1	1.0	10.0	89.0	291.0	468.0	572.0	741.0	829.0	1025.0	1211.0	1424.0	1882.0	2512.0	3663.0	5718.0	10469.0	20773.0	37282.0	44566.0	35116.0	28549.0	22783.0	23484.0	2256.0
	16.0	17.0	18.0	19.0	20.0	21.0	22.0	23.0	24.0	25.0	26.0	27.0	28.0	29.0	30.0	31.0	32.0	33.0	34.0	35.0	36.0	37.0	38.0	39.0	40.0
Zdi-ADup_035-Ex1-1G-lcwgs-1-2.2	14.0	64.0	204.0	435.0	586.0	615.0	790.0	857.0	1228.0	1625.0	2592.0	3779.0	6344.0	10244.0	17566.0	23611.0	27175.0	23265.0	20602.0	20383.0	22194.0	22123.0	23350.0	15711.0	357.0
	18.0	19.0	20.0	21.0	22.0	23.0	24.0	25.0	26.0	27.0	28.0	29.0	30.0	31.0	32.0	33.0	34.0	35.0	36.0	37.0	38.0	39.0	40.0
Zdi-ADup_036-Ex1-1H-lcwgs-1-2.1	16.0	128.0	361.0	598.0	786.0	857.0	1136.0	1315.0	1580.0	1879.0	2565.0	3377.0	5044.0	7739.0	14636.0	29826.0	52652.0	61080.0	44003.0	33723.0	24407.0	25411.0	2393.0
	16.0	17.0	18.0	19.0	20.0	21.0	22.0	23.0	24.0	25.0	26.0	27.0	28.0	29.0	30.0	31.0	32.0	33.0	34.0	35.0	36.0	37.0	38.0	39.0	40.0
Zdi-ADup_036-Ex1-1H-lcwgs-1-2.2	14.0	68.0	294.0	581.0	810.0	918.0	956.0	1211.0	1578.0	2199.0	3389.0	4816.0	7843.0	12729.0	21409.0	28780.0	33014.0	28650.0	25869.0	27934.0	31195.0	31439.0	31294.0	18204.0	318.0
	16.0	17.0	18.0	19.0	20.0	21.0	22.0	23.0	24.0	25.0	26.0	27.0	28.0	29.0	30.0	31.0	32.0	33.0	34.0	35.0	36.0	37.0	38.0	39.0	40.0
Zdi-ADup_037-Ex1-3D-lcwgs-1-2.1	1.0	96.0	2783.0	19320.0	53943.0	81236.0	106445.0	126744.0	154732.0	178824.0	217356.0	257995.0	334078.0	437224.0	656189.0	1039470.0	2015626.0	3792884.0	5760806.0	7319626.0	6356958.0	5487396.0	5741573.0	6912255.0	726162.0
	12.0	13.0	14.0	15.0	16.0	17.0	18.0	19.0	20.0	21.0	22.0	23.0	24.0	25.0	26.0	27.0	28.0	29.0	30.0	31.0	32.0	33.0	34.0	35.0	36.0	37.0	38.0	39.0	40.0
Zdi-ADup_037-Ex1-3D-lcwgs-1-2.2	2.0	9.0	13.0	117.0	1754.0	10392.0	36297.0	75711.0	111600.0	117296.0	129793.0	148650.0	194827.0	258852.0	383129.0	550346.0	926582.0	1570623.0	2652894.0	3563634.0	4236318.0	3872256.0	3671621.0	3871363.0	4537117.0	5048127.0	6235288.0	5419148.0	155963.0
	17.0	18.0	19.0	20.0	21.0	22.0	23.0	24.0	25.0	26.0	27.0	28.0	29.0	30.0	31.0	32.0	33.0	34.0	35.0	36.0	37.0	38.0	39.0	40.0
Zdi-ADup_038-Ex1-2B-lcwgs-1-2.1	4.0	74.0	529.0	1104.0	1299.0	1712.0	1939.0	2342.0	2782.0	3329.0	4033.0	5355.0	7073.0	10709.0	17092.0	30180.0	48501.0	70376.0	90060.0	94523.0	73605.0	66920.0	51251.0	3698.0
	14.0	15.0	16.0	17.0	18.0	19.0	20.0	21.0	22.0	23.0	24.0	25.0	26.0	27.0	28.0	29.0	30.0	31.0	32.0	33.0	34.0	35.0	36.0	37.0	38.0	39.0	40.0
Zdi-ADup_038-Ex1-2B-lcwgs-1-2.2	2.0	1.0	31.0	165.0	695.0	1360.0	1700.0	1715.0	1917.0	2236.0	2893.0	3932.0	6003.0	8615.0	13804.0	23425.0	40229.0	55359.0	63591.0	52547.0	46751.0	48830.0	54207.0	56210.0	60644.0	40775.0	853.0
	17.0	18.0	19.0	20.0	21.0	22.0	23.0	24.0	25.0	26.0	27.0	28.0	29.0	30.0	31.0	32.0	33.0	34.0	35.0	36.0	37.0	38.0	39.0	40.0
Zdi-ADup_039-Ex1-2C-lcwgs-1-2.1	68.0	1968.0	14710.0	45066.0	72118.0	99088.0	119849.0	146319.0	167085.0	201893.0	235350.0	299085.0	382186.0	552851.0	826391.0	1430185.0	2370457.0	3783612.0	5549363.0	6856998.0	5979976.0	6073069.0	5059547.0	471046.0
	12.0	13.0	14.0	15.0	16.0	17.0	18.0	19.0	20.0	21.0	22.0	23.0	24.0	25.0	26.0	27.0	28.0	29.0	30.0	31.0	32.0	33.0	34.0	35.0	36.0	37.0	38.0	39.0	40.0
Zdi-ADup_039-Ex1-2C-lcwgs-1-2.2	3.0	0.0	15.0	85.0	1152.0	7761.0	30093.0	67303.0	103102.0	115433.0	131711.0	150207.0	189637.0	239444.0	340881.0	488542.0	815335.0	1421785.0	2561822.0	3524961.0	4156834.0	3819649.0	3453606.0	3248835.0	3542109.0	3737149.0	4546151.0	3941056.0	103619.0
	17.0	18.0	19.0	20.0	21.0	22.0	23.0	24.0	25.0	26.0	27.0	28.0	29.0	30.0	31.0	32.0	33.0	34.0	35.0	36.0	37.0	38.0	39.0	40.0
Zdi-ADup_040-Ex1-2D-lcwgs-1-2.1	143.0	4249.0	30174.0	86612.0	134903.0	180280.0	214422.0	259810.0	295139.0	356520.0	417621.0	531276.0	680112.0	989955.0	1484552.0	2534497.0	4103396.0	6423573.0	9245794.0	11278445.0	10238872.0	10505834.0	9468657.0	896991.0
	11.0	12.0	13.0	14.0	15.0	16.0	17.0	18.0	19.0	20.0	21.0	22.0	23.0	24.0	25.0	26.0	27.0	28.0	29.0	30.0	31.0	32.0	33.0	34.0	35.0	36.0	37.0	38.0	39.0	40.0
Zdi-ADup_040-Ex1-2D-lcwgs-1-2.2	1.0	3.0	7.0	28.0	188.0	2449.0	14835.0	55893.0	123418.0	183851.0	199163.0	223241.0	252740.0	322356.0	413230.0	599020.0	879119.0	1501789.0	2516113.0	4143978.0	5453190.0	6380268.0	5770756.0	5448822.0	5704690.0	6592300.0	7230646.0	8822981.0	7330733.0	196019.0
	17.0	18.0	19.0	20.0	21.0	22.0	23.0	24.0	25.0	26.0	27.0	28.0	29.0	30.0	31.0	32.0	33.0	34.0	35.0	36.0	37.0	38.0	39.0	40.0
Zdi-ADup_041-Ex1-2E-lcwgs-1-2.1	52.0	1541.0	10659.0	30474.0	47076.0	64133.0	76444.0	93765.0	107391.0	131459.0	154878.0	199004.0	259399.0	381401.0	582028.0	1013546.0	1648744.0	2546601.0	3564079.0	4181255.0	3628949.0	3706765.0	3087125.0	268593.0
	10.0	11.0	12.0	13.0	14.0	15.0	16.0	17.0	18.0	19.0	20.0	21.0	22.0	23.0	24.0	25.0	26.0	27.0	28.0	29.0	30.0	31.0	32.0	33.0	34.0	35.0	36.0	37.0	38.0	39.0	40.0
Zdi-ADup_041-Ex1-2E-lcwgs-1-2.2	1.0	0.0	0.0	0.0	6.0	84.0	1097.0	6671.0	22153.0	44932.0	65417.0	69220.0	77853.0	90868.0	118373.0	155555.0	227420.0	316701.0	500585.0	798740.0	1358220.0	1902417.0	2286090.0	2095389.0	2013000.0	2206389.0	2617315.0	2907049.0	3419419.0	2427563.0	56834.0
	17.0	18.0	19.0	20.0	21.0	22.0	23.0	24.0	25.0	26.0	27.0	28.0	29.0	30.0	31.0	32.0	33.0	34.0	35.0	36.0	37.0	38.0	39.0	40.0
Zdi-ADup_042-Ex1-2F-lcwgs-1-2.1	11.0	117.0	924.0	2483.0	3851.0	5288.0	6462.0	7916.0	9351.0	10900.0	12959.0	16055.0	20990.0	30323.0	45350.0	76322.0	123246.0	195626.0	288896.0	365866.0	357103.0	400674.0	387570.0	33509.0
	14.0	15.0	16.0	17.0	18.0	19.0	20.0	21.0	22.0	23.0	24.0	25.0	26.0	27.0	28.0	29.0	30.0	31.0	32.0	33.0	34.0	35.0	36.0	37.0	38.0	39.0	40.0
Zdi-ADup_042-Ex1-2F-lcwgs-1-2.2	2.0	6.0	121.0	651.0	2052.0	3853.0	5293.0	5767.0	6402.0	7508.0	9729.0	13345.0	20127.0	26697.0	39354.0	60356.0	100356.0	136776.0	172721.0	175089.0	175435.0	193187.0	243550.0	291605.0	378180.0	325282.0	8348.0
	18.0	19.0	20.0	21.0	22.0	23.0	24.0	25.0	26.0	27.0	28.0	29.0	30.0	31.0	32.0	33.0	34.0	35.0	36.0	37.0	38.0	39.0	40.0
Zdi-ADup_043-Ex1-2G-lcwgs-1-2.1	24.0	157.0	467.0	660.0	871.0	1120.0	1328.0	1499.0	1841.0	2195.0	2735.0	3530.0	5384.0	8107.0	14010.0	21885.0	33591.0	46920.0	56281.0	51743.0	55336.0	48429.0	3666.0
	15.0	16.0	17.0	18.0	19.0	20.0	21.0	22.0	23.0	24.0	25.0	26.0	27.0	28.0	29.0	30.0	31.0	32.0	33.0	34.0	35.0	36.0	37.0	38.0	39.0	40.0
Zdi-ADup_043-Ex1-2G-lcwgs-1-2.2	1.0	12.0	110.0	351.0	610.0	857.0	913.0	1062.0	1265.0	1609.0	2206.0	3413.0	4664.0	7650.0	12311.0	21001.0	28940.0	34892.0	30695.0	28767.0	29970.0	34317.0	37489.0	43438.0	34304.0	932.0
	17.0	18.0	19.0	20.0	21.0	22.0	23.0	24.0	25.0	26.0	27.0	28.0	29.0	30.0	31.0	32.0	33.0	34.0	35.0	36.0	37.0	38.0	39.0	40.0
Zdi-ADup_044-Ex1-2H-lcwgs-1-2.1	1.0	67.0	603.0	1575.0	2415.0	3267.0	4033.0	4893.0	5565.0	6762.0	7894.0	10240.0	13086.0	19053.0	28804.0	50003.0	80372.0	124084.0	173214.0	205073.0	187313.0	200544.0	180292.0	15152.0
	13.0	14.0	15.0	16.0	17.0	18.0	19.0	20.0	21.0	22.0	23.0	24.0	25.0	26.0	27.0	28.0	29.0	30.0	31.0	32.0	33.0	34.0	35.0	36.0	37.0	38.0	39.0	40.0
Zdi-ADup_044-Ex1-2H-lcwgs-1-2.2	1.0	2.0	3.0	62.0	350.0	1180.0	2333.0	3294.0	3520.0	3990.0	4629.0	6280.0	8224.0	12280.0	16625.0	26347.0	41823.0	69640.0	95249.0	111236.0	100399.0	98217.0	108442.0	130406.0	147534.0	182849.0	145630.0	3760.0
	18.0	19.0	20.0	21.0	22.0	23.0	24.0	25.0	26.0	27.0	28.0	29.0	30.0	31.0	32.0	33.0	34.0	35.0	36.0	37.0	38.0	39.0	40.0
Zdi-ADup_045-Ex1-3A-lcwgs-1-2.1	21.0	193.0	538.0	781.0	1074.0	1192.0	1491.0	1647.0	2042.0	2439.0	3108.0	4233.0	6474.0	10380.0	21008.0	38272.0	52379.0	60913.0	48686.0	39751.0	39816.0	39989.0	3536.0
	15.0	16.0	17.0	18.0	19.0	20.0	21.0	22.0	23.0	24.0	25.0	26.0	27.0	28.0	29.0	30.0	31.0	32.0	33.0	34.0	35.0	36.0	37.0	38.0	39.0	40.0
Zdi-ADup_045-Ex1-3A-lcwgs-1-2.2	4.0	29.0	103.0	376.0	757.0	1020.0	1064.0	1225.0	1433.0	2053.0	2727.0	4216.0	6380.0	10659.0	17830.0	28615.0	36958.0	43076.0	37050.0	31360.0	28454.0	29622.0	30514.0	34691.0	28981.0	766.0
	18.0	19.0	20.0	21.0	22.0	23.0	24.0	25.0	26.0	27.0	28.0	29.0	30.0	31.0	32.0	33.0	34.0	35.0	36.0	37.0	38.0	39.0	40.0
Zdi-ADup_046-Ex1-3B-lcwgs-1-2.1	12.0	91.0	200.0	237.0	326.0	335.0	386.0	484.0	551.0	743.0	880.0	1217.0	1755.0	2813.0	5372.0	9501.0	13480.0	15707.0	13576.0	12656.0	13062.0	14717.0	1260.0
	16.0	17.0	18.0	19.0	20.0	21.0	22.0	23.0	24.0	25.0	26.0	27.0	28.0	29.0	30.0	31.0	32.0	33.0	34.0	35.0	36.0	37.0	38.0	39.0	40.0
Zdi-ADup_046-Ex1-3B-lcwgs-1-2.2	6.0	50.0	130.0	249.0	284.0	294.0	320.0	335.0	443.0	634.0	908.0	1223.0	1979.0	3110.0	5195.0	7858.0	9576.0	8419.0	8180.0	9067.0	10834.0	12505.0	15133.0	12307.0	322.0
	17.0	18.0	19.0	20.0	21.0	22.0	23.0	24.0	25.0	26.0	27.0	28.0	29.0	30.0	31.0	32.0	33.0	34.0	35.0	36.0	37.0	38.0	39.0	40.0
Zdi-ADup_047-Ex1-3C-lcwgs-1-2.1	20.0	752.0	5770.0	17968.0	30040.0	41810.0	49301.0	58229.0	64852.0	76358.0	86956.0	108202.0	137783.0	203462.0	323375.0	640809.0	1191927.0	1675930.0	2005836.0	1631647.0	1304075.0	1258314.0	1316607.0	131094.0
	14.0	15.0	16.0	17.0	18.0	19.0	20.0	21.0	22.0	23.0	24.0	25.0	26.0	27.0	28.0	29.0	30.0	31.0	32.0	33.0	34.0	35.0	36.0	37.0	38.0	39.0	40.0
Zdi-ADup_047-Ex1-3C-lcwgs-1-2.2	6.0	25.0	371.0	2505.0	10126.0	23693.0	39617.0	47573.0	54987.0	59665.0	73485.0	93005.0	133516.0	185209.0	295677.0	495604.0	863329.0	1156735.0	1326771.0	1173775.0	1023349.0	944674.0	1018536.0	1050533.0	1232055.0	1029025.0	27271.0
	16.0	17.0	18.0	19.0	20.0	21.0	22.0	23.0	24.0	25.0	26.0	27.0	28.0	29.0	30.0	31.0	32.0	33.0	34.0	35.0	36.0	37.0	38.0	39.0	40.0
Zdi-CDup_001-Ex1-5D-lcwgs-1-2.1	4.0	181.0	2235.0	9441.0	21408.0	31412.0	41359.0	47663.0	55362.0	61610.0	71385.0	82104.0	102258.0	125635.0	173427.0	246302.0	422323.0	630991.0	799081.0	1035497.0	1458706.0	2341124.0	6061427.0	7320998.0	307603.0
	12.0	13.0	14.0	15.0	16.0	17.0	18.0	19.0	20.0	21.0	22.0	23.0	24.0	25.0	26.0	27.0	28.0	29.0	30.0	31.0	32.0	33.0	34.0	35.0	36.0	37.0	38.0	39.0	40.0
Zdi-CDup_001-Ex1-5D-lcwgs-1-2.2	3.0	1.0	3.0	90.0	1809.0	9201.0	21532.0	33235.0	41313.0	43420.0	51377.0	77300.0	163606.0	377623.0	836946.0	952963.0	1080088.0	1104577.0	1151757.0	1148092.0	1092497.0	929886.0	958894.0	1136591.0	1530524.0	2033511.0	2891048.0	3662737.0	118912.0
	16.0	17.0	18.0	19.0	20.0	21.0	22.0	23.0	24.0	25.0	26.0	27.0	28.0	29.0	30.0	31.0	32.0	33.0	34.0	35.0	36.0	37.0	38.0	39.0	40.0
Zdi-CDup_002-Ex1-5E-lcwgs-1-2.1	1.0	57.0	931.0	5260.0	13122.0	19477.0	26048.0	30682.0	37439.0	42369.0	50425.0	58353.0	72369.0	90196.0	126663.0	185381.0	335345.0	519132.0	653646.0	837985.0	1059935.0	1355744.0	2438158.0	3753907.0	315215.0
	13.0	14.0	15.0	16.0	17.0	18.0	19.0	20.0	21.0	22.0	23.0	24.0	25.0	26.0	27.0	28.0	29.0	30.0	31.0	32.0	33.0	34.0	35.0	36.0	37.0	38.0	39.0	40.0
Zdi-CDup_002-Ex1-5E-lcwgs-1-2.2	4.0	4.0	69.0	978.0	4811.0	13810.0	24180.0	32733.0	34017.0	37479.0	44599.0	72551.0	124773.0	214860.0	272005.0	354409.0	453227.0	622505.0	704776.0	691868.0	619203.0	640376.0	682757.0	833815.0	1069865.0	1805691.0	2590399.0	82076.0
	17.0	18.0	19.0	20.0	21.0	22.0	23.0	24.0	25.0	26.0	27.0	28.0	29.0	30.0	31.0	32.0	33.0	34.0	35.0	36.0	37.0	38.0	39.0	40.0
Zdi-CDup_003-Ex1-5F-lcwgs-1-2.1	29.0	631.0	3464.0	8613.0	13239.0	17751.0	21586.0	26539.0	29950.0	35953.0	40660.0	49868.0	61302.0	83772.0	120481.0	215744.0	320679.0	385985.0	492751.0	646767.0	883625.0	1741288.0	2638947.0	205418.0
	14.0	15.0	16.0	17.0	18.0	19.0	20.0	21.0	22.0	23.0	24.0	25.0	26.0	27.0	28.0	29.0	30.0	31.0	32.0	33.0	34.0	35.0	36.0	37.0	38.0	39.0	40.0
Zdi-CDup_003-Ex1-5F-lcwgs-1-2.2	2.0	44.0	604.0	2953.0	8128.0	14436.0	19861.0	21327.0	24139.0	29397.0	46473.0	85592.0	166068.0	194703.0	234916.0	268846.0	326451.0	367954.0	398350.0	370957.0	390231.0	453467.0	607610.0	830077.0	1354638.0	1771880.0	55938.0
	17.0	18.0	19.0	20.0	21.0	22.0	23.0	24.0	25.0	26.0	27.0	28.0	29.0	30.0	31.0	32.0	33.0	34.0	35.0	36.0	37.0	38.0	39.0	40.0
Zdi-CDup_004-Ex1-5G-lcwgs-1-2.1	27.0	431.0	2157.0	5061.0	7542.0	10074.0	12135.0	14472.0	16530.0	19302.0	22337.0	27746.0	34516.0	47612.0	68838.0	117463.0	176747.0	225688.0	298022.0	403725.0	593374.0	1271329.0	1703229.0	111199.0
	14.0	15.0	16.0	17.0	18.0	19.0	20.0	21.0	22.0	23.0	24.0	25.0	26.0	27.0	28.0	29.0	30.0	31.0	32.0	33.0	34.0	35.0	36.0	37.0	38.0	39.0	40.0
Zdi-CDup_004-Ex1-5G-lcwgs-1-2.2	4.0	25.0	399.0	1963.0	5212.0	8716.0	11689.0	12197.0	13618.0	18341.0	35833.0	73706.0	141085.0	167084.0	196995.0	216545.0	256054.0	275187.0	274864.0	245975.0	255467.0	287413.0	370243.0	487296.0	765077.0	1035293.0	33275.0
	16.0	17.0	18.0	19.0	20.0	21.0	22.0	23.0	24.0	25.0	26.0	27.0	28.0	29.0	30.0	31.0	32.0	33.0	34.0	35.0	36.0	37.0	38.0	39.0	40.0
Zdi-CDup_005-Ex1-5H-lcwgs-1-2.1	1.0	52.0	1203.0	7085.0	17945.0	27033.0	36760.0	43878.0	53965.0	60689.0	71640.0	79851.0	95639.0	111259.0	143864.0	186134.0	285163.0	410286.0	574645.0	839066.0	1263570.0	1866004.0	3370380.0	5956233.0	557404.0
	11.0	12.0	13.0	14.0	15.0	16.0	17.0	18.0	19.0	20.0	21.0	22.0	23.0	24.0	25.0	26.0	27.0	28.0	29.0	30.0	31.0	32.0	33.0	34.0	35.0	36.0	37.0	38.0	39.0	40.0
Zdi-CDup_005-Ex1-5H-lcwgs-1-2.2	1.0	3.0	0.0	8.0	95.0	958.0	5470.0	16262.0	30912.0	45191.0	49722.0	53510.0	58310.0	76334.0	107928.0	177700.0	207520.0	250611.0	289108.0	361800.0	440628.0	533560.0	571303.0	686261.0	864474.0	1238472.0	1832465.0	3338283.0	4670587.0	152273.0
	16.0	17.0	18.0	19.0	20.0	21.0	22.0	23.0	24.0	25.0	26.0	27.0	28.0	29.0	30.0	31.0	32.0	33.0	34.0	35.0	36.0	37.0	38.0	39.0	40.0
Zdi-CDup_006-Ex1-6A-lcwgs-1-2.1	1.0	84.0	1638.0	9290.0	23372.0	34226.0	46638.0	55736.0	68339.0	77944.0	92130.0	102765.0	122948.0	143247.0	182260.0	230719.0	335487.0	496691.0	738945.0	1041377.0	1522475.0	2371201.0	4189735.0	8199008.0	742207.0
	13.0	14.0	15.0	16.0	17.0	18.0	19.0	20.0	21.0	22.0	23.0	24.0	25.0	26.0	27.0	28.0	29.0	30.0	31.0	32.0	33.0	34.0	35.0	36.0	37.0	38.0	39.0	40.0
Zdi-CDup_006-Ex1-6A-lcwgs-1-2.2	4.0	12.0	83.0	1543.0	8056.0	24088.0	45687.0	66927.0	72901.0	77344.0	81731.0	100531.0	128799.0	176149.0	205840.0	253311.0	300784.0	393653.0	486491.0	599128.0	668494.0	828540.0	1059491.0	1559074.0	2370355.0	4598401.0	6531422.0	189624.0
	16.0	17.0	18.0	19.0	20.0	21.0	22.0	23.0	24.0	25.0	26.0	27.0	28.0	29.0	30.0	31.0	32.0	33.0	34.0	35.0	36.0	37.0	38.0	39.0	40.0
Zdi-CDup_007-Ex1-6B-lcwgs-1-2.1	2.0	88.0	1246.0	6448.0	16246.0	24057.0	32397.0	38362.0	46397.0	52615.0	62891.0	71684.0	88656.0	108127.0	147570.0	206462.0	346098.0	573260.0	828416.0	1029257.0	1253053.0	1690900.0	2773228.0	5273117.0	457334.0
	12.0	13.0	14.0	15.0	16.0	17.0	18.0	19.0	20.0	21.0	22.0	23.0	24.0	25.0	26.0	27.0	28.0	29.0	30.0	31.0	32.0	33.0	34.0	35.0	36.0	37.0	38.0	39.0	40.0
Zdi-CDup_007-Ex1-6B-lcwgs-1-2.2	1.0	3.0	5.0	76.0	1010.0	5230.0	15562.0	28090.0	39421.0	42145.0	46860.0	55831.0	89109.0	151053.0	267936.0	313196.0	371943.0	423269.0	535186.0	649499.0	754213.0	727447.0	767793.0	907509.0	1220581.0	1651521.0	2670758.0	3294056.0	98608.0
	17.0	18.0	19.0	20.0	21.0	22.0	23.0	24.0	25.0	26.0	27.0	28.0	29.0	30.0	31.0	32.0	33.0	34.0	35.0	36.0	37.0	38.0	39.0	40.0
Zdi-CDup_008-Ex1-6C-lcwgs-1-2.1	90.0	1134.0	6012.0	15169.0	22676.0	30141.0	36380.0	44077.0	49957.0	59237.0	66496.0	80446.0	94736.0	124293.0	161996.0	247205.0	374343.0	544428.0	732213.0	1028016.0	1571521.0	2871996.0	5791481.0	514225.0
	11.0	12.0	13.0	14.0	15.0	16.0	17.0	18.0	19.0	20.0	21.0	22.0	23.0	24.0	25.0	26.0	27.0	28.0	29.0	30.0	31.0	32.0	33.0	34.0	35.0	36.0	37.0	38.0	39.0	40.0
Zdi-CDup_008-Ex1-6C-lcwgs-1-2.2	1.0	3.0	0.0	2.0	68.0	1136.0	6090.0	17326.0	30474.0	43248.0	46789.0	50537.0	58129.0	90500.0	145875.0	229218.0	263186.0	302377.0	327968.0	389325.0	443038.0	509691.0	528279.0	619528.0	771468.0	1089579.0	1576066.0	2854731.0	3956483.0	117153.0
	16.0	17.0	18.0	19.0	20.0	21.0	22.0	23.0	24.0	25.0	26.0	27.0	28.0	29.0	30.0	31.0	32.0	33.0	34.0	35.0	36.0	37.0	38.0	39.0	40.0
Zdi-CDup_010-Ex1-6D-lcwgs-1-2.1	5.0	295.0	3855.0	17272.0	40248.0	58599.0	76591.0	88147.0	104334.0	115700.0	134283.0	150942.0	182346.0	215661.0	282166.0	372030.0	569792.0	867063.0	1250338.0	1636652.0	2266969.0	3565117.0	7153620.0	14899923.0	1090961.0
	10.0	11.0	12.0	13.0	14.0	15.0	16.0	17.0	18.0	19.0	20.0	21.0	22.0	23.0	24.0	25.0	26.0	27.0	28.0	29.0	30.0	31.0	32.0	33.0	34.0	35.0	36.0	37.0	38.0	39.0	40.0
Zdi-CDup_010-Ex1-6D-lcwgs-1-2.2	1.0	1.0	4.0	3.0	11.0	173.0	2691.0	14082.0	38607.0	68059.0	93537.0	102022.0	112782.0	143764.0	249427.0	480495.0	936389.0	1061819.0	1200797.0	1245748.0	1373969.0	1451064.0	1482085.0	1371999.0	1515478.0	1843756.0	2555996.0	3586011.0	5965583.0	8008170.0	238386.0
	16.0	17.0	18.0	19.0	20.0	21.0	22.0	23.0	24.0	25.0	26.0	27.0	28.0	29.0	30.0	31.0	32.0	33.0	34.0	35.0	36.0	37.0	38.0	39.0	40.0
Zdi-CDup_011-Ex1-6E-lcwgs-1-2.1	2.0	144.0	1978.0	10081.0	24750.0	35818.0	46647.0	55043.0	66389.0	74579.0	88098.0	98448.0	119506.0	142573.0	187116.0	247756.0	379288.0	582201.0	847363.0	1123837.0	1560740.0	2398798.0	4469293.0	9153586.0	773880.0
	12.0	13.0	14.0	15.0	16.0	17.0	18.0	19.0	20.0	21.0	22.0	23.0	24.0	25.0	26.0	27.0	28.0	29.0	30.0	31.0	32.0	33.0	34.0	35.0	36.0	37.0	38.0	39.0	40.0
Zdi-CDup_011-Ex1-6E-lcwgs-1-2.2	2.0	2.0	9.0	115.0	1850.0	9690.0	27062.0	47528.0	65929.0	70835.0	76125.0	90431.0	152441.0	268795.0	439354.0	517821.0	598848.0	664950.0	815017.0	894715.0	919459.0	888148.0	1003968.0	1177197.0	1569821.0	2175116.0	3967810.0	5865294.0	179582.0
	16.0	17.0	18.0	19.0	20.0	21.0	22.0	23.0	24.0	25.0	26.0	27.0	28.0	29.0	30.0	31.0	32.0	33.0	34.0	35.0	36.0	37.0	38.0	39.0	40.0
Zdi-CDup_012-Ex1-6F-lcwgs-1-2.1	2.0	66.0	822.0	3792.0	9359.0	14721.0	20089.0	24110.0	29165.0	32488.0	38268.0	42083.0	50918.0	59971.0	77856.0	103546.0	159030.0	242695.0	346065.0	456260.0	634968.0	986181.0	1930884.0	4210628.0	324955.0
	12.0	13.0	14.0	15.0	16.0	17.0	18.0	19.0	20.0	21.0	22.0	23.0	24.0	25.0	26.0	27.0	28.0	29.0	30.0	31.0	32.0	33.0	34.0	35.0	36.0	37.0	38.0	39.0	40.0
Zdi-CDup_012-Ex1-6F-lcwgs-1-2.2	1.0	0.0	1.0	65.0	827.0	4317.0	11120.0	17093.0	22333.0	23855.0	27725.0	37663.0	72384.0	151051.0	299303.0	338068.0	378498.0	386550.0	414883.0	428629.0	437080.0	405450.0	439629.0	528523.0	722694.0	996171.0	1574054.0	2019525.0	61430.0
	16.0	17.0	18.0	19.0	20.0	21.0	22.0	23.0	24.0	25.0	26.0	27.0	28.0	29.0	30.0	31.0	32.0	33.0	34.0	35.0	36.0	37.0	38.0	39.0	40.0
Zdi-CDup_013-Ex1-6G-lcwgs-1-2.1	2.0	50.0	540.0	2341.0	5466.0	7698.0	10121.0	11588.0	13401.0	15254.0	17428.0	20179.0	24984.0	30647.0	41777.0	58446.0	95263.0	150338.0	212026.0	271415.0	353405.0	518971.0	953902.0	1799396.0	126475.0
	14.0	15.0	16.0	17.0	18.0	19.0	20.0	21.0	22.0	23.0	24.0	25.0	26.0	27.0	28.0	29.0	30.0	31.0	32.0	33.0	34.0	35.0	36.0	37.0	38.0	39.0	40.0
Zdi-CDup_013-Ex1-6G-lcwgs-1-2.2	3.0	27.0	362.0	2083.0	5576.0	9018.0	11534.0	11892.0	13467.0	17863.0	35423.0	71570.0	130890.0	154714.0	176839.0	193321.0	231629.0	255081.0	258086.0	230339.0	239643.0	268404.0	342517.0	446037.0	699952.0	907405.0	27438.0
	16.0	17.0	18.0	19.0	20.0	21.0	22.0	23.0	24.0	25.0	26.0	27.0	28.0	29.0	30.0	31.0	32.0	33.0	34.0	35.0	36.0	37.0	38.0	39.0	40.0
Zdi-CDup_014-Ex1-6H-lcwgs-1-2.1	1.0	83.0	957.0	4940.0	11920.0	17316.0	22937.0	27248.0	32590.0	36704.0	43546.0	49880.0	62469.0	78027.0	109207.0	156180.0	271316.0	457770.0	636060.0	736975.0	851858.0	1135961.0	1986434.0	4025597.0	316839.0
	13.0	14.0	15.0	16.0	17.0	18.0	19.0	20.0	21.0	22.0	23.0	24.0	25.0	26.0	27.0	28.0	29.0	30.0	31.0	32.0	33.0	34.0	35.0	36.0	37.0	38.0	39.0	40.0
Zdi-CDup_014-Ex1-6H-lcwgs-1-2.2	5.0	5.0	53.0	887.0	4555.0	11931.0	20615.0	26828.0	28376.0	32295.0	41936.0	73835.0	141401.0	280839.0	328535.0	382875.0	426145.0	512936.0	578518.0	614290.0	541169.0	554154.0	648245.0	851937.0	1121109.0	1709956.0	2073992.0	65393.0
	17.0	18.0	19.0	20.0	21.0	22.0	23.0	24.0	25.0	26.0	27.0	28.0	29.0	30.0	31.0	32.0	33.0	34.0	35.0	36.0	37.0	38.0	39.0	40.0
Zdi-CDup_015-Ex1-7A-lcwgs-1-2.1	12.0	159.0	886.0	2211.0	3483.0	4819.0	5831.0	7128.0	7971.0	9671.0	11042.0	13586.0	16583.0	22655.0	32238.0	49053.0	70811.0	100559.0	136546.0	193080.0	283972.0	525165.0	867608.0	50923.0
	11.0	12.0	13.0	14.0	15.0	16.0	17.0	18.0	19.0	20.0	21.0	22.0	23.0	24.0	25.0	26.0	27.0	28.0	29.0	30.0	31.0	32.0	33.0	34.0	35.0	36.0	37.0	38.0	39.0	40.0
Zdi-CDup_015-Ex1-7A-lcwgs-1-2.2	1.0	0.0	0.0	1.0	14.0	183.0	903.0	2495.0	4339.0	5917.0	6549.0	6974.0	8544.0	14238.0	25322.0	44564.0	53108.0	61727.0	67000.0	78788.0	87482.0	95471.0	93452.0	107651.0	133145.0	187153.0	268677.0	472780.0	575573.0	13941.0
	16.0	17.0	18.0	19.0	20.0	21.0	22.0	23.0	24.0	25.0	26.0	27.0	28.0	29.0	30.0	31.0	32.0	33.0	34.0	35.0	36.0	37.0	38.0	39.0	40.0
Zdi-CDup_016-Ex1-7B-lcwgs-1-2.1	3.0	65.0	1133.0	6504.0	17659.0	28355.0	39660.0	48431.0	59552.0	68351.0	80893.0	92607.0	115310.0	140758.0	195533.0	274411.0	438025.0	668668.0	948438.0	1224695.0	1572583.0	2056538.0	3467279.0	5938806.0	440737.0
	11.0	12.0	13.0	14.0	15.0	16.0	17.0	18.0	19.0	20.0	21.0	22.0	23.0	24.0	25.0	26.0	27.0	28.0	29.0	30.0	31.0	32.0	33.0	34.0	35.0	36.0	37.0	38.0	39.0	40.0
Zdi-CDup_016-Ex1-7B-lcwgs-1-2.2	1.0	1.0	1.0	4.0	80.0	1022.0	5189.0	15682.0	30725.0	46135.0	51461.0	56951.0	65541.0	96711.0	154224.0	266405.0	316361.0	390291.0	468577.0	608286.0	746273.0	868090.0	841792.0	888361.0	1054202.0	1431848.0	1973681.0	3315711.0	4119011.0	112377.0
	16.0	17.0	18.0	19.0	20.0	21.0	22.0	23.0	24.0	25.0	26.0	27.0	28.0	29.0	30.0	31.0	32.0	33.0	34.0	35.0	36.0	37.0	38.0	39.0	40.0
Zdi-CDup_017-Ex1-7C-lcwgs-1-2.1	2.0	34.0	614.0	3738.0	9785.0	15489.0	21460.0	26473.0	32001.0	37006.0	43739.0	50264.0	62731.0	76593.0	105038.0	146974.0	230764.0	347621.0	491563.0	653543.0	899435.0	1242810.0	2116757.0	3613514.0	280130.0
	11.0	12.0	13.0	14.0	15.0	16.0	17.0	18.0	19.0	20.0	21.0	22.0	23.0	24.0	25.0	26.0	27.0	28.0	29.0	30.0	31.0	32.0	33.0	34.0	35.0	36.0	37.0	38.0	39.0	40.0
Zdi-CDup_017-Ex1-7C-lcwgs-1-2.2	1.0	1.0	2.0	4.0	34.0	606.0	3034.0	8891.0	17710.0	26118.0	29279.0	31836.0	37778.0	59667.0	99755.0	162423.0	194105.0	236833.0	276345.0	345660.0	406417.0	465801.0	465284.0	515684.0	617542.0	835184.0	1155328.0	1972977.0	2476740.0	67039.0
	16.0	17.0	18.0	19.0	20.0	21.0	22.0	23.0	24.0	25.0	26.0	27.0	28.0	29.0	30.0	31.0	32.0	33.0	34.0	35.0	36.0	37.0	38.0	39.0	40.0
Zdi-CDup_018-Ex1-7D-lcwgs-1-2.1	3.0	166.0	2480.0	11723.0	29534.0	47541.0	66602.0	80339.0	97988.0	107618.0	124558.0	138840.0	167444.0	199135.0	263551.0	349873.0	517697.0	740374.0	1029558.0	1382275.0	2028557.0	3256117.0	7043167.0	12579828.0	672955.0
	11.0	12.0	13.0	14.0	15.0	16.0	17.0	18.0	19.0	20.0	21.0	22.0	23.0	24.0	25.0	26.0	27.0	28.0	29.0	30.0	31.0	32.0	33.0	34.0	35.0	36.0	37.0	38.0	39.0	40.0
Zdi-CDup_018-Ex1-7D-lcwgs-1-2.2	1.0	3.0	5.0	8.0	171.0	2116.0	10750.0	28257.0	50331.0	72164.0	80380.0	91317.0	117773.0	213815.0	440235.0	900967.0	1027550.0	1183217.0	1236803.0	1322608.0	1349222.0	1335307.0	1212148.0	1327795.0	1619005.0	2250849.0	3156143.0	5125286.0	6600236.0	183461.0
	17.0	18.0	19.0	20.0	21.0	22.0	23.0	24.0	25.0	26.0	27.0	28.0	29.0	30.0	31.0	32.0	33.0	34.0	35.0	36.0	37.0	38.0	39.0	40.0
Zdi-CDup_019-Ex1-7E-lcwgs-1-2.1	41.0	616.0	3822.0	10484.0	16773.0	23380.0	28830.0	35322.0	40815.0	48456.0	55506.0	69622.0	85473.0	118408.0	166923.0	265846.0	400791.0	563051.0	728749.0	946569.0	1258386.0	2121468.0	3649360.0	279424.0
	12.0	13.0	14.0	15.0	16.0	17.0	18.0	19.0	20.0	21.0	22.0	23.0	24.0	25.0	26.0	27.0	28.0	29.0	30.0	31.0	32.0	33.0	34.0	35.0	36.0	37.0	38.0	39.0	40.0
Zdi-CDup_019-Ex1-7E-lcwgs-1-2.2	2.0	1.0	6.0	58.0	731.0	3715.0	11220.0	21565.0	31550.0	34293.0	37108.0	41685.0	58585.0	88450.0	141397.0	183044.0	253629.0	347006.0	491712.0	563638.0	553826.0	507317.0	542735.0	602570.0	770631.0	1041590.0	1890595.0	2628631.0	70825.0
	17.0	18.0	19.0	20.0	21.0	22.0	23.0	24.0	25.0	26.0	27.0	28.0	29.0	30.0	31.0	32.0	33.0	34.0	35.0	36.0	37.0	38.0	39.0	40.0
Zdi-CDup_021-Ex1-7G-lcwgs-1-2.1	66.0	1094.0	5544.0	14471.0	23583.0	33531.0	40997.0	49401.0	54596.0	63169.0	71569.0	88824.0	109005.0	150377.0	208352.0	326149.0	485717.0	679656.0	894615.0	1246481.0	1898572.0	4078861.0	7345298.0	386499.0
	12.0	13.0	14.0	15.0	16.0	17.0	18.0	19.0	20.0	21.0	22.0	23.0	24.0	25.0	26.0	27.0	28.0	29.0	30.0	31.0	32.0	33.0	34.0	35.0	36.0	37.0	38.0	39.0	40.0
Zdi-CDup_021-Ex1-7G-lcwgs-1-2.2	1.0	1.0	5.0	109.0	1394.0	6900.0	16482.0	26658.0	35765.0	38645.0	44941.0	65874.0	148598.0	325899.0	617261.0	725717.0	830979.0	877241.0	973925.0	983319.0	926575.0	797710.0	824567.0	942975.0	1239329.0	1646489.0	2588352.0	3466051.0	104665.0
	16.0	17.0	18.0	19.0	20.0	21.0	22.0	23.0	24.0	25.0	26.0	27.0	28.0	29.0	30.0	31.0	32.0	33.0	34.0	35.0	36.0	37.0	38.0	39.0	40.0
Zdi-CDup_022-Ex1-7H-lcwgs-1-2.1	1.0	24.0	568.0	3401.0	9053.0	14511.0	20099.0	24252.0	29757.0	34246.0	41705.0	48183.0	61248.0	77223.0	109637.0	159688.0	261851.0	406984.0	577168.0	735942.0	919131.0	1115622.0	1676546.0	2657791.0	211589.0
	11.0	12.0	13.0	14.0	15.0	16.0	17.0	18.0	19.0	20.0	21.0	22.0	23.0	24.0	25.0	26.0	27.0	28.0	29.0	30.0	31.0	32.0	33.0	34.0	35.0	36.0	37.0	38.0	39.0	40.0
Zdi-CDup_022-Ex1-7H-lcwgs-1-2.2	1.0	3.0	1.0	1.0	44.0	557.0	2685.0	8226.0	15806.0	23458.0	25670.0	28243.0	30999.0	42481.0	61516.0	100666.0	127189.0	171873.0	233249.0	335797.0	426341.0	498136.0	465953.0	489205.0	571720.0	752005.0	1012934.0	1681595.0	2033595.0	56271.0
	16.0	17.0	18.0	19.0	20.0	21.0	22.0	23.0	24.0	25.0	26.0	27.0	28.0	29.0	30.0	31.0	32.0	33.0	34.0	35.0	36.0	37.0	38.0	39.0	40.0
Zdi-CDup_026-Ex1-8D-lcwgs-1-2.1	1.0	77.0	1002.0	4940.0	12302.0	19518.0	27119.0	33041.0	39700.0	44392.0	52132.0	60153.0	75715.0	93464.0	130654.0	186663.0	319290.0	497955.0	633387.0	827804.0	1190098.0	2076586.0	5624185.0	5891176.0	304319.0
	13.0	14.0	15.0	16.0	17.0	18.0	19.0	20.0	21.0	22.0	23.0	24.0	25.0	26.0	27.0	28.0	29.0	30.0	31.0	32.0	33.0	34.0	35.0	36.0	37.0	38.0	39.0	40.0
Zdi-CDup_026-Ex1-8D-lcwgs-1-2.2	2.0	7.0	77.0	1290.0	6272.0	15092.0	24075.0	32429.0	36085.0	42353.0	64024.0	137254.0	308727.0	651556.0	732863.0	831904.0	850224.0	892752.0	890961.0	855935.0	745247.0	790965.0	948774.0	1299348.0	1762782.0	2656159.0	3463289.0	105227.0
	16.0	17.0	18.0	19.0	20.0	21.0	22.0	23.0	24.0	25.0	26.0	27.0	28.0	29.0	30.0	31.0	32.0	33.0	34.0	35.0	36.0	37.0	38.0	39.0	40.0
Zdi-CDup_031-Ex1-9A-lcwgs-1-2.1	1.0	44.0	761.0	4181.0	10924.0	16784.0	22859.0	27261.0	33167.0	37355.0	44112.0	50239.0	61964.0	75198.0	103257.0	144343.0	240475.0	351988.0	455530.0	601527.0	819909.0	1201399.0	2173513.0	3757868.0	291160.0
	12.0	13.0	14.0	15.0	16.0	17.0	18.0	19.0	20.0	21.0	22.0	23.0	24.0	25.0	26.0	27.0	28.0	29.0	30.0	31.0	32.0	33.0	34.0	35.0	36.0	37.0	38.0	39.0	40.0
Zdi-CDup_031-Ex1-9A-lcwgs-1-2.2	3.0	0.0	1.0	58.0	717.0	3711.0	10391.0	18991.0	26526.0	29023.0	31455.0	37961.0	59241.0	102766.0	179630.0	213174.0	254233.0	285259.0	343679.0	389016.0	429672.0	417795.0	463057.0	559707.0	773329.0	1094139.0	1952911.0	2761113.0	88261.0
	16.0	17.0	18.0	19.0	20.0	21.0	22.0	23.0	24.0	25.0	26.0	27.0	28.0	29.0	30.0	31.0	32.0	33.0	34.0	35.0	36.0	37.0	38.0	39.0	40.0
Zdi-CDup_033-Ex1-9C-lcwgs-1-2.1	2.0	74.0	1031.0	4845.0	12403.0	20750.0	29103.0	34974.0	41513.0	45104.0	52965.0	61269.0	76768.0	96193.0	137855.0	200479.0	347703.0	499300.0	614812.0	782117.0	1110902.0	1847002.0	4631243.0	7316204.0	255894.0
	14.0	15.0	16.0	17.0	18.0	19.0	20.0	21.0	22.0	23.0	24.0	25.0	26.0	27.0	28.0	29.0	30.0	31.0	32.0	33.0	34.0	35.0	36.0	37.0	38.0	39.0	40.0
Zdi-CDup_033-Ex1-9C-lcwgs-1-2.2	7.0	103.0	1767.0	7880.0	16503.0	22441.0	26606.0	28882.0	38195.0	74944.0	213228.0	489257.0	911375.0	1038470.0	1129376.0	1081322.0	1063686.0	995788.0	921018.0	774686.0	791026.0	930852.0	1232486.0	1569198.0	2139791.0	2630961.0	90657.0
	16.0	17.0	18.0	19.0	20.0	21.0	22.0	23.0	24.0	25.0	26.0	27.0	28.0	29.0	30.0	31.0	32.0	33.0	34.0	35.0	36.0	37.0	38.0	39.0	40.0
Zdi-CDup_034-Ex1-9D-lcwgs-1-2.1	7.0	312.0	3856.0	16227.0	38691.0	63169.0	89757.0	106225.0	120533.0	126402.0	145553.0	165780.0	206400.0	256322.0	359625.0	505768.0	821583.0	1164530.0	1494432.0	1984514.0	3058661.0	5665447.0	15944129.0	22931873.0	502583.0
	13.0	14.0	15.0	16.0	17.0	18.0	19.0	20.0	21.0	22.0	23.0	24.0	25.0	26.0	27.0	28.0	29.0	30.0	31.0	32.0	33.0	34.0	35.0	36.0	37.0	38.0	39.0	40.0
Zdi-CDup_034-Ex1-9D-lcwgs-1-2.2	3.0	15.0	284.0	5500.0	25490.0	48559.0	59477.0	66531.0	71751.0	96720.0	186062.0	497996.0	1297974.0	2988166.0	3349843.0	3716491.0	3625089.0	3509953.0	3245288.0	2850859.0	2296466.0	2316663.0	2792300.0	3809029.0	4965294.0	6134618.0	7546332.0	269626.0
	16.0	17.0	18.0	19.0	20.0	21.0	22.0	23.0	24.0	25.0	26.0	27.0	28.0	29.0	30.0	31.0	32.0	33.0	34.0	35.0	36.0	37.0	38.0	39.0	40.0
Zdi-CDup_035-Ex1-9E-lcwgs-1-2.1	6.0	130.0	1487.0	6604.0	16896.0	27870.0	40180.0	47411.0	55189.0	59383.0	68723.0	78318.0	97661.0	121432.0	167537.0	234153.0	380050.0	540468.0	708357.0	970772.0	1496841.0	2642886.0	6906027.0	10644345.0	337656.0
	13.0	14.0	15.0	16.0	17.0	18.0	19.0	20.0	21.0	22.0	23.0	24.0	25.0	26.0	27.0	28.0	29.0	30.0	31.0	32.0	33.0	34.0	35.0	36.0	37.0	38.0	39.0	40.0
Zdi-CDup_035-Ex1-9E-lcwgs-1-2.2	1.0	1.0	151.0	2787.0	12303.0	24882.0	31018.0	35846.0	37437.0	48761.0	96370.0	291156.0	709021.0	1370400.0	1582199.0	1727945.0	1669109.0	1645101.0	1494951.0	1288277.0	1057974.0	1079912.0	1240931.0	1614934.0	2036706.0	2768961.0	3654334.0	128914.0
	16.0	17.0	18.0	19.0	20.0	21.0	22.0	23.0	24.0	25.0	26.0	27.0	28.0	29.0	30.0	31.0	32.0	33.0	34.0	35.0	36.0	37.0	38.0	39.0	40.0
Zdi-CDup_037-Ex1-9G-lcwgs-1-2.1	2.0	69.0	1107.0	5016.0	12584.0	20635.0	29233.0	34971.0	41005.0	44543.0	51888.0	58402.0	73470.0	91042.0	126424.0	179597.0	295652.0	419228.0	536496.0	723670.0	1085965.0	1883583.0	4758022.0	7336020.0	262353.0
	12.0	13.0	14.0	15.0	16.0	17.0	18.0	19.0	20.0	21.0	22.0	23.0	24.0	25.0	26.0	27.0	28.0	29.0	30.0	31.0	32.0	33.0	34.0	35.0	36.0	37.0	38.0	39.0	40.0
Zdi-CDup_037-Ex1-9G-lcwgs-1-2.2	1.0	2.0	1.0	103.0	1734.0	8086.0	16846.0	22095.0	26207.0	27854.0	35218.0	65208.0	179325.0	427500.0	862834.0	998709.0	1101913.0	1083335.0	1092302.0	1028152.0	920378.0	761924.0	776683.0	900594.0	1184688.0	1522848.0	2104033.0	2818468.0	103936.0
	16.0	17.0	18.0	19.0	20.0	21.0	22.0	23.0	24.0	25.0	26.0	27.0	28.0	29.0	30.0	31.0	32.0	33.0	34.0	35.0	36.0	37.0	38.0	39.0	40.0
Zdi-CDup_038-Ex1-9H-lcwgs-1-2.1	1.0	51.0	820.0	4131.0	10060.0	16200.0	22697.0	27206.0	32455.0	35424.0	41934.0	47892.0	60441.0	76973.0	108556.0	161323.0	280815.0	406211.0	501487.0	641334.0	878394.0	1377507.0	3191935.0	4875262.0	189961.0
	14.0	15.0	16.0	17.0	18.0	19.0	20.0	21.0	22.0	23.0	24.0	25.0	26.0	27.0	28.0	29.0	30.0	31.0	32.0	33.0	34.0	35.0	36.0	37.0	38.0	39.0	40.0
Zdi-CDup_038-Ex1-9H-lcwgs-1-2.2	3.0	70.0	1115.0	5280.0	11330.0	16434.0	21001.0	22459.0	27122.0	41496.0	94374.0	223433.0	513672.0	581897.0	652921.0	664104.0	694778.0	700717.0	679469.0	575039.0	585706.0	698742.0	943495.0	1245112.0	1734088.0	2174630.0	80583.0
	17.0	18.0	19.0	20.0	21.0	22.0	23.0	24.0	25.0	26.0	27.0	28.0	29.0	30.0	31.0	32.0	33.0	34.0	35.0	36.0	37.0	38.0	39.0	40.0
Zdi-CDup_039-Ex1-10A-lcwgs-1-2.1	12.0	174.0	827.0	2391.0	3811.0	5345.0	6602.0	7997.0	9285.0	11127.0	12905.0	16013.0	20031.0	27796.0	39360.0	64467.0	99252.0	136661.0	174035.0	237357.0	341349.0	632175.0	1040477.0	64926.0
	13.0	14.0	15.0	16.0	17.0	18.0	19.0	20.0	21.0	22.0	23.0	24.0	25.0	26.0	27.0	28.0	29.0	30.0	31.0	32.0	33.0	34.0	35.0	36.0	37.0	38.0	39.0	40.0
Zdi-CDup_039-Ex1-10A-lcwgs-1-2.2	1.0	2.0	13.0	237.0	1098.0	3223.0	5729.0	8067.0	8969.0	9629.0	11022.0	16703.0	27899.0	44893.0	54070.0	65097.0	74787.0	93323.0	108982.0	123714.0	124379.0	143295.0	175565.0	243194.0	345381.0	596742.0	655143.0	13218.0
	16.0	17.0	18.0	19.0	20.0	21.0	22.0	23.0	24.0	25.0	26.0	27.0	28.0	29.0	30.0	31.0	32.0	33.0	34.0	35.0	36.0	37.0	38.0	39.0	40.0
Zdi-CDup_040-Ex1-10B-lcwgs-1-2.1	1.0	8.0	139.0	807.0	2069.0	3511.0	4922.0	6035.0	7472.0	8322.0	10270.0	11856.0	15549.0	20006.0	28814.0	43334.0	75393.0	120582.0	157694.0	184401.0	233218.0	326595.0	661133.0	1147818.0	56097.0
	13.0	14.0	15.0	16.0	17.0	18.0	19.0	20.0	21.0	22.0	23.0	24.0	25.0	26.0	27.0	28.0	29.0	30.0	31.0	32.0	33.0	34.0	35.0	36.0	37.0	38.0	39.0	40.0
Zdi-CDup_040-Ex1-10B-lcwgs-1-2.2	1.0	2.0	18.0	202.0	1008.0	2561.0	4419.0	6378.0	7155.0	8293.0	11179.0	22591.0	46716.0	88518.0	100987.0	116809.0	125697.0	144800.0	160291.0	170236.0	153935.0	160766.0	189370.0	253469.0	333189.0	493513.0	511815.0	12128.0
	17.0	18.0	19.0	20.0	21.0	22.0	23.0	24.0	25.0	26.0	27.0	28.0	29.0	30.0	31.0	32.0	33.0	34.0	35.0	36.0	37.0	38.0	39.0	40.0
Zdi-CDup_041-Ex1-10C-lcwgs-1-2.1	40.0	434.0	2299.0	6456.0	10419.0	14925.0	18204.0	22398.0	25470.0	30738.0	35270.0	44352.0	56415.0	80343.0	116689.0	200114.0	323896.0	424700.0	496080.0	637808.0	900453.0	1840123.0	3413554.0	196652.0
	13.0	14.0	15.0	16.0	17.0	18.0	19.0	20.0	21.0	22.0	23.0	24.0	25.0	26.0	27.0	28.0	29.0	30.0	31.0	32.0	33.0	34.0	35.0	36.0	37.0	38.0	39.0	40.0
Zdi-CDup_041-Ex1-10C-lcwgs-1-2.2	2.0	1.0	38.0	636.0	3179.0	8099.0	14156.0	19537.0	21533.0	25278.0	37338.0	80463.0	163758.0	280315.0	325916.0	368676.0	387048.0	433310.0	455862.0	468412.0	424886.0	448710.0	521524.0	682860.0	884822.0	1341024.0	1465147.0	35302.0
	16.0	17.0	18.0	19.0	20.0	21.0	22.0	23.0	24.0	25.0	26.0	27.0	28.0	29.0	30.0	31.0	32.0	33.0	34.0	35.0	36.0	37.0	38.0	39.0	40.0
Zdi-CDup_042-Ex1-10D-lcwgs-1-2.1	1.0	73.0	1067.0	5844.0	15604.0	24238.0	33767.0	40527.0	49645.0	56143.0	67587.0	77656.0	97763.0	121282.0	167641.0	239271.0	393272.0	617510.0	823508.0	987902.0	1311324.0	1923342.0	3857125.0	6884296.0	416702.0
	10.0	11.0	12.0	13.0	14.0	15.0	16.0	17.0	18.0	19.0	20.0	21.0	22.0	23.0	24.0	25.0	26.0	27.0	28.0	29.0	30.0	31.0	32.0	33.0	34.0	35.0	36.0	37.0	38.0	39.0	40.0
Zdi-CDup_042-Ex1-10D-lcwgs-1-2.2	1.0	0.0	2.0	1.0	8.0	107.0	1395.0	7328.0	19788.0	34844.0	49362.0	54096.0	59237.0	71696.0	116264.0	208639.0	380554.0	443616.0	537310.0	613664.0	742513.0	827778.0	863260.0	798066.0	861313.0	1023271.0	1390116.0	1935263.0	3239684.0	3844891.0	89023.0
	16.0	17.0	18.0	19.0	20.0	21.0	22.0	23.0	24.0	25.0	26.0	27.0	28.0	29.0	30.0	31.0	32.0	33.0	34.0	35.0	36.0	37.0	38.0	39.0	40.0
Zdi-CDup_043-Ex1-10E-lcwgs-1-2.1	2.0	128.0	2006.0	11306.0	30132.0	48884.0	69145.0	84784.0	104859.0	120172.0	142330.0	161855.0	194950.0	230075.0	298954.0	392185.0	589595.0	869229.0	1200855.0	1581819.0	2334419.0	3670262.0	7461077.0	13942582.0	933059.0
	11.0	12.0	13.0	14.0	15.0	16.0	17.0	18.0	19.0	20.0	21.0	22.0	23.0	24.0	25.0	26.0	27.0	28.0	29.0	30.0	31.0	32.0	33.0	34.0	35.0	36.0	37.0	38.0	39.0	40.0
Zdi-CDup_043-Ex1-10E-lcwgs-1-2.2	1.0	6.0	7.0	17.0	223.0	3015.0	15341.0	42840.0	79675.0	117117.0	129998.0	139203.0	159201.0	243476.0	405522.0	638863.0	748282.0	877560.0	975660.0	1169622.0	1267061.0	1320251.0	1323882.0	1552392.0	1879299.0	2577590.0	3658551.0	6661552.0	8305856.0	182601.0
	17.0	18.0	19.0	20.0	21.0	22.0	23.0	24.0	25.0	26.0	27.0	28.0	29.0	30.0	31.0	32.0	33.0	34.0	35.0	36.0	37.0	38.0	39.0	40.0
Zdi-CDup_045-Ex1-10G-lcwgs-1-2.1	36.0	664.0	3821.0	10305.0	16310.0	23178.0	28642.0	35255.0	39938.0	47483.0	55569.0	70150.0	88143.0	125585.0	180597.0	306156.0	487169.0	627832.0	739743.0	994556.0	1486033.0	3149360.0	5938933.0	341319.0
	11.0	12.0	13.0	14.0	15.0	16.0	17.0	18.0	19.0	20.0	21.0	22.0	23.0	24.0	25.0	26.0	27.0	28.0	29.0	30.0	31.0	32.0	33.0	34.0	35.0	36.0	37.0	38.0	39.0	40.0
Zdi-CDup_045-Ex1-10G-lcwgs-1-2.2	1.0	3.0	2.0	5.0	86.0	970.0	4688.0	13113.0	22932.0	31969.0	35298.0	40540.0	56653.0	120481.0	250833.0	450630.0	534515.0	620571.0	681617.0	793547.0	828178.0	794544.0	692059.0	720284.0	812033.0	1046900.0	1377500.0	2161807.0	2635351.0	69667.0
	16.0	17.0	18.0	19.0	20.0	21.0	22.0	23.0	24.0	25.0	26.0	27.0	28.0	29.0	30.0	31.0	32.0	33.0	34.0	35.0	36.0	37.0	38.0	39.0	40.0
Zdi-CDup_046-Ex1-10H-lcwgs-1-2.1	1.0	38.0	612.0	3118.0	8357.0	13664.0	19886.0	23875.0	29504.0	33221.0	40074.0	45905.0	57228.0	70822.0	98442.0	138997.0	227764.0	357769.0	478874.0	595960.0	830847.0	1264079.0	2647900.0	5040240.0	297569.0
	12.0	13.0	14.0	15.0	16.0	17.0	18.0	19.0	20.0	21.0	22.0	23.0	24.0	25.0	26.0	27.0	28.0	29.0	30.0	31.0	32.0	33.0	34.0	35.0	36.0	37.0	38.0	39.0	40.0
Zdi-CDup_046-Ex1-10H-lcwgs-1-2.2	1.0	1.0	5.0	54.0	809.0	4195.0	10933.0	19168.0	27561.0	30594.0	34953.0	44971.0	83745.0	166934.0	325293.0	372546.0	424339.0	450567.0	503321.0	537557.0	559306.0	516802.0	563936.0	690570.0	952958.0	1324888.0	2126970.0	2486978.0	64791.0
	17.0	18.0	19.0	20.0	21.0	22.0	23.0	24.0	25.0	26.0	27.0	28.0	29.0	30.0	31.0	32.0	33.0	34.0	35.0	36.0	37.0	38.0	39.0	40.0
Zdi-CDup_047-Ex1-11A-lcwgs-1-2.1	23.0	483.0	3034.0	8169.0	12989.0	17912.0	21880.0	26695.0	30514.0	36510.0	42128.0	52484.0	66145.0	93310.0	135599.0	229627.0	386307.0	582662.0	709948.0	782565.0	850855.0	1236824.0	2016659.0	137802.0
	11.0	12.0	13.0	14.0	15.0	16.0	17.0	18.0	19.0	20.0	21.0	22.0	23.0	24.0	25.0	26.0	27.0	28.0	29.0	30.0	31.0	32.0	33.0	34.0	35.0	36.0	37.0	38.0	39.0	40.0
Zdi-CDup_047-Ex1-11A-lcwgs-1-2.2	1.0	1.0	2.0	6.0	53.0	666.0	3315.0	9084.0	15674.0	22450.0	23977.0	26758.0	31384.0	46398.0	73265.0	118064.0	150383.0	201306.0	263928.0	359820.0	427665.0	466875.0	423670.0	429928.0	484685.0	609055.0	767314.0	1186528.0	1307365.0	31504.0
	16.0	17.0	18.0	19.0	20.0	21.0	22.0	23.0	24.0	25.0	26.0	27.0	28.0	29.0	30.0	31.0	32.0	33.0	34.0	35.0	36.0	37.0	38.0	39.0	40.0
Zdi-CDup_050-Ex1-11D-lcwgs-1-2.1	1.0	11.0	198.0	922.0	2318.0	3864.0	5462.0	6510.0	7813.0	8483.0	9914.0	11172.0	14059.0	17239.0	24115.0	34226.0	55305.0	87097.0	126660.0	159388.0	207313.0	309832.0	693889.0	1474743.0	81177.0
	14.0	15.0	16.0	17.0	18.0	19.0	20.0	21.0	22.0	23.0	24.0	25.0	26.0	27.0	28.0	29.0	30.0	31.0	32.0	33.0	34.0	35.0	36.0	37.0	38.0	39.0	40.0
Zdi-CDup_050-Ex1-11D-lcwgs-1-2.2	2.0	17.0	233.0	1223.0	2975.0	4254.0	5316.0	5621.0	7143.0	11775.0	27705.0	66363.0	139605.0	157706.0	181837.0	190245.0	203882.0	203144.0	190042.0	156838.0	157031.0	181967.0	239570.0	306938.0	412208.0	474138.0	13933.0
	17.0	18.0	19.0	20.0	21.0	22.0	23.0	24.0	25.0	26.0	27.0	28.0	29.0	30.0	31.0	32.0	33.0	34.0	35.0	36.0	37.0	38.0	39.0	40.0
Zdi-CDup_051-Ex1-11E-lcwgs-1-2.1	7.0	127.0	595.0	1520.0	2483.0	3714.0	4532.0	5511.0	6022.0	7104.0	8052.0	10128.0	12475.0	17035.0	23878.0	38924.0	62392.0	91396.0	114790.0	148699.0	213064.0	451202.0	976433.0	57902.0
	14.0	15.0	16.0	17.0	18.0	19.0	20.0	21.0	22.0	23.0	24.0	25.0	26.0	27.0	28.0	29.0	30.0	31.0	32.0	33.0	34.0	35.0	36.0	37.0	38.0	39.0	40.0
Zdi-CDup_051-Ex1-11E-lcwgs-1-2.2	1.0	11.0	205.0	984.0	2263.0	3218.0	4124.0	4440.0	5395.0	9047.0	23800.0	55160.0	101034.0	120177.0	136073.0	142601.0	154650.0	150654.0	130438.0	105105.0	104584.0	114757.0	142297.0	176509.0	255335.0	306386.0	8737.0
	17.0	18.0	19.0	20.0	21.0	22.0	23.0	24.0	25.0	26.0	27.0	28.0	29.0	30.0	31.0	32.0	33.0	34.0	35.0	36.0	37.0	38.0	39.0	40.0
Zdi-CDup_054-Ex1-11G-lcwgs-1-2.1	34.0	509.0	2242.0	5452.0	8809.0	12832.0	15991.0	18811.0	19979.0	22373.0	25438.0	31537.0	39738.0	55910.0	79759.0	131826.0	215810.0	305274.0	359865.0	452043.0	715154.0	1944909.0	4795356.0	257896.0
	14.0	15.0	16.0	17.0	18.0	19.0	20.0	21.0	22.0	23.0	24.0	25.0	26.0	27.0	28.0	29.0	30.0	31.0	32.0	33.0	34.0	35.0	36.0	37.0	38.0	39.0	40.0
Zdi-CDup_054-Ex1-11G-lcwgs-1-2.2	3.0	49.0	748.0	3230.0	6600.0	8337.0	9509.0	10112.0	15660.0	38023.0	124636.0	307428.0	596722.0	690508.0	765019.0	758532.0	769127.0	706883.0	586894.0	432926.0	400064.0	444883.0	562813.0	671080.0	750413.0	826391.0	30957.0
	16.0	17.0	18.0	19.0	20.0	21.0	22.0	23.0	24.0	25.0	26.0	27.0	28.0	29.0	30.0	31.0	32.0	33.0	34.0	35.0	36.0	37.0	38.0	39.0	40.0
Zdi-CDup_056-Ex1-12A-lcwgs-1-2.1	6.0	178.0	2660.0	12834.0	30904.0	46373.0	62894.0	75717.0	90383.0	101576.0	118714.0	133325.0	159366.0	186523.0	241894.0	311561.0	455860.0	638667.0	893781.0	1264127.0	1981995.0	3357178.0	7294016.0	13361406.0	916026.0
	11.0	12.0	13.0	14.0	15.0	16.0	17.0	18.0	19.0	20.0	21.0	22.0	23.0	24.0	25.0	26.0	27.0	28.0	29.0	30.0	31.0	32.0	33.0	34.0	35.0	36.0	37.0	38.0	39.0	40.0
Zdi-CDup_056-Ex1-12A-lcwgs-1-2.2	2.0	1.0	3.0	10.0	169.0	2800.0	14669.0	38252.0	64338.0	89750.0	97119.0	104881.0	125830.0	216199.0	395421.0	685749.0	786763.0	867862.0	862864.0	896931.0	909311.0	942620.0	949303.0	1137106.0	1469156.0	2162635.0	3263755.0	6216492.0	9162000.0	275973.0
	16.0	17.0	18.0	19.0	20.0	21.0	22.0	23.0	24.0	25.0	26.0	27.0	28.0	29.0	30.0	31.0	32.0	33.0	34.0	35.0	36.0	37.0	38.0	39.0	40.0
Zdi-CDup_057-Ex1-12B-lcwgs-1-2.1	10.0	345.0	3937.0	15191.0	35323.0	55110.0	74774.0	88234.0	101268.0	108840.0	123973.0	139741.0	172296.0	208563.0	283076.0	385982.0	616954.0	883023.0	1154252.0	1547802.0	2401681.0	4359722.0	11804030.0	19134803.0	688224.0
	11.0	12.0	13.0	14.0	15.0	16.0	17.0	18.0	19.0	20.0	21.0	22.0	23.0	24.0	25.0	26.0	27.0	28.0	29.0	30.0	31.0	32.0	33.0	34.0	35.0	36.0	37.0	38.0	39.0	40.0
Zdi-CDup_057-Ex1-12B-lcwgs-1-2.2	1.0	3.0	3.0	15.0	194.0	3006.0	16080.0	37641.0	55101.0	70013.0	76514.0	97533.0	168213.0	422112.0	981279.0	2088791.0	2353137.0	2558898.0	2453758.0	2365329.0	2197007.0	2011375.0	1709629.0	1798312.0	2221326.0	3082756.0	4134208.0	5796427.0	7429545.0	258948.0
	16.0	17.0	18.0	19.0	20.0	21.0	22.0	23.0	24.0	25.0	26.0	27.0	28.0	29.0	30.0	31.0	32.0	33.0	34.0	35.0	36.0	37.0	38.0	39.0	40.0
Zdi-CDup_058-Ex1-12C-lcwgs-1-2.1	1.0	63.0	837.0	3252.0	7825.0	12028.0	16650.0	19512.0	23023.0	25239.0	29828.0	34214.0	43642.0	55604.0	80688.0	120592.0	216474.0	328649.0	391948.0	457134.0	592705.0	925157.0	2234678.0	3457094.0	131713.0
	13.0	14.0	15.0	16.0	17.0	18.0	19.0	20.0	21.0	22.0	23.0	24.0	25.0	26.0	27.0	28.0	29.0	30.0	31.0	32.0	33.0	34.0	35.0	36.0	37.0	38.0	39.0	40.0
Zdi-CDup_058-Ex1-12C-lcwgs-1-2.2	1.0	1.0	46.0	636.0	3233.0	8005.0	12468.0	15660.0	17083.0	21739.0	39044.0	105133.0	236099.0	429013.0	495969.0	542457.0	531491.0	542204.0	527412.0	500501.0	423233.0	424887.0	493372.0	635944.0	793021.0	1088647.0	1280456.0	40795.0
	15.0	16.0	17.0	18.0	19.0	20.0	21.0	22.0	23.0	24.0	25.0	26.0	27.0	28.0	29.0	30.0	31.0	32.0	33.0	34.0	35.0	36.0	37.0	38.0	39.0	40.0
Zdi-CDup_059-Ex1-12D-lcwgs-1-2.1	2.0	15.0	689.0	6986.0	25369.0	55864.0	84418.0	113747.0	129939.0	146497.0	151773.0	169641.0	188517.0	229055.0	272092.0	357935.0	463690.0	661861.0	906858.0	1309130.0	1924672.0	3328839.0	6597191.0	18745571.0	29620357.0	883764.0
	12.0	13.0	14.0	15.0	16.0	17.0	18.0	19.0	20.0	21.0	22.0	23.0	24.0	25.0	26.0	27.0	28.0	29.0	30.0	31.0	32.0	33.0	34.0	35.0	36.0	37.0	38.0	39.0	40.0
Zdi-CDup_059-Ex1-12D-lcwgs-1-2.2	1.0	7.0	19.0	305.0	5128.0	25613.0	57751.0	81807.0	98560.0	106858.0	137819.0	250226.0	651369.0	1579298.0	3439460.0	3854118.0	4193604.0	3976716.0	3731864.0	3351706.0	2936696.0	2455532.0	2623123.0	3260861.0	4528852.0	6029063.0	8115257.0	10522125.0	360734.0
	16.0	17.0	18.0	19.0	20.0	21.0	22.0	23.0	24.0	25.0	26.0	27.0	28.0	29.0	30.0	31.0	32.0	33.0	34.0	35.0	36.0	37.0	38.0	39.0	40.0
Zdi-CDup_060-Ex1-12E-lcwgs-1-2.1	1.0	34.0	360.0	1600.0	3623.0	5484.0	7280.0	8680.0	10070.0	11038.0	12707.0	14416.0	18329.0	22598.0	31640.0	44958.0	74506.0	108490.0	138250.0	177062.0	248005.0	403632.0	913712.0	1350142.0	59970.0
	14.0	15.0	16.0	17.0	18.0	19.0	20.0	21.0	22.0	23.0	24.0	25.0	26.0	27.0	28.0	29.0	30.0	31.0	32.0	33.0	34.0	35.0	36.0	37.0	38.0	39.0	40.0
Zdi-CDup_060-Ex1-12E-lcwgs-1-2.2	1.0	22.0	308.0	1488.0	3855.0	6233.0	7722.0	8226.0	9714.0	14287.0	34151.0	77671.0	143029.0	168819.0	188813.0	192415.0	207385.0	203376.0	184677.0	158526.0	165155.0	188185.0	243449.0	314345.0	488453.0	636797.0	19485.0
	16.0	17.0	18.0	19.0	20.0	21.0	22.0	23.0	24.0	25.0	26.0	27.0	28.0	29.0	30.0	31.0	32.0	33.0	34.0	35.0	36.0	37.0	38.0	39.0	40.0
Zdi-CDup_061-Ex1-12F-lcwgs-1-2.1	4.0	137.0	1533.0	6403.0	14999.0	23095.0	31711.0	37713.0	43751.0	47934.0	56266.0	64725.0	82019.0	104396.0	149604.0	223141.0	403679.0	607936.0	717208.0	850804.0	1125286.0	1786208.0	4408113.0	7106571.0	274937.0
	13.0	14.0	15.0	16.0	17.0	18.0	19.0	20.0	21.0	22.0	23.0	24.0	25.0	26.0	27.0	28.0	29.0	30.0	31.0	32.0	33.0	34.0	35.0	36.0	37.0	38.0	39.0	40.0
Zdi-CDup_061-Ex1-12F-lcwgs-1-2.2	6.0	5.0	71.0	1357.0	6495.0	15484.0	23528.0	28772.0	30992.0	37514.0	61880.0	149768.0	359535.0	780831.0	891511.0	1008378.0	1029325.0	1074563.0	1057663.0	1003846.0	841276.0	832642.0	963843.0	1276677.0	1648269.0	2236607.0	2717780.0	89555.0
	16.0	17.0	18.0	19.0	20.0	21.0	22.0	23.0	24.0	25.0	26.0	27.0	28.0	29.0	30.0	31.0	32.0	33.0	34.0	35.0	36.0	37.0	38.0	39.0	40.0
Zdi-CDup_062-Ex1-12G-lcwgs-1-2.1	2.0	32.0	417.0	1593.0	3481.0	5369.0	7333.0	8426.0	9901.0	10943.0	12529.0	14602.0	18588.0	23033.0	33033.0	47878.0	81556.0	120124.0	148638.0	186169.0	258354.0	430137.0	1017952.0	1468704.0	56755.0
	15.0	16.0	17.0	18.0	19.0	20.0	21.0	22.0	23.0	24.0	25.0	26.0	27.0	28.0	29.0	30.0	31.0	32.0	33.0	34.0	35.0	36.0	37.0	38.0	39.0	40.0
Zdi-CDup_062-Ex1-12G-lcwgs-1-2.2	20.0	294.0	1415.0	3670.0	5717.0	7232.0	7558.0	8967.0	14684.0	36406.0	84790.0	166497.0	196047.0	219099.0	224175.0	238741.0	234981.0	214520.0	177568.0	179408.0	205167.0	264762.0	339833.0	487547.0	625817.0	20634.0
	16.0	17.0	18.0	19.0	20.0	21.0	22.0	23.0	24.0	25.0	26.0	27.0	28.0	29.0	30.0	31.0	32.0	33.0	34.0	35.0	36.0	37.0	38.0	39.0	40.0
Zdi-CDup_064-Ex1-5A-lcwgs-1-2.1	3.0	102.0	1624.0	9553.0	24643.0	35540.0	47366.0	56535.0	68467.0	77621.0	90914.0	101914.0	123200.0	143352.0	181705.0	231964.0	331130.0	464872.0	675207.0	1010203.0	1606591.0	2590485.0	4991552.0	9892986.0	932009.0
	13.0	14.0	15.0	16.0	17.0	18.0	19.0	20.0	21.0	22.0	23.0	24.0	25.0	26.0	27.0	28.0	29.0	30.0	31.0	32.0	33.0	34.0	35.0	36.0	37.0	38.0	39.0	40.0
Zdi-CDup_064-Ex1-5A-lcwgs-1-2.2	4.0	5.0	92.0	1229.0	6860.0	21633.0	43125.0	65704.0	72083.0	74506.0	77737.0	94802.0	121879.0	170001.0	198363.0	239340.0	274684.0	349244.0	428443.0	540881.0	633942.0	821073.0	1086735.0	1642285.0	2607216.0	5354518.0	8484362.0	278792.0
	16.0	17.0	18.0	19.0	20.0	21.0	22.0	23.0	24.0	25.0	26.0	27.0	28.0	29.0	30.0	31.0	32.0	33.0	34.0	35.0	36.0	37.0	38.0	39.0	40.0
Zdi-CDup_065-Ex1-5B-lcwgs-1-2.1	1.0	105.0	1711.0	9153.0	23596.0	36130.0	48644.0	57760.0	69663.0	78531.0	92255.0	103161.0	124327.0	148716.0	193840.0	259428.0	405874.0	599840.0	840026.0	1218777.0	1814616.0	2717087.0	5495341.0	8916594.0	734706.0
	11.0	12.0	13.0	14.0	15.0	16.0	17.0	18.0	19.0	20.0	21.0	22.0	23.0	24.0	25.0	26.0	27.0	28.0	29.0	30.0	31.0	32.0	33.0	34.0	35.0	36.0	37.0	38.0	39.0	40.0
Zdi-CDup_065-Ex1-5B-lcwgs-1-2.2	2.0	0.0	5.0	12.0	82.0	1286.0	6564.0	20335.0	38811.0	57147.0	63023.0	69740.0	82776.0	129949.0	230962.0	435932.0	497842.0	569205.0	600487.0	675803.0	759675.0	866595.0	881302.0	1011445.0	1266005.0	1807612.0	2620785.0	4586730.0	6488418.0	221352.0
	16.0	17.0	18.0	19.0	20.0	21.0	22.0	23.0	24.0	25.0	26.0	27.0	28.0	29.0	30.0	31.0	32.0	33.0	34.0	35.0	36.0	37.0	38.0	39.0	40.0
Zdi-CDup_066-Ex1-5C-lcwgs-1-2.1	2.0	258.0	3848.0	17825.0	43893.0	68823.0	92472.0	110277.0	132255.0	146588.0	172254.0	193796.0	236171.0	283681.0	382479.0	529477.0	892478.0	1293847.0	1613611.0	2132093.0	3077140.0	4901798.0	12729112.0	17142720.0	888539.0
	12.0	13.0	14.0	15.0	16.0	17.0	18.0	19.0	20.0	21.0	22.0	23.0	24.0	25.0	26.0	27.0	28.0	29.0	30.0	31.0	32.0	33.0	34.0	35.0	36.0	37.0	38.0	39.0	40.0
Zdi-CDup_066-Ex1-5C-lcwgs-1-2.2	3.0	4.0	19.0	296.0	4440.0	21095.0	50641.0	77820.0	100983.0	108845.0	132227.0	211290.0	507978.0	1079147.0	1973779.0	2264049.0	2467328.0	2386733.0	2380613.0	2291147.0	2210310.0	1952852.0	2071151.0	2469840.0	3313737.0	4367773.0	6422190.0	7966157.0	252990.0
	16.0	17.0	18.0	19.0	20.0	21.0	22.0	23.0	24.0	25.0	26.0	27.0	28.0	29.0	30.0	31.0	32.0	33.0	34.0	35.0	36.0	37.0	38.0	39.0	40.0
Zdi-CDup_071-Ex1-12H-lcwgs-1-2.1	1.0	33.0	449.0	1805.0	4371.0	6397.0	8957.0	10498.0	12491.0	13632.0	15835.0	18020.0	22338.0	27551.0	38145.0	54553.0	89771.0	131449.0	168700.0	220067.0	314271.0	509346.0	1146046.0	1818588.0	90347.0
	14.0	15.0	16.0	17.0	18.0	19.0	20.0	21.0	22.0	23.0	24.0	25.0	26.0	27.0	28.0	29.0	30.0	31.0	32.0	33.0	34.0	35.0	36.0	37.0	38.0	39.0	40.0
Zdi-CDup_071-Ex1-12H-lcwgs-1-2.2	3.0	23.0	366.0	1871.0	4819.0	7345.0	9573.0	10083.0	11594.0	16213.0	33322.0	73484.0	159393.0	182092.0	202354.0	205650.0	215269.0	219408.0	217784.0	193580.0	206160.0	251707.0	347438.0	473237.0	722357.0	927106.0	31430.0

