Sample	32	37	42	47	52	57	62	67	72	77	82	87	92	97	102	107	112	117	122	127	132	137	142	147	150
Zdi-ADup_001-Ex1-11B-lcwgs-1-2.clmp.r1	6205.0	29739.0	55309.0	86481.0	115277.0	139961.0	160045.0	174761.0	186111.0	190258.0	190058.0	185809.0	178798.0	168088.0	155487.0	142412.0	128580.0	115381.0	103272.0	91230.0	80731.0	72912.0	64672.0	90912.0	319292.0
Zdi-ADup_001-Ex1-11B-lcwgs-1-2.clmp.r2	6207.0	29666.0	55263.0	86433.0	115296.0	139825.0	159882.0	174367.0	185622.0	189664.0	189460.0	185241.0	178153.0	167191.0	154770.0	141694.0	127846.0	114817.0	102915.0	90948.0	80697.0	73203.0	65279.0	85896.0	331446.0
Zdi-ADup_002-Ex1-9G-lcwgs-1-2.clmp.r1	1631.0	7576.0	13793.0	20509.0	26150.0	30008.0	32354.0	33342.0	32440.0	31394.0	29646.0	27014.0	24149.0	21396.0	18468.0	16033.0	13374.0	11467.0	9555.0	8028.0	6713.0	5519.0	4586.0	5692.0	14856.0
Zdi-ADup_002-Ex1-9G-lcwgs-1-2.clmp.r2	1647.0	7570.0	13764.0	20538.0	26215.0	29949.0	32288.0	33236.0	32351.0	31327.0	29544.0	26898.0	24083.0	21308.0	18356.0	15950.0	13333.0	11398.0	9515.0	8035.0	6718.0	5589.0	4632.0	5700.0	15749.0
Zdi-ADup_003-Ex1-9H-lcwgs-1-2.clmp.r1	3814.0	17417.0	30209.0	44641.0	56527.0	65174.0	69990.0	72806.0	72986.0	70706.0	66731.0	62159.0	56811.0	50812.0	44712.0	38765.0	33165.0	28434.0	24052.0	20322.0	17175.0	14536.0	12374.0	14844.0	42307.0
Zdi-ADup_003-Ex1-9H-lcwgs-1-2.clmp.r2	3818.0	17373.0	30167.0	44584.0	56489.0	65181.0	69870.0	72715.0	72828.0	70566.0	66573.0	61960.0	56565.0	50643.0	44435.0	38564.0	32991.0	28313.0	23987.0	20285.0	17200.0	14424.0	12533.0	14821.0	44584.0
Zdi-ADup_004-Ex1-10A-lcwgs-1-2.clmp.r1	3250.0	16394.0	30677.0	47931.0	63512.0	76083.0	84191.0	90917.0	94909.0	97230.0	97687.0	95389.0	93509.0	88994.0	84361.0	78258.0	73208.0	67642.0	61484.0	55669.0	50085.0	45917.0	41194.0	58984.0	201201.0
Zdi-ADup_004-Ex1-10A-lcwgs-1-2.clmp.r2	3265.0	16361.0	30658.0	47797.0	63421.0	76054.0	84125.0	90865.0	94747.0	96879.0	97318.0	95013.0	93134.0	88509.0	83917.0	77806.0	72864.0	67348.0	61294.0	55493.0	49959.0	45857.0	41501.0	54450.0	210041.0
Zdi-ADup_005-Ex1-10B-lcwgs-1-2.clmp.r1	2345.0	10119.0	17461.0	24580.0	30770.0	35018.0	37479.0	39148.0	39430.0	38436.0	37080.0	34496.0	31821.0	28217.0	25357.0	21938.0	19287.0	16392.0	14104.0	12215.0	10423.0	8775.0	7285.0	9622.0	27727.0
Zdi-ADup_005-Ex1-10B-lcwgs-1-2.clmp.r2	2332.0	10105.0	17427.0	24610.0	30735.0	34984.0	37439.0	39052.0	39327.0	38305.0	36940.0	34405.0	31702.0	28143.0	25248.0	21838.0	19210.0	16316.0	14073.0	12177.0	10424.0	8809.0	7369.0	9238.0	29317.0
Zdi-ADup_006-Ex1-10C-lcwgs-1-2.clmp.r1	1665.0	7568.0	13072.0	19797.0	25737.0	31029.0	35286.0	38407.0	40188.0	41530.0	41522.0	40520.0	39170.0	36644.0	34160.0	31141.0	28386.0	25218.0	22672.0	20209.0	17767.0	15703.0	14188.0	21920.0	83650.0
Zdi-ADup_006-Ex1-10C-lcwgs-1-2.clmp.r2	1655.0	7556.0	13038.0	19848.0	25717.0	31004.0	35257.0	38283.0	40175.0	41351.0	41407.0	40432.0	38987.0	36470.0	34026.0	30960.0	28229.0	25146.0	22633.0	20100.0	17692.0	15731.0	14346.0	19894.0	87212.0
Zdi-ADup_007-Ex1-10D-lcwgs-1-2.clmp.r1	3762.0	15356.0	22962.0	31140.0	37874.0	42944.0	45536.0	46630.0	46378.0	45311.0	42341.0	38875.0	34392.0	30839.0	27063.0	23412.0	20030.0	16666.0	13977.0	11845.0	9821.0	8447.0	7040.0	8585.0	23415.0
Zdi-ADup_007-Ex1-10D-lcwgs-1-2.clmp.r2	3761.0	15343.0	22905.0	31137.0	37805.0	42913.0	45443.0	46510.0	46245.0	45169.0	42180.0	38697.0	34183.0	30636.0	26885.0	23270.0	19950.0	16576.0	13890.0	11809.0	9851.0	8489.0	7174.0	8845.0	24975.0
Zdi-ADup_008-Ex1-10E-lcwgs-1-2.clmp.r1	16.0	79.0	145.0	204.0	227.0	295.0	304.0	351.0	308.0	280.0	269.0	268.0	228.0	203.0	163.0	160.0	115.0	114.0	101.0	53.0	59.0	48.0	37.0	50.0	137.0
Zdi-ADup_008-Ex1-10E-lcwgs-1-2.clmp.r2	16.0	78.0	143.0	206.0	231.0	296.0	301.0	346.0	306.0	277.0	274.0	269.0	224.0	206.0	165.0	156.0	113.0	112.0	101.0	52.0	61.0	49.0	36.0	45.0	151.0
Zdi-ADup_009-Ex1-10F-lcwgs-1-2.clmp.r1	41417.0	189626.0	319750.0	450377.0	547489.0	608506.0	644564.0	652903.0	641351.0	609815.0	566775.0	518820.0	463831.0	407512.0	352139.0	301437.0	256842.0	216805.0	182824.0	152982.0	128731.0	107583.0	90010.0	108631.0	295023.0
Zdi-ADup_009-Ex1-10F-lcwgs-1-2.clmp.r2	41300.0	189335.0	319489.0	450146.0	546921.0	608239.0	643968.0	651981.0	639852.0	608348.0	564929.0	517146.0	461999.0	405718.0	350379.0	299865.0	255305.0	215700.0	182023.0	152588.0	128516.0	108247.0	91930.0	109756.0	312063.0
Zdi-ADup_010-Ex1-10G-lcwgs-1-2.clmp.r1	18086.0	71607.0	106587.0	140876.0	165581.0	180595.0	187686.0	187446.0	181684.0	172084.0	159394.0	142956.0	127930.0	112342.0	96227.0	82243.0	69416.0	58288.0	48750.0	41133.0	33775.0	28294.0	23802.0	29422.0	77215.0
Zdi-ADup_010-Ex1-10G-lcwgs-1-2.clmp.r2	18060.0	71467.0	106452.0	140725.0	165496.0	180563.0	187365.0	186990.0	181343.0	171598.0	158828.0	142406.0	127476.0	111831.0	95608.0	81781.0	69043.0	58034.0	48625.0	41067.0	33874.0	28584.0	24231.0	29953.0	82019.0
Zdi-ADup_011-Ex1-10H-lcwgs-1-2.clmp.r1	1154.0	4747.0	8086.0	11427.0	14907.0	16991.0	18582.0	19484.0	19391.0	18671.0	17291.0	15611.0	14214.0	12257.0	10553.0	9054.0	7604.0	6334.0	5414.0	4407.0	3704.0	3148.0	2706.0	3273.0	9628.0
Zdi-ADup_011-Ex1-10H-lcwgs-1-2.clmp.r2	1142.0	4711.0	8068.0	11418.0	14889.0	16972.0	18622.0	19410.0	19361.0	18620.0	17241.0	15592.0	14140.0	12234.0	10495.0	8979.0	7574.0	6294.0	5395.0	4418.0	3714.0	3169.0	2760.0	3272.0	10148.0
Zdi-ADup_012-Ex1-11A-lcwgs-1-2.clmp.r1	3722.0	14443.0	24026.0	32902.0	44050.0	55495.0	66375.0	77522.0	85814.0	93228.0	98323.0	101141.0	103766.0	104892.0	104432.0	102768.0	101515.0	99962.0	97777.0	96018.0	93860.0	93704.0	95195.0	225805.0	1431146.0
Zdi-ADup_012-Ex1-11A-lcwgs-1-2.clmp.r2	3715.0	14439.0	23997.0	32816.0	43960.0	55399.0	66291.0	77375.0	85662.0	92987.0	98043.0	100794.0	103129.0	104223.0	103639.0	102027.0	100735.0	99185.0	97083.0	95538.0	93613.0	93532.0	96432.0	211067.0	1452200.0
Zdi-ADup_013-Ex1-12F-lcwgs-1-2.clmp.r1	1983.0	8901.0	15125.0	21115.0	26425.0	29687.0	32612.0	33675.0	33640.0	32192.0	30921.0	28630.0	26497.0	24248.0	21170.0	18661.0	16810.0	14876.0	13229.0	11681.0	10117.0	8994.0	8177.0	12373.0	52541.0
Zdi-ADup_013-Ex1-12F-lcwgs-1-2.clmp.r2	1979.0	8880.0	15123.0	21111.0	26381.0	29663.0	32567.0	33615.0	33614.0	32138.0	30835.0	28532.0	26382.0	24149.0	21034.0	18573.0	16734.0	14797.0	13209.0	11673.0	10084.0	9022.0	8340.0	11591.0	54254.0
Zdi-ADup_014-Ex1-11C-lcwgs-1-2.clmp.r1	5473.0	22082.0	33973.0	46643.0	57114.0	64068.0	69130.0	72677.0	73664.0	72401.0	70512.0	67119.0	62515.0	57252.0	51937.0	46306.0	41890.0	36633.0	32512.0	28607.0	24989.0	22343.0	19536.0	27694.0	97919.0
Zdi-ADup_014-Ex1-11C-lcwgs-1-2.clmp.r2	5458.0	22103.0	33982.0	46596.0	57056.0	63999.0	69035.0	72616.0	73549.0	72217.0	70271.0	66906.0	62212.0	57006.0	51661.0	46043.0	41637.0	36500.0	32341.0	28516.0	24924.0	22309.0	19727.0	26964.0	101361.0
Zdi-ADup_015-Ex1-11D-lcwgs-1-2.clmp.r1	2492.0	10127.0	15484.0	20662.0	25396.0	28606.0	30932.0	31881.0	32738.0	32247.0	31892.0	29858.0	28472.0	26122.0	23972.0	21439.0	19005.0	17023.0	14539.0	12739.0	11285.0	9921.0	8526.0	11178.0	34940.0
Zdi-ADup_015-Ex1-11D-lcwgs-1-2.clmp.r2	2496.0	10083.0	15446.0	20656.0	25420.0	28583.0	30867.0	31801.0	32669.0	32184.0	31797.0	29777.0	28340.0	25997.0	23834.0	21336.0	18938.0	16977.0	14492.0	12718.0	11258.0	9866.0	8613.0	10846.0	36482.0
Zdi-ADup_016-Ex1-11E-lcwgs-1-2.clmp.r1	980.0	5480.0	10677.0	17193.0	23435.0	28143.0	31723.0	34114.0	34881.0	34226.0	32882.0	30821.0	28292.0	25791.0	22932.0	20329.0	17843.0	15650.0	13639.0	11594.0	10111.0	8634.0	7519.0	10013.0	31282.0
Zdi-ADup_016-Ex1-11E-lcwgs-1-2.clmp.r2	986.0	5475.0	10629.0	17166.0	23457.0	28181.0	31675.0	34035.0	34767.0	34060.0	32751.0	30776.0	28194.0	25657.0	22817.0	20239.0	17778.0	15530.0	13575.0	11537.0	10081.0	8638.0	7616.0	9762.0	32802.0
Zdi-ADup_017-Ex1-11F-lcwgs-1-2.clmp.r1	3790.0	16460.0	28287.0	40949.0	51616.0	59784.0	64741.0	67775.0	67172.0	65119.0	61494.0	56391.0	50887.0	45045.0	38620.0	33149.0	28363.0	24298.0	20286.0	17118.0	14310.0	11894.0	10132.0	11987.0	33024.0
Zdi-ADup_017-Ex1-11F-lcwgs-1-2.clmp.r2	3786.0	16456.0	28274.0	40943.0	51563.0	59712.0	64772.0	67629.0	67071.0	64975.0	61358.0	56285.0	50703.0	44899.0	38418.0	33045.0	28187.0	24177.0	20217.0	17106.0	14312.0	11981.0	10308.0	11879.0	34635.0
Zdi-ADup_018-Ex1-11G-lcwgs-1-2.clmp.r1	5482.0	23357.0	39994.0	58208.0	74992.0	87677.0	98580.0	105710.0	108979.0	108916.0	105368.0	98944.0	92098.0	83744.0	73552.0	65503.0	57261.0	49998.0	42951.0	36642.0	31719.0	27997.0	23748.0	31548.0	106421.0
Zdi-ADup_018-Ex1-11G-lcwgs-1-2.clmp.r2	5487.0	23385.0	39863.0	58080.0	74951.0	87601.0	98510.0	105534.0	108899.0	108443.0	105006.0	98674.0	91755.0	83344.0	73246.0	65246.0	56925.0	49821.0	42781.0	36545.0	31762.0	28186.0	24116.0	30706.0	110523.0
Zdi-ADup_019-Ex1-11H-lcwgs-1-2.clmp.r1	1623.0	7789.0	15048.0	23504.0	30755.0	36609.0	40479.0	42933.0	43288.0	42288.0	39695.0	36518.0	32769.0	28635.0	24672.0	20868.0	17971.0	14970.0	12511.0	10596.0	8926.0	7518.0	6216.0	7236.0	20816.0
Zdi-ADup_019-Ex1-11H-lcwgs-1-2.clmp.r2	1613.0	7810.0	15024.0	23453.0	30716.0	36667.0	40427.0	42843.0	43208.0	42200.0	39576.0	36444.0	32652.0	28443.0	24631.0	20766.0	17831.0	14901.0	12525.0	10533.0	8878.0	7552.0	6332.0	7343.0	21865.0
Zdi-ADup_020-Ex1-12A-lcwgs-1-2.clmp.r1	34066.0	181281.0	382913.0	656390.0	945044.0	1218464.0	1431926.0	1583928.0	1660467.0	1688691.0	1661483.0	1600609.0	1512866.0	1399733.0	1270997.0	1139190.0	1013901.0	886481.0	772315.0	664047.0	572832.0	498310.0	429584.0	549189.0	1618055.0
Zdi-ADup_020-Ex1-12A-lcwgs-1-2.clmp.r2	34139.0	181419.0	382558.0	655802.0	943817.0	1217248.0	1430035.0	1580542.0	1656008.0	1682419.0	1654714.0	1594188.0	1505723.0	1393240.0	1264330.0	1132938.0	1008648.0	882159.0	769329.0	661886.0	571368.0	498109.0	434645.0	533831.0	1703667.0
Zdi-ADup_021-Ex1-12B-lcwgs-1-2.clmp.r1	751725.0	3597608.0	6162211.0	8681294.0	10600849.0	11929717.0	12800774.0	13344637.0	13601568.0	13650185.0	13500149.0	13225221.0	12853856.0	12343029.0	11730509.0	11063388.0	10460706.0	9831771.0	9214506.0	8617809.0	8038655.0	7579382.0	6983121.0	9834919.0	32797262.0
Zdi-ADup_021-Ex1-12B-lcwgs-1-2.clmp.r2	752690.0	3599588.0	6156366.0	8664395.0	10578785.0	11897348.0	12746425.0	13267817.0	13499037.0	13522949.0	13356323.0	13077728.0	12700522.0	12200120.0	11597330.0	10952891.0	10359780.0	9739416.0	9152681.0	8585251.0	8039885.0	7635467.0	7100918.0	9627139.0	34384000.0
Zdi-ADup_022-Ex1-12C-lcwgs-1-2.clmp.r1	2108.0	9108.0	15338.0	21912.0	27428.0	31989.0	34428.0	36175.0	36022.0	35516.0	33598.0	31327.0	28871.0	26123.0	23112.0	20361.0	17663.0	15363.0	13134.0	11381.0	9668.0	8169.0	7095.0	9231.0	28830.0
Zdi-ADup_022-Ex1-12C-lcwgs-1-2.clmp.r2	2115.0	9068.0	15343.0	21901.0	27421.0	31966.0	34335.0	36149.0	35941.0	35445.0	33558.0	31184.0	28701.0	26031.0	22979.0	20264.0	17593.0	15251.0	13061.0	11374.0	9646.0	8225.0	7241.0	9111.0	30047.0
Zdi-ADup_023-Ex1-12D-lcwgs-1-2.clmp.r1	1446.0	5962.0	9827.0	13959.0	17415.0	19883.0	21292.0	22266.0	22552.0	21971.0	21079.0	19315.0	17688.0	16223.0	14210.0	12433.0	10665.0	9360.0	8046.0	6885.0	5752.0	4892.0	4078.0	5281.0	16006.0
Zdi-ADup_023-Ex1-12D-lcwgs-1-2.clmp.r2	1442.0	5950.0	9817.0	13992.0	17422.0	19842.0	21259.0	22248.0	22507.0	21864.0	20960.0	19257.0	17639.0	16135.0	14166.0	12388.0	10612.0	9330.0	8035.0	6868.0	5718.0	4913.0	4131.0	5321.0	16670.0
Zdi-ADup_024-Ex1-12E-lcwgs-1-2.clmp.r1	3790.0	16148.0	25788.0	35789.0	43419.0	46790.0	48393.0	47091.0	43917.0	39840.0	35036.0	30787.0	26434.0	22011.0	18647.0	15480.0	13126.0	10963.0	9219.0	7888.0	6575.0	6014.0	5236.0	8036.0	34396.0
Zdi-ADup_024-Ex1-12E-lcwgs-1-2.clmp.r2	3800.0	16120.0	25772.0	35711.0	43400.0	46759.0	48296.0	47004.0	43830.0	39730.0	34939.0	30707.0	26353.0	21935.0	18568.0	15430.0	13055.0	10901.0	9202.0	7857.0	6556.0	6033.0	5337.0	8122.0	35396.0
Zdi-ADup_025-Ex1-2A-lcwgs-1-2.clmp.r1	62073.0	323062.0	613376.0	911867.0	1131985.0	1248730.0	1265267.0	1228656.0	1149122.0	1034899.0	911731.0	782027.0	659009.0	542982.0	442645.0	354852.0	283189.0	224697.0	176293.0	137406.0	108308.0	86626.0	67387.0	76227.0	163829.0
Zdi-ADup_025-Ex1-2A-lcwgs-1-2.clmp.r2	61928.0	322967.0	613104.0	911489.0	1131489.0	1248084.0	1264131.0	1226226.0	1144990.0	1030460.0	906740.0	777598.0	654600.0	539549.0	439742.0	352499.0	280847.0	223011.0	175564.0	137027.0	108377.0	88920.0	71279.0	91702.0	183922.0
Zdi-ADup_026-Ex1-12G-lcwgs-1-2.clmp.r1	3105.0	13044.0	21371.0	28960.0	35458.0	39322.0	40804.0	40761.0	38864.0	35536.0	31923.0	27453.0	23693.0	19321.0	15916.0	12855.0	10291.0	8242.0	6510.0	5211.0	4123.0	3386.0	2659.0	3331.0	9100.0
Zdi-ADup_026-Ex1-12G-lcwgs-1-2.clmp.r2	3108.0	13014.0	21254.0	28947.0	35436.0	39295.0	40759.0	40661.0	38781.0	35472.0	31855.0	27404.0	23569.0	19265.0	15856.0	12817.0	10248.0	8199.0	6512.0	5215.0	4133.0	3468.0	2739.0	3521.0	9711.0
Zdi-ADup_027-Ex1-12H-lcwgs-1-2.clmp.r1	20137.0	85595.0	140751.0	201715.0	257750.0	300498.0	330398.0	347010.0	349307.0	335917.0	313676.0	283342.0	249510.0	214792.0	180169.0	147675.0	120986.0	97848.0	77054.0	60561.0	47410.0	37050.0	28637.0	28554.0	61257.0
Zdi-ADup_027-Ex1-12H-lcwgs-1-2.clmp.r2	20144.0	85380.0	140651.0	201487.0	257341.0	300088.0	329663.0	346508.0	348634.0	335095.0	312906.0	282570.0	248552.0	213998.0	179353.0	147103.0	120490.0	97417.0	76756.0	60469.0	47481.0	37318.0	29458.0	32535.0	66202.0
Zdi-ADup_028-Ex1-9F-lcwgs-1-2.clmp.r1	2119.0	9126.0	14777.0	20142.0	23733.0	25955.0	26349.0	26300.0	25233.0	23568.0	21545.0	19314.0	17140.0	14918.0	12653.0	10845.0	9021.0	7880.0	6487.0	5426.0	4553.0	3741.0	3191.0	3763.0	10448.0
Zdi-ADup_028-Ex1-9F-lcwgs-1-2.clmp.r2	2105.0	9131.0	14784.0	20070.0	23717.0	25995.0	26368.0	26264.0	25157.0	23489.0	21478.0	19229.0	16994.0	14843.0	12605.0	10778.0	8966.0	7849.0	6449.0	5417.0	4558.0	3787.0	3308.0	3856.0	11030.0
Zdi-ADup_029-Ex1-1A-lcwgs-1-2.clmp.r1	2518.0	12401.0	20029.0	24761.0	26183.0	25139.0	23068.0	19989.0	16932.0	13694.0	10951.0	8546.0	6546.0	4999.0	3841.0	2760.0	2110.0	1551.0	1174.0	880.0	651.0	527.0	383.0	398.0	1015.0
Zdi-ADup_029-Ex1-1A-lcwgs-1-2.clmp.r2	2522.0	12389.0	20008.0	24787.0	26149.0	25127.0	23036.0	19968.0	16913.0	13671.0	10947.0	8537.0	6510.0	4987.0	3835.0	2738.0	2092.0	1547.0	1182.0	877.0	653.0	552.0	416.0	481.0	1122.0
Zdi-ADup_030-Ex1-1B-lcwgs-1-2.clmp.r1	2463.0	12486.0	24352.0	36251.0	45210.0	48935.0	48955.0	46753.0	43081.0	37755.0	32823.0	27482.0	22297.0	17669.0	13529.0	10346.0	7571.0	5706.0	4107.0	2923.0	2100.0	1564.0	1063.0	944.0	1658.0
Zdi-ADup_030-Ex1-1B-lcwgs-1-2.clmp.r2	2484.0	12473.0	24331.0	36222.0	45191.0	48939.0	48898.0	46712.0	43020.0	37661.0	32673.0	27426.0	22275.0	17586.0	13467.0	10315.0	7519.0	5697.0	4092.0	2935.0	2129.0	1629.0	1140.0	1299.0	1910.0
Zdi-ADup_031-Ex1-1C-lcwgs-1-2.clmp.r1	474.0	2269.0	4070.0	6050.0	7742.0	8592.0	9090.0	8747.0	8403.0	7604.0	6711.0	5835.0	4862.0	3992.0	3112.0	2565.0	2039.0	1576.0	1170.0	956.0	731.0	617.0	462.0	517.0	1185.0
Zdi-ADup_031-Ex1-1C-lcwgs-1-2.clmp.r2	470.0	2255.0	4057.0	6038.0	7781.0	8597.0	9077.0	8727.0	8401.0	7589.0	6700.0	5778.0	4826.0	3986.0	3111.0	2541.0	2023.0	1570.0	1166.0	972.0	729.0	611.0	476.0	593.0	1297.0
Zdi-ADup_032-Ex1-1D-lcwgs-1-2.clmp.r1	2862.0	14881.0	28470.0	45684.0	62884.0	78021.0	88445.0	99283.0	105314.0	109546.0	109059.0	107875.0	104249.0	97300.0	89872.0	82251.0	73943.0	66477.0	59064.0	52023.0	45690.0	40697.0	35848.0	51386.0	185329.0
Zdi-ADup_032-Ex1-1D-lcwgs-1-2.clmp.r2	2888.0	14859.0	28446.0	45559.0	62892.0	78102.0	88331.0	99130.0	105040.0	109180.0	108595.0	107300.0	103687.0	96748.0	89370.0	81747.0	73560.0	66025.0	58684.0	51801.0	45493.0	40788.0	36284.0	49799.0	192145.0
Zdi-ADup_033-Ex1-1E-lcwgs-1-2.clmp.r1	114.0	614.0	1179.0	1972.0	2475.0	2787.0	2865.0	2863.0	2749.0	2438.0	2356.0	1960.0	1768.0	1569.0	1336.0	1105.0	883.0	711.0	601.0	484.0	373.0	316.0	279.0	319.0	800.0
Zdi-ADup_033-Ex1-1E-lcwgs-1-2.clmp.r2	112.0	616.0	1178.0	1967.0	2467.0	2759.0	2870.0	2888.0	2729.0	2446.0	2347.0	1959.0	1746.0	1560.0	1334.0	1098.0	887.0	705.0	597.0	483.0	374.0	317.0	284.0	308.0	885.0
Zdi-ADup_034-Ex1-1F-lcwgs-1-2.clmp.r1	1187.0	6827.0	13915.0	22144.0	29088.0	33297.0	35083.0	35494.0	33913.0	31234.0	28173.0	24917.0	20833.0	17782.0	14772.0	12137.0	9852.0	7975.0	6263.0	5201.0	4100.0	3367.0	2715.0	3087.0	7536.0
Zdi-ADup_034-Ex1-1F-lcwgs-1-2.clmp.r2	1197.0	6799.0	13861.0	22149.0	29079.0	33304.0	35053.0	35419.0	33857.0	31207.0	28036.0	24787.0	20798.0	17721.0	14707.0	12062.0	9834.0	7973.0	6242.0	5176.0	4102.0	3389.0	2779.0	3275.0	8086.0
Zdi-ADup_035-Ex1-1G-lcwgs-1-2.clmp.r1	1077.0	5524.0	10057.0	14650.0	17772.0	19407.0	19510.0	18978.0	17890.0	16355.0	14404.0	12652.0	10718.0	9129.0	7444.0	6021.0	4808.0	3901.0	3099.0	2505.0	1862.0	1604.0	1226.0	1450.0	3138.0
Zdi-ADup_035-Ex1-1G-lcwgs-1-2.clmp.r2	1074.0	5528.0	10063.0	14649.0	17786.0	19379.0	19472.0	18972.0	17864.0	16256.0	14336.0	12608.0	10695.0	9052.0	7403.0	5986.0	4786.0	3879.0	3098.0	2501.0	1871.0	1629.0	1242.0	1594.0	3458.0
Zdi-ADup_036-Ex1-1H-lcwgs-1-2.clmp.r1	1382.0	7428.0	13697.0	19441.0	23286.0	24728.0	25203.0	23617.0	21917.0	19269.0	16637.0	14084.0	11530.0	9421.0	7503.0	5860.0	4545.0	3502.0	2732.0	2101.0	1667.0	1333.0	1018.0	1240.0	3638.0
Zdi-ADup_036-Ex1-1H-lcwgs-1-2.clmp.r2	1390.0	7438.0	13662.0	19413.0	23279.0	24778.0	25196.0	23556.0	21851.0	19215.0	16586.0	14032.0	11487.0	9381.0	7475.0	5851.0	4510.0	3479.0	2713.0	2096.0	1680.0	1332.0	1049.0	1428.0	3902.0
Zdi-ADup_037-Ex1-3D-lcwgs-1-2.clmp.r1	61783.0	353354.0	752922.0	1216383.0	1609111.0	1869240.0	2009932.0	2061080.0	2028095.0	1933017.0	1794470.0	1623775.0	1455523.0	1279336.0	1103236.0	938204.0	794809.0	668950.0	560384.0	472867.0	403234.0	354107.0	314221.0	514214.0	2422924.0
Zdi-ADup_037-Ex1-3D-lcwgs-1-2.clmp.r2	61826.0	353262.0	752143.0	1215296.0	1608281.0	1867719.0	2007389.0	2057540.0	2023079.0	1926708.0	1786559.0	1617012.0	1448010.0	1271683.0	1096321.0	931719.0	789127.0	664849.0	557719.0	470948.0	402447.0	355248.0	321461.0	508813.0	2500012.0
Zdi-ADup_038-Ex1-2B-lcwgs-1-2.clmp.r1	2818.0	14415.0	26244.0	36892.0	44024.0	47039.0	46108.0	44518.0	40649.0	36935.0	32865.0	28305.0	24299.0	20127.0	16835.0	13723.0	11310.0	9489.0	7543.0	6117.0	4975.0	4098.0	3318.0	3774.0	9684.0
Zdi-ADup_038-Ex1-2B-lcwgs-1-2.clmp.r2	2812.0	14444.0	26208.0	36875.0	44033.0	47001.0	46011.0	44397.0	40622.0	36882.0	32711.0	28172.0	24247.0	20074.0	16755.0	13633.0	11276.0	9425.0	7516.0	6128.0	4983.0	4099.0	3410.0	4041.0	10349.0
Zdi-ADup_039-Ex1-2C-lcwgs-1-2.clmp.r1	87198.0	467048.0	917705.0	1414193.0	1835844.0	2112643.0	2269583.0	2340405.0	2327331.0	2240821.0	2104923.0	1934248.0	1743701.0	1537283.0	1330984.0	1138796.0	972668.0	822162.0	686360.0	572160.0	476782.0	402266.0	331714.0	392098.0	1042598.0
Zdi-ADup_039-Ex1-2C-lcwgs-1-2.clmp.r2	87132.0	466761.0	917401.0	1413250.0	1835513.0	2111516.0	2266695.0	2335952.0	2320380.0	2232486.0	2095486.0	1924882.0	1734083.0	1528385.0	1323086.0	1131914.0	966291.0	817310.0	683452.0	570367.0	476178.0	404311.0	338281.0	410554.0	1109848.0
Zdi-ADup_040-Ex1-2D-lcwgs-1-2.clmp.r1	153590.0	771402.0	1410063.0	2071350.0	2616447.0	2978567.0	3197336.0	3325622.0	3361370.0	3298978.0	3170330.0	2978770.0	2752250.0	2484365.0	2204334.0	1926790.0	1673092.0	1434541.0	1217340.0	1030203.0	868273.0	742249.0	625088.0	763073.0	2142722.0
Zdi-ADup_040-Ex1-2D-lcwgs-1-2.clmp.r2	153500.0	770374.0	1409426.0	2070117.0	2614887.0	2976871.0	3192219.0	3318681.0	3351692.0	3286336.0	3154915.0	2963302.0	2736278.0	2468567.0	2189589.0	1914964.0	1661996.0	1426047.0	1212088.0	1026522.0	866418.0	743443.0	636848.0	784032.0	2269033.0
Zdi-ADup_041-Ex1-2E-lcwgs-1-2.clmp.r1	70362.0	354141.0	665057.0	1000824.0	1271290.0	1435394.0	1521515.0	1549903.0	1526041.0	1453241.0	1359735.0	1241042.0	1108758.0	971946.0	836381.0	711722.0	599832.0	500482.0	413562.0	341099.0	280623.0	233688.0	192159.0	228100.0	585700.0
Zdi-ADup_041-Ex1-2E-lcwgs-1-2.clmp.r2	70377.0	354444.0	664760.0	999961.0	1270664.0	1434536.0	1519923.0	1547285.0	1522307.0	1448945.0	1354616.0	1235846.0	1104166.0	967614.0	831674.0	707737.0	596575.0	497714.0	412232.0	340256.0	280051.0	233831.0	195979.0	237696.0	623408.0
Zdi-ADup_042-Ex1-2F-lcwgs-1-2.clmp.r1	4167.0	22688.0	46427.0	77077.0	105349.0	126249.0	142906.0	152323.0	155777.0	154534.0	147707.0	137446.0	125038.0	112042.0	98443.0	84970.0	72898.0	62471.0	52746.0	44302.0	37420.0	32014.0	26508.0	33434.0	99051.0
Zdi-ADup_042-Ex1-2F-lcwgs-1-2.clmp.r2	4156.0	22717.0	46409.0	77126.0	105291.0	126076.0	142691.0	152187.0	155549.0	154050.0	147261.0	137009.0	124663.0	111602.0	97902.0	84582.0	72488.0	62265.0	52512.0	44162.0	37371.0	31898.0	26872.0	32757.0	104391.0
Zdi-ADup_043-Ex1-2G-lcwgs-1-2.clmp.r1	940.0	4921.0	9478.0	15209.0	19845.0	22835.0	24938.0	25702.0	25448.0	24372.0	22739.0	20857.0	18659.0	16431.0	14194.0	12247.0	10173.0	8674.0	7071.0	5862.0	4778.0	4027.0	3275.0	3911.0	10138.0
Zdi-ADup_043-Ex1-2G-lcwgs-1-2.clmp.r2	947.0	4938.0	9477.0	15168.0	19785.0	22881.0	24902.0	25680.0	25360.0	24300.0	22647.0	20827.0	18610.0	16311.0	14096.0	12221.0	10172.0	8636.0	7029.0	5834.0	4815.0	4025.0	3302.0	3940.0	10821.0
Zdi-ADup_044-Ex1-2H-lcwgs-1-2.clmp.r1	3440.0	17787.0	34603.0	53159.0	67950.0	78439.0	83761.0	85720.0	84977.0	81939.0	77204.0	70734.0	64065.0	56110.0	49190.0	42177.0	36011.0	30292.0	25144.0	21270.0	17624.0	14733.0	12212.0	14741.0	39431.0
Zdi-ADup_044-Ex1-2H-lcwgs-1-2.clmp.r2	3434.0	17758.0	34650.0	53133.0	67935.0	78431.0	83604.0	85604.0	84667.0	81767.0	76940.0	70472.0	63814.0	55832.0	48974.0	41914.0	35840.0	30202.0	25057.0	21189.0	17593.0	14760.0	12348.0	14971.0	41824.0
Zdi-ADup_045-Ex1-3A-lcwgs-1-2.clmp.r1	1354.0	7024.0	13139.0	19541.0	24076.0	26604.0	27676.0	27449.0	26571.0	24403.0	22173.0	19888.0	17349.0	14889.0	12606.0	10490.0	8750.0	7155.0	5844.0	4703.0	3944.0	3103.0	2668.0	3295.0	9471.0
Zdi-ADup_045-Ex1-3A-lcwgs-1-2.clmp.r2	1352.0	7013.0	13146.0	19544.0	24124.0	26580.0	27589.0	27427.0	26510.0	24284.0	22121.0	19867.0	17257.0	14820.0	12561.0	10473.0	8686.0	7114.0	5802.0	4683.0	3950.0	3128.0	2751.0	3333.0	10050.0
Zdi-ADup_046-Ex1-3B-lcwgs-1-2.clmp.r1	237.0	1455.0	2746.0	4297.0	5544.0	6379.0	6945.0	7397.0	7291.0	7106.0	6740.0	6297.0	5775.0	4906.0	4470.0	3732.0	3100.0	2753.0	2293.0	1866.0	1530.0	1354.0	1078.0	1388.0	3937.0
Zdi-ADup_046-Ex1-3B-lcwgs-1-2.clmp.r2	241.0	1446.0	2732.0	4268.0	5545.0	6391.0	6958.0	7387.0	7275.0	7085.0	6712.0	6311.0	5765.0	4884.0	4433.0	3716.0	3112.0	2734.0	2271.0	1862.0	1538.0	1363.0	1077.0	1398.0	4112.0
Zdi-ADup_047-Ex1-3C-lcwgs-1-2.clmp.r1	31920.0	163980.0	309691.0	467130.0	592512.0	671440.0	703968.0	708821.0	688367.0	647544.0	596388.0	540469.0	476468.0	414890.0	352943.0	299990.0	251709.0	211151.0	173984.0	144386.0	119898.0	101194.0	83258.0	102286.0	260897.0
Zdi-ADup_047-Ex1-3C-lcwgs-1-2.clmp.r2	31883.0	163959.0	309476.0	466869.0	592260.0	670964.0	702658.0	707248.0	686054.0	643872.0	592053.0	535802.0	472301.0	411430.0	350070.0	297571.0	249621.0	209463.0	172863.0	143492.0	119606.0	102244.0	85856.0	113685.0	283984.0
Zdi-CDup_001-Ex1-5D-lcwgs-1-2.clmp.r1	32829.0	121212.0	156736.0	177831.0	187890.0	191685.0	200190.0	213313.0	232695.0	249552.0	265358.0	277522.0	286176.0	290180.0	292915.0	290686.0	289225.0	286949.0	282261.0	276439.0	271900.0	271526.0	272254.0	563495.0	2844685.0
Zdi-CDup_001-Ex1-5D-lcwgs-1-2.clmp.r2	32852.0	121155.0	153663.0	175046.0	186207.0	190127.0	199250.0	212602.0	232312.0	248938.0	264526.0	276524.0	285038.0	288976.0	291671.0	289359.0	287808.0	285478.0	281100.0	275515.0	271456.0	271558.0	274722.0	508945.0	2920676.0
Zdi-CDup_002-Ex1-5E-lcwgs-1-2.clmp.r1	32516.0	125011.0	166477.0	194476.0	209787.0	222056.0	240362.0	265363.0	295936.0	317853.0	331170.0	336066.0	336681.0	333149.0	326777.0	318786.0	311397.0	301169.0	293742.0	284338.0	275779.0	272097.0	269435.0	539956.0	2737197.0
Zdi-CDup_002-Ex1-5E-lcwgs-1-2.clmp.r2	32573.0	125071.0	165834.0	193959.0	209396.0	221735.0	239918.0	265088.0	295449.0	317200.0	330391.0	335153.0	335522.0	331932.0	325449.0	317286.0	309915.0	299969.0	292379.0	283102.0	275066.0	271621.0	271452.0	483964.0	2808152.0
Zdi-CDup_003-Ex1-5F-lcwgs-1-2.clmp.r1	21639.0	73156.0	87105.0	95822.0	101847.0	106184.0	115366.0	130559.0	150598.0	168414.0	183861.0	193470.0	200037.0	202958.0	200427.0	195627.0	195667.0	193394.0	190411.0	186934.0	181884.0	181214.0	177938.0	332145.0	1572015.0
Zdi-CDup_003-Ex1-5F-lcwgs-1-2.clmp.r2	21715.0	73250.0	86651.0	95281.0	101521.0	105837.0	115142.0	130381.0	150279.0	167979.0	183402.0	192851.0	199290.0	201953.0	199550.0	194725.0	194661.0	192297.0	189357.0	186128.0	181262.0	180918.0	179119.0	305555.0	1609568.0
Zdi-CDup_004-Ex1-5G-lcwgs-1-2.clmp.r1	10300.0	36866.0	47620.0	54701.0	60284.0	64602.0	70314.0	79601.0	89845.0	98729.0	105127.0	111062.0	113742.0	115426.0	116412.0	115584.0	114479.0	112352.0	110109.0	107202.0	103939.0	103911.0	102148.0	203668.0	1007135.0
Zdi-CDup_004-Ex1-5G-lcwgs-1-2.clmp.r2	10312.0	36877.0	47169.0	54251.0	60028.0	64353.0	70214.0	79510.0	89712.0	98467.0	104891.0	110728.0	113432.0	115139.0	115851.0	115041.0	113904.0	111798.0	109756.0	106922.0	103606.0	103581.0	102913.0	183073.0	1033630.0
Zdi-CDup_005-Ex1-5H-lcwgs-1-2.clmp.r1	13299.0	48345.0	62868.0	76993.0	90282.0	107060.0	135750.0	183185.0	246923.0	311478.0	363054.0	400966.0	429953.0	447354.0	459226.0	467973.0	475212.0	478690.0	481469.0	480713.0	479029.0	485611.0	487824.0	985507.0	4914548.0
Zdi-CDup_005-Ex1-5H-lcwgs-1-2.clmp.r2	13396.0	48543.0	62692.0	76595.0	90050.0	106986.0	135502.0	182851.0	246516.0	310916.0	362040.0	399540.0	428249.0	445048.0	456964.0	465781.0	472731.0	475812.0	478948.0	478429.0	477297.0	484254.0	489921.0	888431.0	5035820.0
Zdi-CDup_006-Ex1-6A-lcwgs-1-2.clmp.r1	11513.0	46431.0	69661.0	93383.0	114952.0	136913.0	164778.0	207827.0	262782.0	318401.0	368417.0	409891.0	444432.0	473057.0	498621.0	520618.0	541608.0	559498.0	575559.0	590061.0	603359.0	630076.0	652537.0	1537110.0	8460499.0
Zdi-CDup_006-Ex1-6A-lcwgs-1-2.clmp.r2	11556.0	46438.0	69320.0	93073.0	114895.0	136654.0	164303.0	207161.0	262318.0	317870.0	367647.0	408373.0	442530.0	470848.0	495879.0	517842.0	538640.0	555852.0	572231.0	586845.0	600434.0	627209.0	657378.0	1363292.0	8663396.0
Zdi-CDup_007-Ex1-6B-lcwgs-1-2.clmp.r1	32420.0	125461.0	174874.0	212643.0	240863.0	259403.0	280392.0	308969.0	340874.0	370699.0	394573.0	409602.0	417316.0	417327.0	413369.0	403644.0	397546.0	385945.0	376288.0	364746.0	353700.0	347522.0	339970.0	645599.0	3110388.0
Zdi-CDup_007-Ex1-6B-lcwgs-1-2.clmp.r2	32416.0	125223.0	173259.0	211860.0	240684.0	258970.0	279950.0	308452.0	340418.0	369913.0	393448.0	408388.0	415784.0	415491.0	411324.0	401639.0	395499.0	383994.0	374575.0	363221.0	352389.0	346570.0	341894.0	585692.0	3193080.0
Zdi-CDup_008-Ex1-6C-lcwgs-1-2.clmp.r1	14955.0	57271.0	79008.0	96569.0	109337.0	122459.0	142934.0	170296.0	204280.0	236482.0	261026.0	281430.0	296361.0	306271.0	315392.0	321777.0	328255.0	334296.0	339500.0	343410.0	348620.0	362462.0	373927.0	900392.0	5214522.0
Zdi-CDup_008-Ex1-6C-lcwgs-1-2.clmp.r2	14988.0	57190.0	78338.0	95974.0	109220.0	122270.0	142680.0	169981.0	203891.0	235924.0	260406.0	280746.0	295253.0	305037.0	314015.0	320126.0	326297.0	332474.0	338168.0	342012.0	347594.0	361499.0	376347.0	808647.0	5322155.0
Zdi-CDup_010-Ex1-6D-lcwgs-1-2.clmp.r1	36679.0	140028.0	191756.0	227786.0	250274.0	272238.0	298441.0	337444.0	382670.0	426569.0	465785.0	494980.0	519166.0	537794.0	551468.0	561861.0	572968.0	579911.0	591633.0	597823.0	607196.0	633539.0	660130.0	1687286.0	9844883.0
Zdi-CDup_010-Ex1-6D-lcwgs-1-2.clmp.r2	36715.0	139788.0	186702.0	224705.0	249810.0	271368.0	297655.0	336591.0	381800.0	425494.0	464384.0	493458.0	517531.0	535594.0	549036.0	559291.0	569915.0	576988.0	588832.0	595323.0	605343.0	632249.0	665880.0	1503321.0	10062535.0
Zdi-CDup_011-Ex1-6E-lcwgs-1-2.clmp.r1	25000.0	96376.0	132559.0	160559.0	177780.0	193344.0	216126.0	250597.0	294239.0	340177.0	378456.0	407926.0	431691.0	448661.0	465903.0	477599.0	488865.0	499929.0	507231.0	513786.0	522541.0	542660.0	560417.0	1330484.0	7585744.0
Zdi-CDup_011-Ex1-6E-lcwgs-1-2.clmp.r2	25057.0	96433.0	131020.0	159317.0	177688.0	193203.0	215740.0	250050.0	293649.0	339512.0	377495.0	406834.0	430181.0	446823.0	463885.0	475144.0	486270.0	497523.0	505278.0	511827.0	520650.0	541112.0	564038.0	1176591.0	7763330.0
Zdi-CDup_012-Ex1-6F-lcwgs-1-2.clmp.r1	11508.0	40807.0	51979.0	60438.0	68310.0	76019.0	88457.0	107329.0	129960.0	151615.0	168700.0	181934.0	189791.0	193824.0	195487.0	192426.0	193447.0	192955.0	190432.0	188131.0	186159.0	185358.0	183199.0	367256.0	1829159.0
Zdi-CDup_012-Ex1-6F-lcwgs-1-2.clmp.r2	11557.0	40787.0	50886.0	59780.0	68307.0	75859.0	88295.0	107201.0	129720.0	151283.0	168344.0	181359.0	189105.0	193125.0	194647.0	191530.0	192377.0	191846.0	189581.0	187335.0	185623.0	184700.0	184177.0	337612.0	1869644.0
Zdi-CDup_013-Ex1-6G-lcwgs-1-2.clmp.r1	8128.0	30724.0	42257.0	52119.0	59668.0	66394.0	73497.0	82167.0	89399.0	96400.0	102625.0	106345.0	108798.0	110630.0	108881.0	107489.0	105717.0	102892.0	99816.0	97251.0	94044.0	92624.0	91665.0	183510.0	924974.0
Zdi-CDup_013-Ex1-6G-lcwgs-1-2.clmp.r2	8150.0	30664.0	41718.0	51676.0	59553.0	66228.0	73390.0	82058.0	89273.0	96212.0	102390.0	105989.0	108542.0	110117.0	108417.0	107061.0	105375.0	102571.0	99425.0	96945.0	93831.0	92374.0	92159.0	163724.0	950172.0
Zdi-CDup_014-Ex1-6H-lcwgs-1-2.clmp.r1	36888.0	137188.0	175567.0	199127.0	209057.0	212820.0	218529.0	228918.0	240491.0	252360.0	259827.0	262803.0	261022.0	257219.0	250884.0	243391.0	234896.0	227419.0	219120.0	211108.0	202245.0	198831.0	193666.0	374388.0	1841214.0
Zdi-CDup_014-Ex1-6H-lcwgs-1-2.clmp.r2	36938.0	136983.0	174137.0	198145.0	208700.0	212531.0	218275.0	228649.0	240043.0	251677.0	258953.0	261890.0	260154.0	256176.0	249749.0	242185.0	233822.0	226293.0	218237.0	210429.0	201787.0	198609.0	195065.0	339282.0	1890269.0
Zdi-CDup_015-Ex1-7A-lcwgs-1-2.clmp.r1	3691.0	14196.0	19355.0	23372.0	25605.0	27905.0	30878.0	34498.0	38858.0	43135.0	47403.0	50985.0	53983.0	56232.0	57922.0	59024.0	59862.0	60005.0	59724.0	59680.0	58896.0	59606.0	60149.0	133503.0	701573.0
Zdi-CDup_015-Ex1-7A-lcwgs-1-2.clmp.r2	3703.0	14079.0	19132.0	23288.0	25582.0	27862.0	30867.0	34426.0	38802.0	43035.0	47238.0	50863.0	53836.0	56052.0	57669.0	58787.0	59652.0	59734.0	59505.0	59530.0	58792.0	59580.0	60660.0	118362.0	719004.0
Zdi-CDup_016-Ex1-7B-lcwgs-1-2.clmp.r1	44557.0	173171.0	233169.0	273654.0	295276.0	303279.0	316134.0	340130.0	373348.0	403469.0	430127.0	448691.0	458561.0	462762.0	462551.0	461580.0	458280.0	453080.0	446984.0	440208.0	431488.0	429937.0	428886.0	846243.0	4221904.0
Zdi-CDup_016-Ex1-7B-lcwgs-1-2.clmp.r2	44552.0	172438.0	232627.0	273230.0	294918.0	303091.0	315569.0	339398.0	372516.0	402506.0	428932.0	447121.0	456761.0	460694.0	460319.0	459374.0	455822.0	450481.0	445110.0	438415.0	430136.0	429352.0	430883.0	769699.0	4323525.0
Zdi-CDup_017-Ex1-7C-lcwgs-1-2.clmp.r1	24855.0	90289.0	110750.0	125398.0	135614.0	143883.0	159482.0	187300.0	220298.0	251065.0	274755.0	292143.0	300662.0	303028.0	305731.0	302711.0	299864.0	295027.0	290114.0	284377.0	276974.0	274247.0	270722.0	516829.0	2538943.0
Zdi-CDup_017-Ex1-7C-lcwgs-1-2.clmp.r2	24874.0	89852.0	110371.0	125143.0	135378.0	143740.0	159350.0	187077.0	220004.0	250476.0	274020.0	291261.0	299593.0	301845.0	304365.0	301342.0	298420.0	293655.0	288917.0	283508.0	276339.0	273781.0	272542.0	471318.0	2597890.0
Zdi-CDup_018-Ex1-7D-lcwgs-1-2.clmp.r1	42038.0	146716.0	173106.0	184443.0	189486.0	194947.0	208148.0	236577.0	275615.0	318837.0	355770.0	388658.0	414970.0	435851.0	454198.0	469348.0	483069.0	494270.0	508417.0	517375.0	524926.0	544790.0	566573.0	1344279.0	7377208.0
Zdi-CDup_018-Ex1-7D-lcwgs-1-2.clmp.r2	42128.0	143928.0	169243.0	183400.0	188995.0	194251.0	207300.0	235760.0	275017.0	318073.0	354963.0	387325.0	413293.0	433964.0	451957.0	466924.0	480597.0	491591.0	505588.0	514680.0	522949.0	543300.0	570194.0	1226640.0	7527555.0
Zdi-CDup_019-Ex1-7E-lcwgs-1-2.clmp.r1	28108.0	108261.0	142629.0	165358.0	177022.0	181326.0	189175.0	203416.0	223149.0	241349.0	256131.0	265883.0	270991.0	274169.0	275351.0	274645.0	275654.0	274805.0	273318.0	271830.0	268321.0	274480.0	278789.0	616936.0	3350050.0
Zdi-CDup_019-Ex1-7E-lcwgs-1-2.clmp.r2	28115.0	108093.0	142325.0	165294.0	176935.0	181198.0	188901.0	203009.0	222920.0	240947.0	255465.0	265131.0	269981.0	273265.0	274111.0	273400.0	274503.0	273449.0	272017.0	270821.0	267600.0	274174.0	280949.0	553433.0	3425110.0
Zdi-CDup_021-Ex1-7G-lcwgs-1-2.clmp.r1	36006.0	132977.0	164468.0	179388.0	184112.0	187195.0	194565.0	211214.0	232703.0	254976.0	271634.0	282591.0	291742.0	297542.0	300172.0	300640.0	301544.0	300205.0	301307.0	298002.0	296271.0	300553.0	304454.0	657450.0	3556911.0
Zdi-CDup_021-Ex1-7G-lcwgs-1-2.clmp.r2	36046.0	131229.0	162480.0	178645.0	183987.0	186971.0	194102.0	210684.0	232151.0	254409.0	271158.0	281753.0	290858.0	296474.0	298860.0	299418.0	300259.0	298757.0	300179.0	297059.0	295881.0	300303.0	307153.0	589861.0	3639945.0
Zdi-CDup_022-Ex1-7H-lcwgs-1-2.clmp.r1	33762.0	130619.0	171855.0	198134.0	208832.0	216495.0	229070.0	251526.0	277107.0	298693.0	308934.0	312859.0	310448.0	302292.0	293523.0	283908.0	273689.0	262376.0	252678.0	241025.0	230354.0	225094.0	218105.0	397338.0	1871438.0
Zdi-CDup_022-Ex1-7H-lcwgs-1-2.clmp.r2	33744.0	130427.0	171569.0	197941.0	208804.0	216327.0	228845.0	251048.0	276553.0	298101.0	308067.0	311868.0	309195.0	301066.0	292313.0	282566.0	272431.0	261186.0	251844.0	240248.0	229754.0	224860.0	219435.0	359730.0	1922232.0
Zdi-CDup_026-Ex1-8D-lcwgs-1-2.clmp.r1	24423.0	89168.0	113702.0	127097.0	130523.0	134699.0	143450.0	160650.0	183286.0	205813.0	227815.0	242520.0	254339.0	260848.0	265307.0	267227.0	268088.0	268832.0	268246.0	266245.0	264389.0	267578.0	269462.0	570503.0	3063538.0
Zdi-CDup_026-Ex1-8D-lcwgs-1-2.clmp.r2	24418.0	89224.0	112302.0	124812.0	129811.0	133948.0	143011.0	160417.0	183103.0	205315.0	227118.0	241819.0	253817.0	259999.0	264299.0	266219.0	267076.0	267597.0	267156.0	265531.0	263973.0	267424.0	271576.0	511013.0	3136770.0
Zdi-CDup_031-Ex1-9A-lcwgs-1-2.clmp.r1	16847.0	66385.0	90785.0	108434.0	119008.0	124982.0	135664.0	152928.0	174224.0	196865.0	216131.0	230997.0	242328.0	249242.0	255222.0	256777.0	260890.0	261137.0	260678.0	258062.0	256871.0	260687.0	262777.0	556871.0	2943479.0
Zdi-CDup_031-Ex1-9A-lcwgs-1-2.clmp.r2	16887.0	66430.0	90354.0	107836.0	118669.0	124824.0	135423.0	152640.0	173705.0	196508.0	215666.0	230306.0	241313.0	248129.0	254030.0	255424.0	259537.0	259937.0	259740.0	257193.0	256121.0	259970.0	264870.0	493904.0	3018855.0
Zdi-CDup_033-Ex1-9C-lcwgs-1-2.clmp.r1	32733.0	117441.0	148269.0	161309.0	160356.0	159395.0	161527.0	169593.0	181724.0	193094.0	200912.0	207856.0	211862.0	212901.0	210515.0	208245.0	206367.0	201549.0	198504.0	193060.0	188697.0	186808.0	185031.0	355141.0	1774258.0
Zdi-CDup_033-Ex1-9C-lcwgs-1-2.clmp.r2	32751.0	117380.0	145346.0	158075.0	159753.0	158624.0	160946.0	169009.0	181443.0	192721.0	200440.0	207242.0	211197.0	212234.0	209692.0	207301.0	205430.0	200611.0	197947.0	192720.0	188402.0	186935.0	186766.0	324263.0	1819919.0
Zdi-CDup_034-Ex1-9D-lcwgs-1-2.clmp.r1	57321.0	215972.0	283555.0	309759.0	302125.0	294176.0	287775.0	287509.0	292419.0	298094.0	305945.0	310969.0	316308.0	317487.0	317478.0	314343.0	316816.0	313131.0	311117.0	306445.0	304132.0	309216.0	312435.0	704191.0	3881668.0
Zdi-CDup_034-Ex1-9D-lcwgs-1-2.clmp.r2	57354.0	215897.0	274508.0	299889.0	300144.0	291961.0	286353.0	286272.0	291628.0	297327.0	305012.0	310081.0	315551.0	316561.0	316239.0	313325.0	315653.0	311790.0	310452.0	306232.0	304329.0	310718.0	316282.0	629104.0	3987724.0
Zdi-CDup_035-Ex1-9E-lcwgs-1-2.clmp.r1	27275.0	95437.0	121996.0	133978.0	135586.0	140914.0	152150.0	171536.0	195965.0	220527.0	239772.0	251566.0	259377.0	264453.0	265736.0	264903.0	262640.0	259677.0	255678.0	250864.0	245654.0	244341.0	244839.0	483811.0	2466852.0
Zdi-CDup_035-Ex1-9E-lcwgs-1-2.clmp.r2	27307.0	95401.0	117814.0	129261.0	134907.0	140021.0	151535.0	170942.0	195560.0	220275.0	239144.0	250962.0	258702.0	263522.0	264927.0	263906.0	261563.0	258796.0	255092.0	250501.0	245386.0	244965.0	246925.0	436488.0	2531625.0
Zdi-CDup_037-Ex1-9G-lcwgs-1-2.clmp.r1	21943.0	78128.0	97940.0	107766.0	108537.0	112609.0	119920.0	132892.0	150611.0	167915.0	182763.0	194384.0	202251.0	206261.0	209412.0	208388.0	210080.0	208975.0	207084.0	204259.0	200492.0	201114.0	200517.0	395859.0	1989447.0
Zdi-CDup_037-Ex1-9G-lcwgs-1-2.clmp.r2	21980.0	78093.0	95523.0	104989.0	108114.0	112027.0	119457.0	132472.0	150371.0	167560.0	182274.0	193788.0	201678.0	205581.0	208571.0	207442.0	209062.0	208088.0	206382.0	203979.0	200229.0	201134.0	202125.0	354699.0	2043929.0
Zdi-CDup_038-Ex1-9H-lcwgs-1-2.clmp.r1	25964.0	95387.0	123199.0	138640.0	142272.0	145326.0	152559.0	163550.0	177261.0	186379.0	191783.0	193020.0	192953.0	190271.0	185469.0	180186.0	175967.0	169686.0	165067.0	159417.0	154879.0	152497.0	149374.0	301367.0	1539942.0
Zdi-CDup_038-Ex1-9H-lcwgs-1-2.clmp.r2	25917.0	95369.0	121555.0	136889.0	141590.0	144724.0	152268.0	163294.0	176930.0	185878.0	191356.0	192621.0	192248.0	189505.0	184766.0	179437.0	175120.0	168911.0	164419.0	158965.0	154868.0	152948.0	150757.0	269701.0	1582379.0
Zdi-CDup_039-Ex1-10A-lcwgs-1-2.clmp.r1	5140.0	20544.0	28105.0	33908.0	36914.0	39626.0	44272.0	50373.0	57847.0	65501.0	71802.0	75890.0	77693.0	79445.0	80660.0	81742.0	81368.0	80611.0	79813.0	78435.0	77258.0	77079.0	77143.0	163750.0	828425.0
Zdi-CDup_039-Ex1-10A-lcwgs-1-2.clmp.r2	5133.0	20480.0	27987.0	33800.0	36857.0	39594.0	44217.0	50271.0	57769.0	65429.0	71708.0	75673.0	77426.0	79174.0	80356.0	81390.0	80956.0	80283.0	79618.0	78092.0	77087.0	76741.0	77517.0	149294.0	846492.0
Zdi-CDup_040-Ex1-10B-lcwgs-1-2.clmp.r1	9058.0	33127.0	43263.0	49573.0	52701.0	54468.0	56819.0	59924.0	63543.0	65826.0	68608.0	68186.0	68204.0	67035.0	66217.0	64385.0	62595.0	60023.0	58054.0	55376.0	53910.0	52275.0	50828.0	100222.0	481767.0
Zdi-CDup_040-Ex1-10B-lcwgs-1-2.clmp.r2	9051.0	32954.0	43007.0	49412.0	52598.0	54367.0	56747.0	59841.0	63462.0	65618.0	68550.0	68044.0	67918.0	66802.0	65929.0	64087.0	62363.0	59718.0	57923.0	55210.0	53773.0	52334.0	51145.0	92417.0	492717.0
Zdi-CDup_041-Ex1-10C-lcwgs-1-2.clmp.r1	25518.0	93475.0	116644.0	128506.0	130187.0	130998.0	137039.0	149843.0	165776.0	180015.0	189970.0	194565.0	195818.0	193148.0	190003.0	185401.0	182178.0	175380.0	170129.0	163998.0	158393.0	155637.0	152152.0	290573.0	1394850.0
Zdi-CDup_041-Ex1-10C-lcwgs-1-2.clmp.r2	25472.0	92941.0	116049.0	127946.0	130010.0	130965.0	136736.0	149444.0	165492.0	179753.0	189479.0	193843.0	195009.0	192375.0	189144.0	184570.0	181200.0	174456.0	169272.0	163351.0	157960.0	155550.0	153089.0	270490.0	1425600.0
Zdi-CDup_042-Ex1-10D-lcwgs-1-2.clmp.r1	41755.0	153353.0	193911.0	214542.0	216432.0	218330.0	226792.0	243108.0	269701.0	297912.0	323522.0	341737.0	354402.0	362862.0	369462.0	373554.0	376239.0	378454.0	378154.0	376106.0	374987.0	381625.0	389912.0	875422.0	4684259.0
Zdi-CDup_042-Ex1-10D-lcwgs-1-2.clmp.r2	41682.0	152497.0	192938.0	213835.0	216028.0	217892.0	226317.0	242574.0	269277.0	297277.0	322459.0	340725.0	353206.0	361420.0	367619.0	371893.0	374315.0	376292.0	376208.0	374638.0	373618.0	381359.0	393070.0	800965.0	4778429.0
Zdi-CDup_043-Ex1-10E-lcwgs-1-2.clmp.r1	39833.0	136600.0	165533.0	183136.0	190780.0	200087.0	223503.0	266758.0	324496.0	386201.0	441752.0	485826.0	523816.0	558577.0	591263.0	623208.0	654748.0	686258.0	720232.0	747209.0	780146.0	833290.0	881844.0	2259154.0	12936927.0
Zdi-CDup_043-Ex1-10E-lcwgs-1-2.clmp.r2	39909.0	135825.0	164741.0	182479.0	190467.0	199601.0	223058.0	266192.0	323928.0	385167.0	440625.0	484180.0	521677.0	555808.0	588037.0	619416.0	650202.0	681772.0	715841.0	742897.0	776104.0	829716.0	888528.0	2100831.0	13134176.0
Zdi-CDup_045-Ex1-10G-lcwgs-1-2.clmp.r1	43840.0	146143.0	168909.0	176297.0	172391.0	171007.0	178031.0	196442.0	221471.0	248324.0	271290.0	286490.0	294594.0	298466.0	299824.0	298981.0	297767.0	293327.0	290149.0	284573.0	281156.0	278853.0	278712.0	550852.0	2736861.0
Zdi-CDup_045-Ex1-10G-lcwgs-1-2.clmp.r2	43824.0	145152.0	167856.0	175572.0	172116.0	170769.0	177736.0	196145.0	221131.0	247852.0	270474.0	285721.0	293662.0	297449.0	298537.0	297700.0	296318.0	291894.0	289085.0	283657.0	280491.0	278635.0	280472.0	506490.0	2796012.0
Zdi-CDup_046-Ex1-10H-lcwgs-1-2.clmp.r1	27477.0	91317.0	107084.0	113866.0	115644.0	120830.0	133877.0	156830.0	185981.0	212033.0	231368.0	241465.0	247905.0	250751.0	253010.0	251399.0	249848.0	247876.0	245791.0	241947.0	239095.0	239730.0	242360.0	501757.0	2597452.0
Zdi-CDup_046-Ex1-10H-lcwgs-1-2.clmp.r2	27449.0	90562.0	106167.0	113199.0	115418.0	120635.0	133736.0	156616.0	185584.0	211515.0	230818.0	240772.0	246868.0	249799.0	251933.0	250336.0	248579.0	246545.0	244779.0	241012.0	238386.0	239446.0	243832.0	461344.0	2651363.0
Zdi-CDup_047-Ex1-11A-lcwgs-1-2.clmp.r1	30970.0	131493.0	188447.0	225369.0	237689.0	235682.0	231050.0	229716.0	231139.0	233660.0	234740.0	230209.0	222916.0	214140.0	205154.0	195658.0	186779.0	176970.0	168892.0	159771.0	152516.0	147181.0	142857.0	266521.0	1226215.0
Zdi-CDup_047-Ex1-11A-lcwgs-1-2.clmp.r2	30926.0	131305.0	188245.0	225195.0	237361.0	235388.0	230706.0	229270.0	230777.0	233047.0	233954.0	229280.0	221845.0	213098.0	204020.0	194625.0	185673.0	175928.0	168012.0	159195.0	151929.0	146952.0	144107.0	245670.0	1259226.0
Zdi-CDup_050-Ex1-11D-lcwgs-1-2.clmp.r1	7241.0	27230.0	35462.0	38875.0	39964.0	38975.0	39119.0	39492.0	40248.0	40879.0	41495.0	41818.0	41887.0	41366.0	40185.0	39526.0	38275.0	37148.0	35268.0	34102.0	32728.0	32390.0	31603.0	63979.0	320333.0
Zdi-CDup_050-Ex1-11D-lcwgs-1-2.clmp.r2	7214.0	26863.0	34929.0	38652.0	39893.0	38911.0	39023.0	39390.0	40186.0	40788.0	41377.0	41711.0	41735.0	41211.0	40056.0	39390.0	38130.0	37012.0	35119.0	34061.0	32662.0	32471.0	31945.0	58476.0	328383.0
Zdi-CDup_051-Ex1-11E-lcwgs-1-2.clmp.r1	5355.0	20281.0	26139.0	29086.0	29372.0	29608.0	30104.0	31235.0	32965.0	33714.0	34597.0	34507.0	34302.0	33759.0	32811.0	31754.0	31067.0	29660.0	28963.0	27393.0	26642.0	26583.0	25990.0	52544.0	264346.0
Zdi-CDup_051-Ex1-11E-lcwgs-1-2.clmp.r2	5318.0	19923.0	25698.0	28891.0	29312.0	29556.0	30059.0	31179.0	32864.0	33677.0	34487.0	34367.0	34257.0	33696.0	32646.0	31661.0	30979.0	29554.0	28846.0	27345.0	26620.0	26564.0	26324.0	48160.0	270794.0
Zdi-CDup_054-Ex1-11G-lcwgs-1-2.clmp.r1	22475.0	81993.0	98951.0	101743.0	96828.0	89419.0	82586.0	75973.0	70425.0	64449.0	59053.0	53676.0	48777.0	44213.0	40363.0	36198.0	32461.0	29386.0	26314.0	24025.0	21423.0	19502.0	18096.0	29332.0	120704.0
Zdi-CDup_054-Ex1-11G-lcwgs-1-2.clmp.r2	22282.0	79490.0	95912.0	100733.0	96575.0	89036.0	82288.0	75731.0	70275.0	64318.0	58917.0	53521.0	48716.0	44173.0	40353.0	36185.0	32500.0	29352.0	26442.0	24213.0	21717.0	20195.0	18829.0	30488.0	126124.0
Zdi-CDup_056-Ex1-12A-lcwgs-1-2.clmp.r1	17722.0	61121.0	80397.0	91702.0	97587.0	108558.0	126803.0	158929.0	202635.0	251371.0	294723.0	332743.0	370350.0	401218.0	435235.0	462870.0	497528.0	522982.0	556661.0	580474.0	615619.0	667272.0	723768.0	2037925.0	12830857.0
Zdi-CDup_056-Ex1-12A-lcwgs-1-2.clmp.r2	17773.0	61253.0	77850.0	89067.0	96833.0	107786.0	126322.0	158414.0	202178.0	250843.0	294039.0	331770.0	368998.0	399693.0	433339.0	460494.0	495105.0	520158.0	553996.0	577926.0	613796.0	665366.0	729887.0	1782179.0	13111985.0
Zdi-CDup_057-Ex1-12B-lcwgs-1-2.clmp.r1	47216.0	151257.0	181598.0	190318.0	185720.0	190603.0	200211.0	222280.0	251373.0	285432.0	313373.0	336518.0	355717.0	369385.0	381537.0	389005.0	400072.0	407197.0	413615.0	416525.0	424132.0	438213.0	453125.0	1068772.0	6100755.0
Zdi-CDup_057-Ex1-12B-lcwgs-1-2.clmp.r2	47294.0	151070.0	173183.0	182430.0	183551.0	188091.0	198532.0	221338.0	250682.0	284479.0	312249.0	335576.0	354779.0	367937.0	380227.0	387283.0	398153.0	405268.0	412178.0	415406.0	423268.0	438891.0	457602.0	955737.0	6248745.0
Zdi-CDup_058-Ex1-12C-lcwgs-1-2.clmp.r1	26767.0	95172.0	118750.0	127728.0	124798.0	120862.0	118409.0	119017.0	120140.0	123249.0	124844.0	125393.0	125114.0	122640.0	120814.0	116780.0	114524.0	110053.0	106257.0	102504.0	100006.0	97487.0	95840.0	185745.0	925204.0
Zdi-CDup_058-Ex1-12C-lcwgs-1-2.clmp.r2	26758.0	95133.0	117037.0	126004.0	124256.0	120355.0	118127.0	118658.0	119835.0	122882.0	124517.0	125001.0	124761.0	122179.0	120393.0	116343.0	113940.0	109607.0	106128.0	102261.0	99939.0	97563.0	96871.0	170717.0	948832.0
Zdi-CDup_059-Ex1-12D-lcwgs-1-2.clmp.r1	14729.0	50605.0	76623.0	84612.0	81820.0	92925.0	107600.0	135203.0	172858.0	219773.0	263909.0	298024.0	343010.0	369587.0	404189.0	415456.0	444695.0	447135.0	472719.0	467983.0	496919.0	507694.0	545027.0	1282708.0	7412291.0
Zdi-CDup_059-Ex1-12D-lcwgs-1-2.clmp.r2	14811.0	50734.0	62929.0	71722.0	79197.0	89943.0	105627.0	134025.0	172390.0	218875.0	262796.0	297236.0	342056.0	368337.0	402727.0	413694.0	442848.0	445144.0	471251.0	466799.0	496514.0	509315.0	551742.0	1147818.0	7589564.0
Zdi-CDup_060-Ex1-12E-lcwgs-1-2.clmp.r1	6075.0	22002.0	29125.0	32722.0	34298.0	35505.0	37420.0	40439.0	43585.0	47189.0	49934.0	52034.0	54312.0	56135.0	57194.0	57342.0	57706.0	57080.0	57019.0	56066.0	55354.0	55860.0	56442.0	123660.0	657556.0
Zdi-CDup_060-Ex1-12E-lcwgs-1-2.clmp.r2	6085.0	22014.0	28549.0	32100.0	34167.0	35361.0	37244.0	40242.0	43525.0	47058.0	49881.0	51891.0	54104.0	55967.0	56923.0	57093.0	57433.0	56837.0	56759.0	55891.0	55217.0	55793.0	57060.0	110961.0	673899.0
Zdi-CDup_061-Ex1-12F-lcwgs-1-2.clmp.r1	50079.0	172043.0	205628.0	213760.0	207328.0	201636.0	201711.0	208584.0	223888.0	238379.0	249514.0	253968.0	255098.0	251039.0	244220.0	233413.0	226882.0	221031.0	212192.0	204040.0	197448.0	191526.0	185073.0	327765.0	1552486.0
Zdi-CDup_061-Ex1-12F-lcwgs-1-2.clmp.r2	50088.0	171796.0	202430.0	210742.0	206534.0	200723.0	201113.0	208029.0	223225.0	237862.0	249004.0	253061.0	254243.0	250280.0	243356.0	232504.0	226075.0	220073.0	211598.0	203790.0	197488.0	192150.0	187276.0	302523.0	1592768.0
Zdi-CDup_062-Ex1-12G-lcwgs-1-2.clmp.r1	8049.0	27869.0	34981.0	38394.0	38927.0	39268.0	40330.0	42475.0	44745.0	47329.0	50021.0	51598.0	54120.0	54954.0	55403.0	54716.0	54484.0	53890.0	53332.0	51803.0	50626.0	50173.0	49690.0	101286.0	521407.0
Zdi-CDup_062-Ex1-12G-lcwgs-1-2.clmp.r2	8070.0	27855.0	34395.0	37641.0	38661.0	39150.0	40172.0	42350.0	44646.0	47289.0	49798.0	51466.0	54009.0	54741.0	55188.0	54489.0	54334.0	53662.0	53137.0	51765.0	50644.0	50083.0	50104.0	90917.0	535304.0
Zdi-CDup_064-Ex1-5A-lcwgs-1-2.clmp.r1	7047.0	27014.0	38715.0	50245.0	60923.0	76485.0	102299.0	147180.0	205915.0	270895.0	331177.0	385129.0	434293.0	481111.0	524956.0	563879.0	605688.0	641846.0	674777.0	702426.0	728478.0	769682.0	804731.0	1853242.0	10420068.0
Zdi-CDup_064-Ex1-5A-lcwgs-1-2.clmp.r2	7155.0	27183.0	38562.0	50018.0	60733.0	76245.0	102153.0	146878.0	205567.0	270022.0	330429.0	384096.0	432615.0	479232.0	522584.0	561033.0	602381.0	638358.0	671068.0	699255.0	726489.0	767226.0	810163.0	1608491.0	10690265.0
Zdi-CDup_065-Ex1-5B-lcwgs-1-2.clmp.r1	17411.0	71101.0	103268.0	129582.0	151198.0	174065.0	212292.0	274347.0	352550.0	424201.0	473411.0	508674.0	532497.0	548343.0	562164.0	570226.0	580405.0	585076.0	590568.0	590906.0	589140.0	601559.0	606944.0	1254281.0	6494742.0
Zdi-CDup_065-Ex1-5B-lcwgs-1-2.clmp.r2	17497.0	71254.0	102041.0	128424.0	150658.0	173428.0	211745.0	273558.0	351772.0	422963.0	472138.0	507016.0	530313.0	545785.0	559255.0	567049.0	577173.0	581837.0	587555.0	588578.0	586645.0	599171.0	610640.0	1110295.0	6672161.0
Zdi-CDup_066-Ex1-5C-lcwgs-1-2.clmp.r1	74864.0	247570.0	288965.0	307329.0	310615.0	317149.0	338196.0	381193.0	439239.0	498714.0	547202.0	584990.0	614816.0	636865.0	649470.0	654130.0	666060.0	668072.0	673086.0	670550.0	669073.0	676860.0	678443.0	1394947.0	6963408.0
Zdi-CDup_066-Ex1-5C-lcwgs-1-2.clmp.r2	75084.0	247837.0	282313.0	301900.0	308629.0	314718.0	336310.0	379537.0	437892.0	497235.0	545340.0	582197.0	612066.0	633039.0	645421.0	649984.0	661353.0	663392.0	669160.0	667171.0	665983.0	674644.0	683365.0	1315057.0	7102179.0
Zdi-CDup_071-Ex1-12H-lcwgs-1-2.clmp.r1	7870.0	27590.0	34466.0	37857.0	39817.0	42063.0	46397.0	52474.0	60381.0	67728.0	72835.0	77178.0	79518.0	80888.0	82671.0	82374.0	82671.0	81494.0	80499.0	79289.0	77632.0	77674.0	77283.0	157115.0	805493.0
Zdi-CDup_071-Ex1-12H-lcwgs-1-2.clmp.r2	7894.0	27597.0	33921.0	37311.0	39616.0	41816.0	46194.0	52300.0	60334.0	67625.0	72639.0	76911.0	79323.0	80564.0	82333.0	82018.0	82264.0	81136.0	80227.0	79004.0	77450.0	77614.0	77730.0	140635.0	826801.0
