	20.0	21.0	22.0	23.0	24.0	25.0	26.0	27.0	28.0	29.0	30.0	31.0	32.0	33.0	34.0	35.0	36.0	37.0	38.0	39.0	40.0
Zdi-ADup_001-Ex1-11B-lcwgs-1-2.clmp.r1	26.0	453.0	1813.0	3370.0	4961.0	6548.0	8231.0	9210.0	11213.0	13058.0	16040.0	19266.0	25236.0	32092.0	44576.0	63784.0	105808.0	182130.0	397834.0	1414416.0	871716.0
	19.0	20.0	21.0	22.0	23.0	24.0	25.0	26.0	27.0	28.0	29.0	30.0	31.0	32.0	33.0	34.0	35.0	36.0	37.0	38.0	39.0	40.0
Zdi-ADup_001-Ex1-11B-lcwgs-1-2.clmp.r2	1.0	334.0	2315.0	4690.0	5728.0	7043.0	8059.0	9138.0	9802.0	10885.0	12061.0	14505.0	16961.0	21536.0	27497.0	38539.0	56634.0	95393.0	166207.0	385169.0	1398410.0	940874.0
	21.0	22.0	23.0	24.0	25.0	26.0	27.0	28.0	29.0	30.0	31.0	32.0	33.0	34.0	35.0	36.0	37.0	38.0	39.0	40.0
Zdi-ADup_002-Ex1-9G-lcwgs-1-2.clmp.r1	62.0	186.0	380.0	570.0	743.0	879.0	979.0	1189.0	1408.0	1809.0	2274.0	2894.0	3566.0	5041.0	7334.0	12398.0	21562.0	47977.0	184362.0	150080.0
	20.0	21.0	22.0	23.0	24.0	25.0	26.0	27.0	28.0	29.0	30.0	31.0	32.0	33.0	34.0	35.0	36.0	37.0	38.0	39.0	40.0
Zdi-ADup_002-Ex1-9G-lcwgs-1-2.clmp.r2	18.0	197.0	442.0	593.0	724.0	851.0	965.0	958.0	1089.0	1238.0	1475.0	1741.0	2195.0	2731.0	3789.0	5840.0	9678.0	17283.0	40869.0	177228.0	175789.0
	20.0	21.0	22.0	23.0	24.0	25.0	26.0	27.0	28.0	29.0	30.0	31.0	32.0	33.0	34.0	35.0	36.0	37.0	38.0	39.0	40.0
Zdi-ADup_003-Ex1-9H-lcwgs-1-2.clmp.r1	2.0	92.0	430.0	790.0	1223.0	1523.0	1973.0	2332.0	2777.0	3090.0	4029.0	5035.0	6505.0	8555.0	11908.0	17433.0	29191.0	51492.0	114212.0	434461.0	334416.0
	20.0	21.0	22.0	23.0	24.0	25.0	26.0	27.0	28.0	29.0	30.0	31.0	32.0	33.0	34.0	35.0	36.0	37.0	38.0	39.0	40.0
Zdi-ADup_003-Ex1-9H-lcwgs-1-2.clmp.r2	64.0	462.0	991.0	1340.0	1739.0	2005.0	2278.0	2430.0	2619.0	2881.0	3486.0	4083.0	5310.0	6816.0	9275.0	13907.0	24130.0	42778.0	102226.0	423570.0	379079.0
	20.0	21.0	22.0	23.0	24.0	25.0	26.0	27.0	28.0	29.0	30.0	31.0	32.0	33.0	34.0	35.0	36.0	37.0	38.0	39.0	40.0
Zdi-ADup_004-Ex1-10A-lcwgs-1-2.clmp.r1	13.0	266.0	920.0	1662.0	2557.0	3301.0	4021.0	4714.0	5518.0	6714.0	8187.0	9852.0	12942.0	16864.0	23963.0	35183.0	59577.0	105355.0	240739.0	863034.0	393294.0
	19.0	20.0	21.0	22.0	23.0	24.0	25.0	26.0	27.0	28.0	29.0	30.0	31.0	32.0	33.0	34.0	35.0	36.0	37.0	38.0	39.0	40.0
Zdi-ADup_004-Ex1-10A-lcwgs-1-2.clmp.r2	2.0	161.0	1256.0	2335.0	2840.0	3593.0	4173.0	4814.0	5076.0	5740.0	6446.0	7669.0	8981.0	11473.0	14582.0	20596.0	30195.0	51946.0	91177.0	217173.0	801744.0	506704.0
	20.0	21.0	22.0	23.0	24.0	25.0	26.0	27.0	28.0	29.0	30.0	31.0	32.0	33.0	34.0	35.0	36.0	37.0	38.0	39.0	40.0
Zdi-ADup_005-Ex1-10B-lcwgs-1-2.clmp.r1	3.0	67.0	275.0	515.0	817.0	1019.0	1351.0	1516.0	1798.0	2227.0	2655.0	3256.0	4185.0	5401.0	7728.0	11345.0	19405.0	33684.0	77377.0	269535.0	135366.0
	20.0	21.0	22.0	23.0	24.0	25.0	26.0	27.0	28.0	29.0	30.0	31.0	32.0	33.0	34.0	35.0	36.0	37.0	38.0	39.0	40.0
Zdi-ADup_005-Ex1-10B-lcwgs-1-2.clmp.r2	41.0	297.0	645.0	773.0	982.0	1215.0	1340.0	1443.0	1482.0	1662.0	2036.0	2338.0	3016.0	3928.0	5535.0	8275.0	14444.0	26026.0	62537.0	241673.0	199837.0
	20.0	21.0	22.0	23.0	24.0	25.0	26.0	27.0	28.0	29.0	30.0	31.0	32.0	33.0	34.0	35.0	36.0	37.0	38.0	39.0	40.0
Zdi-ADup_006-Ex1-10C-lcwgs-1-2.clmp.r1	5.0	81.0	312.0	613.0	976.0	1256.0	1552.0	1796.0	2136.0	2588.0	3237.0	3952.0	5196.0	6774.0	9438.0	13965.0	24423.0	42883.0	97845.0	349405.0	158716.0
	20.0	21.0	22.0	23.0	24.0	25.0	26.0	27.0	28.0	29.0	30.0	31.0	32.0	33.0	34.0	35.0	36.0	37.0	38.0	39.0	40.0
Zdi-ADup_006-Ex1-10C-lcwgs-1-2.clmp.r2	61.0	462.0	918.0	1054.0	1397.0	1567.0	1819.0	1983.0	2234.0	2497.0	2968.0	3599.0	4640.0	5773.0	8117.0	12090.0	20472.0	36552.0	87897.0	324216.0	206833.0
	20.0	21.0	22.0	23.0	24.0	25.0	26.0	27.0	28.0	29.0	30.0	31.0	32.0	33.0	34.0	35.0	36.0	37.0	38.0	39.0	40.0
Zdi-ADup_007-Ex1-10D-lcwgs-1-2.clmp.r1	4.0	76.0	246.0	578.0	877.0	1208.0	1418.0	1709.0	2088.0	2410.0	3088.0	3721.0	4757.0	6137.0	8607.0	12292.0	20606.0	36301.0	83263.0	304604.0	160651.0
	19.0	20.0	21.0	22.0	23.0	24.0	25.0	26.0	27.0	28.0	29.0	30.0	31.0	32.0	33.0	34.0	35.0	36.0	37.0	38.0	39.0	40.0
Zdi-ADup_007-Ex1-10D-lcwgs-1-2.clmp.r2	1.0	39.0	361.0	771.0	1048.0	1343.0	1603.0	1714.0	1845.0	1994.0	2145.0	2532.0	2907.0	3846.0	4892.0	6860.0	9916.0	16927.0	29009.0	67248.0	257787.0	239853.0
	21.0	22.0	23.0	24.0	25.0	26.0	27.0	28.0	29.0	30.0	31.0	32.0	33.0	34.0	35.0	36.0	37.0	38.0	39.0	40.0
Zdi-ADup_008-Ex1-10E-lcwgs-1-2.clmp.r1	1.0	2.0	2.0	5.0	9.0	9.0	8.0	10.0	15.0	22.0	21.0	31.0	40.0	57.0	71.0	134.0	230.0	533.0	1964.0	1050.0
	21.0	22.0	23.0	24.0	25.0	26.0	27.0	28.0	29.0	30.0	31.0	32.0	33.0	34.0	35.0	36.0	37.0	38.0	39.0	40.0
Zdi-ADup_008-Ex1-10E-lcwgs-1-2.clmp.r2	4.0	4.0	8.0	12.0	5.0	9.0	9.0	7.0	11.0	16.0	22.0	29.0	21.0	49.0	56.0	110.0	191.0	376.0	1710.0	1565.0
	20.0	21.0	22.0	23.0	24.0	25.0	26.0	27.0	28.0	29.0	30.0	31.0	32.0	33.0	34.0	35.0	36.0	37.0	38.0	39.0	40.0
Zdi-ADup_009-Ex1-10F-lcwgs-1-2.clmp.r1	19.0	708.0	2999.0	6016.0	9945.0	13044.0	16507.0	19011.0	23684.0	28369.0	35604.0	43424.0	57928.0	74153.0	104567.0	152376.0	261806.0	457960.0	1079771.0	4112438.0	2355414.0
	19.0	20.0	21.0	22.0	23.0	24.0	25.0	26.0	27.0	28.0	29.0	30.0	31.0	32.0	33.0	34.0	35.0	36.0	37.0	38.0	39.0	40.0
Zdi-ADup_009-Ex1-10F-lcwgs-1-2.clmp.r2	5.0	432.0	3944.0	8761.0	11681.0	15223.0	17325.0	19531.0	21293.0	23902.0	25888.0	30680.0	36117.0	46288.0	58825.0	81914.0	121060.0	208246.0	363107.0	859440.0	3517890.0	3384191.0
	20.0	21.0	22.0	23.0	24.0	25.0	26.0	27.0	28.0	29.0	30.0	31.0	32.0	33.0	34.0	35.0	36.0	37.0	38.0	39.0	40.0
Zdi-ADup_010-Ex1-10G-lcwgs-1-2.clmp.r1	11.0	263.0	994.0	2163.0	3400.0	4525.0	5310.0	6017.0	7761.0	9116.0	11437.0	13901.0	18199.0	23073.0	32424.0	47082.0	80106.0	137194.0	317429.0	1163629.0	659385.0
	19.0	20.0	21.0	22.0	23.0	24.0	25.0	26.0	27.0	28.0	29.0	30.0	31.0	32.0	33.0	34.0	35.0	36.0	37.0	38.0	39.0	40.0
Zdi-ADup_010-Ex1-10G-lcwgs-1-2.clmp.r2	1.0	139.0	1218.0	2708.0	3667.0	4852.0	5678.0	6157.0	6535.0	7247.0	7990.0	9322.0	11007.0	14065.0	17556.0	24475.0	35804.0	60799.0	104702.0	244189.0	976063.0	999245.0
	21.0	22.0	23.0	24.0	25.0	26.0	27.0	28.0	29.0	30.0	31.0	32.0	33.0	34.0	35.0	36.0	37.0	38.0	39.0	40.0
Zdi-ADup_011-Ex1-10H-lcwgs-1-2.clmp.r1	18.0	75.0	157.0	311.0	373.0	525.0	525.0	704.0	825.0	1054.0	1265.0	1731.0	2114.0	3090.0	4548.0	7980.0	13653.0	32474.0	120980.0	66236.0
	20.0	21.0	22.0	23.0	24.0	25.0	26.0	27.0	28.0	29.0	30.0	31.0	32.0	33.0	34.0	35.0	36.0	37.0	38.0	39.0	40.0
Zdi-ADup_011-Ex1-10H-lcwgs-1-2.clmp.r2	13.0	127.0	260.0	328.0	423.0	498.0	559.0	619.0	717.0	748.0	859.0	1036.0	1352.0	1711.0	2376.0	3592.0	6104.0	10675.0	26099.0	105998.0	94544.0
	20.0	21.0	22.0	23.0	24.0	25.0	26.0	27.0	28.0	29.0	30.0	31.0	32.0	33.0	34.0	35.0	36.0	37.0	38.0	39.0	40.0
Zdi-ADup_012-Ex1-11A-lcwgs-1-2.clmp.r1	41.0	878.0	2847.0	4969.0	7693.0	9762.0	12424.0	14666.0	17444.0	20386.0	24689.0	29726.0	38555.0	48042.0	65990.0	91590.0	143269.0	238902.0	511271.0	1600882.0	563855.0
	19.0	20.0	21.0	22.0	23.0	24.0	25.0	26.0	27.0	28.0	29.0	30.0	31.0	32.0	33.0	34.0	35.0	36.0	37.0	38.0	39.0	40.0
Zdi-ADup_012-Ex1-11A-lcwgs-1-2.clmp.r2	9.0	1073.0	7855.0	12094.0	13308.0	14368.0	14920.0	16728.0	18124.0	20745.0	23608.0	28517.0	33596.0	42488.0	54004.0	77192.0	114099.0	188764.0	314854.0	655889.0	1378317.0	417329.0
	20.0	21.0	22.0	23.0	24.0	25.0	26.0	27.0	28.0	29.0	30.0	31.0	32.0	33.0	34.0	35.0	36.0	37.0	38.0	39.0	40.0
Zdi-ADup_013-Ex1-12F-lcwgs-1-2.clmp.r1	4.0	63.0	258.0	419.0	733.0	943.0	1179.0	1370.0	1701.0	1936.0	2394.0	2823.0	3781.0	4795.0	6744.0	9971.0	16558.0	28289.0	62794.0	227845.0	159680.0
	20.0	21.0	22.0	23.0	24.0	25.0	26.0	27.0	28.0	29.0	30.0	31.0	32.0	33.0	34.0	35.0	36.0	37.0	38.0	39.0	40.0
Zdi-ADup_013-Ex1-12F-lcwgs-1-2.clmp.r2	48.0	359.0	680.0	835.0	1017.0	1191.0	1279.0	1428.0	1622.0	1720.0	2084.0	2443.0	3124.0	4081.0	5765.0	8912.0	14828.0	26544.0	61265.0	217895.0	177160.0
	20.0	21.0	22.0	23.0	24.0	25.0	26.0	27.0	28.0	29.0	30.0	31.0	32.0	33.0	34.0	35.0	36.0	37.0	38.0	39.0	40.0
Zdi-ADup_014-Ex1-11C-lcwgs-1-2.clmp.r1	9.0	143.0	528.0	1140.0	1751.0	2275.0	2832.0	3336.0	4087.0	4803.0	5901.0	7355.0	9174.0	11959.0	16380.0	23027.0	38372.0	65247.0	144231.0	521213.0	341226.0
	19.0	20.0	21.0	22.0	23.0	24.0	25.0	26.0	27.0	28.0	29.0	30.0	31.0	32.0	33.0	34.0	35.0	36.0	37.0	38.0	39.0	40.0
Zdi-ADup_014-Ex1-11C-lcwgs-1-2.clmp.r2	1.0	102.0	761.0	1620.0	2012.0	2596.0	2899.0	3348.0	3768.0	4168.0	4625.0	5489.0	6348.0	7829.0	10272.0	14624.0	21704.0	36701.0	62422.0	141167.0	494988.0	377545.0
	20.0	21.0	22.0	23.0	24.0	25.0	26.0	27.0	28.0	29.0	30.0	31.0	32.0	33.0	34.0	35.0	36.0	37.0	38.0	39.0	40.0
Zdi-ADup_015-Ex1-11D-lcwgs-1-2.clmp.r1	6.0	69.0	234.0	412.0	677.0	905.0	1045.0	1256.0	1488.0	1764.0	2177.0	2704.0	3579.0	4680.0	6321.0	9326.0	15687.0	27447.0	61104.0	227437.0	163158.0
	20.0	21.0	22.0	23.0	24.0	25.0	26.0	27.0	28.0	29.0	30.0	31.0	32.0	33.0	34.0	35.0	36.0	37.0	38.0	39.0	40.0
Zdi-ADup_015-Ex1-11D-lcwgs-1-2.clmp.r2	45.0	312.0	640.0	728.0	982.0	1064.0	1270.0	1404.0	1473.0	1727.0	1985.0	2379.0	3024.0	3804.0	5384.0	7724.0	13540.0	23731.0	56195.0	221045.0	183020.0
	20.0	21.0	22.0	23.0	24.0	25.0	26.0	27.0	28.0	29.0	30.0	31.0	32.0	33.0	34.0	35.0	36.0	37.0	38.0	39.0	40.0
Zdi-ADup_016-Ex1-11E-lcwgs-1-2.clmp.r1	2.0	50.0	237.0	446.0	671.0	838.0	1039.0	1232.0	1502.0	1754.0	2162.0	2644.0	3315.0	4394.0	6005.0	8782.0	14870.0	25993.0	56944.0	213636.0	161668.0
	20.0	21.0	22.0	23.0	24.0	25.0	26.0	27.0	28.0	29.0	30.0	31.0	32.0	33.0	34.0	35.0	36.0	37.0	38.0	39.0	40.0
Zdi-ADup_016-Ex1-11E-lcwgs-1-2.clmp.r2	37.0	310.0	586.0	709.0	917.0	1177.0	1257.0	1318.0	1454.0	1618.0	1947.0	2307.0	2794.0	3724.0	5002.0	7323.0	12462.0	22029.0	52360.0	212858.0	175995.0
	20.0	21.0	22.0	23.0	24.0	25.0	26.0	27.0	28.0	29.0	30.0	31.0	32.0	33.0	34.0	35.0	36.0	37.0	38.0	39.0	40.0
Zdi-ADup_017-Ex1-11F-lcwgs-1-2.clmp.r1	2.0	79.0	341.0	635.0	993.0	1326.0	1637.0	1838.0	2343.0	2936.0	3453.0	4313.0	5764.0	7416.0	10252.0	14975.0	25748.0	44788.0	99958.0	386490.0	307404.0
	19.0	20.0	21.0	22.0	23.0	24.0	25.0	26.0	27.0	28.0	29.0	30.0	31.0	32.0	33.0	34.0	35.0	36.0	37.0	38.0	39.0	40.0
Zdi-ADup_017-Ex1-11F-lcwgs-1-2.clmp.r2	1.0	51.0	405.0	907.0	1180.0	1502.0	1650.0	1897.0	2154.0	2313.0	2549.0	3052.0	3589.0	4745.0	5944.0	8499.0	12285.0	21724.0	38184.0	90681.0	371743.0	347636.0
	20.0	21.0	22.0	23.0	24.0	25.0	26.0	27.0	28.0	29.0	30.0	31.0	32.0	33.0	34.0	35.0	36.0	37.0	38.0	39.0	40.0
Zdi-ADup_018-Ex1-11G-lcwgs-1-2.clmp.r1	9.0	201.0	749.0	1391.0	2113.0	2658.0	3501.0	3896.0	4760.0	5576.0	6902.0	8486.0	11087.0	14288.0	19720.0	28536.0	47939.0	83737.0	186782.0	710238.0	496820.0
	19.0	20.0	21.0	22.0	23.0	24.0	25.0	26.0	27.0	28.0	29.0	30.0	31.0	32.0	33.0	34.0	35.0	36.0	37.0	38.0	39.0	40.0
Zdi-ADup_018-Ex1-11G-lcwgs-1-2.clmp.r2	1.0	115.0	929.0	1900.0	2483.0	3020.0	3374.0	4013.0	4324.0	4709.0	5078.0	6069.0	7134.0	9227.0	11760.0	16482.0	24153.0	42075.0	73800.0	173492.0	684740.0	560511.0
	20.0	21.0	22.0	23.0	24.0	25.0	26.0	27.0	28.0	29.0	30.0	31.0	32.0	33.0	34.0	35.0	36.0	37.0	38.0	39.0	40.0
Zdi-ADup_019-Ex1-11H-lcwgs-1-2.clmp.r1	2.0	47.0	186.0	415.0	666.0	860.0	1075.0	1214.0	1487.0	1774.0	2184.0	2642.0	3579.0	4588.0	6326.0	9588.0	16483.0	27890.0	62761.0	241811.0	188655.0
	20.0	21.0	22.0	23.0	24.0	25.0	26.0	27.0	28.0	29.0	30.0	31.0	32.0	33.0	34.0	35.0	36.0	37.0	38.0	39.0	40.0
Zdi-ADup_019-Ex1-11H-lcwgs-1-2.clmp.r2	29.0	242.0	502.0	711.0	907.0	1038.0	1190.0	1221.0	1342.0	1590.0	1791.0	2181.0	2882.0	3468.0	4967.0	7388.0	12607.0	22648.0	55188.0	237621.0	214720.0
	20.0	21.0	22.0	23.0	24.0	25.0	26.0	27.0	28.0	29.0	30.0	31.0	32.0	33.0	34.0	35.0	36.0	37.0	38.0	39.0	40.0
Zdi-ADup_020-Ex1-12A-lcwgs-1-2.clmp.r1	180.0	3799.0	13734.0	25824.0	39315.0	51111.0	61691.0	70801.0	85525.0	99034.0	121754.0	145263.0	189877.0	240986.0	333041.0	473785.0	784999.0	1339820.0	2887176.0	10762020.0	7643027.0
	19.0	20.0	21.0	22.0	23.0	24.0	25.0	26.0	27.0	28.0	29.0	30.0	31.0	32.0	33.0	34.0	35.0	36.0	37.0	38.0	39.0	40.0
Zdi-ADup_020-Ex1-12A-lcwgs-1-2.clmp.r2	15.0	2098.0	15831.0	31429.0	40557.0	51378.0	59820.0	67760.0	71455.0	80182.0	87691.0	104239.0	119434.0	153646.0	193487.0	269634.0	394418.0	660630.0	1153145.0	2686388.0	10892510.0	8237015.0
	19.0	20.0	21.0	22.0	23.0	24.0	25.0	26.0	27.0	28.0	29.0	30.0	31.0	32.0	33.0	34.0	35.0	36.0	37.0	38.0	39.0	40.0
Zdi-ADup_021-Ex1-12B-lcwgs-1-2.clmp.r1	1.0	4586.0	89143.0	307846.0	557281.0	832291.0	1033227.0	1242213.0	1401027.0	1675235.0	1909763.0	2286907.0	2678201.0	3377125.0	4113472.0	5406076.0	7220068.0	10980907.0	16980487.0	32842820.0	106221765.0	72034410.0
	19.0	20.0	21.0	22.0	23.0	24.0	25.0	26.0	27.0	28.0	29.0	30.0	31.0	32.0	33.0	34.0	35.0	36.0	37.0	38.0	39.0	40.0
Zdi-ADup_021-Ex1-12B-lcwgs-1-2.clmp.r2	283.0	43408.0	332703.0	661308.0	855660.0	1083539.0	1244915.0	1388157.0	1460257.0	1621209.0	1752671.0	2022350.0	2311482.0	2862226.0	3488623.0	4639342.0	6361288.0	9944084.0	15860725.0	33367619.0	111083902.0	70809100.0
	20.0	21.0	22.0	23.0	24.0	25.0	26.0	27.0	28.0	29.0	30.0	31.0	32.0	33.0	34.0	35.0	36.0	37.0	38.0	39.0	40.0
Zdi-ADup_022-Ex1-12C-lcwgs-1-2.clmp.r1	4.0	65.0	228.0	485.0	704.0	937.0	1152.0	1360.0	1635.0	1854.0	2286.0	2846.0	3713.0	4813.0	6620.0	9464.0	15995.0	27280.0	59972.0	221806.0	170731.0
	19.0	20.0	21.0	22.0	23.0	24.0	25.0	26.0	27.0	28.0	29.0	30.0	31.0	32.0	33.0	34.0	35.0	36.0	37.0	38.0	39.0	40.0
Zdi-ADup_022-Ex1-12C-lcwgs-1-2.clmp.r2	1.0	29.0	266.0	534.0	739.0	957.0	1124.0	1214.0	1354.0	1484.0	1686.0	1907.0	2288.0	2911.0	3517.0	5259.0	7685.0	13248.0	23240.0	54378.0	218995.0	191134.0
	20.0	21.0	22.0	23.0	24.0	25.0	26.0	27.0	28.0	29.0	30.0	31.0	32.0	33.0	34.0	35.0	36.0	37.0	38.0	39.0	40.0
Zdi-ADup_023-Ex1-12D-lcwgs-1-2.clmp.r1	3.0	33.0	119.0	285.0	420.0	564.0	708.0	762.0	981.0	1182.0	1449.0	1724.0	2269.0	2953.0	4090.0	5970.0	9962.0	16788.0	36625.0	135727.0	105872.0
	20.0	21.0	22.0	23.0	24.0	25.0	26.0	27.0	28.0	29.0	30.0	31.0	32.0	33.0	34.0	35.0	36.0	37.0	38.0	39.0	40.0
Zdi-ADup_023-Ex1-12D-lcwgs-1-2.clmp.r2	29.0	173.0	366.0	488.0	603.0	711.0	778.0	822.0	940.0	996.0	1186.0	1434.0	1897.0	2298.0	3288.0	4901.0	8363.0	14489.0	33150.0	131116.0	120458.0
	20.0	21.0	22.0	23.0	24.0	25.0	26.0	27.0	28.0	29.0	30.0	31.0	32.0	33.0	34.0	35.0	36.0	37.0	38.0	39.0	40.0
Zdi-ADup_024-Ex1-12E-lcwgs-1-2.clmp.r1	2.0	65.0	249.0	525.0	903.0	1104.0	1356.0	1640.0	2102.0	2377.0	2961.0	3559.0	4520.0	5655.0	7704.0	11113.0	17965.0	30543.0	65290.0	235194.0	205986.0
	20.0	21.0	22.0	23.0	24.0	25.0	26.0	27.0	28.0	29.0	30.0	31.0	32.0	33.0	34.0	35.0	36.0	37.0	38.0	39.0	40.0
Zdi-ADup_024-Ex1-12E-lcwgs-1-2.clmp.r2	38.0	405.0	912.0	1217.0	1459.0	1560.0	1647.0	1735.0	1876.0	2061.0	2462.0	2884.0	3774.0	4575.0	6405.0	9279.0	15452.0	26263.0	57835.0	215629.0	243345.0
	20.0	21.0	22.0	23.0	24.0	25.0	26.0	27.0	28.0	29.0	30.0	31.0	32.0	33.0	34.0	35.0	36.0	37.0	38.0	39.0	40.0
Zdi-ADup_025-Ex1-2A-lcwgs-1-2.clmp.r1	35.0	924.0	4171.0	9819.0	16861.0	22078.0	27724.0	31812.0	40053.0	46794.0	58215.0	70700.0	93271.0	117525.0	162392.0	230743.0	387499.0	655149.0	1414573.0	5259712.0	5336195.0
	19.0	20.0	21.0	22.0	23.0	24.0	25.0	26.0	27.0	28.0	29.0	30.0	31.0	32.0	33.0	34.0	35.0	36.0	37.0	38.0	39.0	40.0
Zdi-ADup_025-Ex1-2A-lcwgs-1-2.clmp.r2	4.0	490.0	4268.0	10786.0	16673.0	23823.0	28094.0	31516.0	32461.0	36646.0	39366.0	46711.0	54282.0	69412.0	87286.0	121188.0	174292.0	290986.0	492861.0	1137214.0	5021756.0	6266130.0
	20.0	21.0	22.0	23.0	24.0	25.0	26.0	27.0	28.0	29.0	30.0	31.0	32.0	33.0	34.0	35.0	36.0	37.0	38.0	39.0	40.0
Zdi-ADup_026-Ex1-12G-lcwgs-1-2.clmp.r1	9.0	79.0	249.0	436.0	635.0	826.0	921.0	1072.0	1333.0	1598.0	1994.0	2407.0	3195.0	4150.0	5608.0	7911.0	13605.0	22942.0	50407.0	189301.0	172561.0
	20.0	21.0	22.0	23.0	24.0	25.0	26.0	27.0	28.0	29.0	30.0	31.0	32.0	33.0	34.0	35.0	36.0	37.0	38.0	39.0	40.0
Zdi-ADup_026-Ex1-12G-lcwgs-1-2.clmp.r2	20.0	241.0	513.0	686.0	879.0	919.0	972.0	975.0	1193.0	1148.0	1408.0	1677.0	2188.0	2738.0	3770.0	5654.0	9926.0	17171.0	40706.0	175579.0	212876.0
	20.0	21.0	22.0	23.0	24.0	25.0	26.0	27.0	28.0	29.0	30.0	31.0	32.0	33.0	34.0	35.0	36.0	37.0	38.0	39.0	40.0
Zdi-ADup_027-Ex1-12H-lcwgs-1-2.clmp.r1	9.0	355.0	1632.0	3496.0	5202.0	6775.0	8298.0	9712.0	11963.0	14059.0	17971.0	21516.0	28578.0	36160.0	50539.0	72041.0	119947.0	206016.0	450766.0	1754642.0	1497922.0
	19.0	20.0	21.0	22.0	23.0	24.0	25.0	26.0	27.0	28.0	29.0	30.0	31.0	32.0	33.0	34.0	35.0	36.0	37.0	38.0	39.0	40.0
Zdi-ADup_027-Ex1-12H-lcwgs-1-2.clmp.r2	2.0	235.0	2147.0	4763.0	6242.0	7877.0	8573.0	9595.0	10108.0	11165.0	11834.0	14361.0	16373.0	21679.0	27824.0	39018.0	57304.0	99310.0	172157.0	403799.0	1691478.0	1701755.0
	20.0	21.0	22.0	23.0	24.0	25.0	26.0	27.0	28.0	29.0	30.0	31.0	32.0	33.0	34.0	35.0	36.0	37.0	38.0	39.0	40.0
Zdi-ADup_028-Ex1-9F-lcwgs-1-2.clmp.r1	3.0	32.0	119.0	235.0	371.0	524.0	657.0	701.0	874.0	1050.0	1364.0	1596.0	2167.0	2709.0	3890.0	5584.0	9498.0	16608.0	37060.0	139623.0	123562.0
	20.0	21.0	22.0	23.0	24.0	25.0	26.0	27.0	28.0	29.0	30.0	31.0	32.0	33.0	34.0	35.0	36.0	37.0	38.0	39.0	40.0
Zdi-ADup_028-Ex1-9F-lcwgs-1-2.clmp.r2	16.0	152.0	319.0	401.0	522.0	684.0	724.0	738.0	888.0	925.0	1086.0	1222.0	1604.0	2107.0	2882.0	4254.0	7378.0	12964.0	30684.0	133714.0	144963.0
	20.0	21.0	22.0	23.0	24.0	25.0	26.0	27.0	28.0	29.0	30.0	31.0	32.0	33.0	34.0	35.0	36.0	37.0	38.0	39.0	40.0
Zdi-ADup_029-Ex1-1A-lcwgs-1-2.clmp.r1	1.0	11.0	52.0	106.0	192.0	262.0	367.0	402.0	457.0	669.0	823.0	1011.0	1366.0	1706.0	2462.0	3513.0	5987.0	9972.0	21876.0	80000.0	99811.0
	20.0	21.0	22.0	23.0	24.0	25.0	26.0	27.0	28.0	29.0	30.0	31.0	32.0	33.0	34.0	35.0	36.0	37.0	38.0	39.0	40.0
Zdi-ADup_029-Ex1-1A-lcwgs-1-2.clmp.r2	4.0	49.0	172.0	231.0	344.0	343.0	353.0	339.0	435.0	462.0	598.0	709.0	890.0	1160.0	1561.0	2353.0	3975.0	6959.0	16347.0	72035.0	121727.0
	21.0	22.0	23.0	24.0	25.0	26.0	27.0	28.0	29.0	30.0	31.0	32.0	33.0	34.0	35.0	36.0	37.0	38.0	39.0	40.0
Zdi-ADup_030-Ex1-1B-lcwgs-1-2.clmp.r1	21.0	149.0	362.0	532.0	684.0	866.0	973.0	1199.0	1448.0	1813.0	2245.0	3001.0	3813.0	5379.0	7755.0	13081.0	21980.0	48772.0	184814.0	199136.0
	20.0	21.0	22.0	23.0	24.0	25.0	26.0	27.0	28.0	29.0	30.0	31.0	32.0	33.0	34.0	35.0	36.0	37.0	38.0	39.0	40.0
Zdi-ADup_030-Ex1-1B-lcwgs-1-2.clmp.r2	15.0	157.0	397.0	543.0	732.0	803.0	836.0	882.0	974.0	1100.0	1313.0	1574.0	2010.0	2504.0	3602.0	5230.0	9170.0	15586.0	36836.0	170440.0	243319.0
	21.0	22.0	23.0	24.0	25.0	26.0	27.0	28.0	29.0	30.0	31.0	32.0	33.0	34.0	35.0	36.0	37.0	38.0	39.0	40.0
Zdi-ADup_031-Ex1-1C-lcwgs-1-2.clmp.r1	10.0	38.0	73.0	115.0	161.0	197.0	212.0	258.0	349.0	395.0	523.0	719.0	866.0	1125.0	1655.0	2826.0	4748.0	10311.0	38217.0	36573.0
	20.0	21.0	22.0	23.0	24.0	25.0	26.0	27.0	28.0	29.0	30.0	31.0	32.0	33.0	34.0	35.0	36.0	37.0	38.0	39.0	40.0
Zdi-ADup_031-Ex1-1C-lcwgs-1-2.clmp.r2	3.0	36.0	87.0	137.0	174.0	184.0	177.0	228.0	232.0	252.0	309.0	387.0	457.0	575.0	854.0	1187.0	2170.0	3654.0	8497.0	36086.0	43685.0
	20.0	21.0	22.0	23.0	24.0	25.0	26.0	27.0	28.0	29.0	30.0	31.0	32.0	33.0	34.0	35.0	36.0	37.0	38.0	39.0	40.0
Zdi-ADup_032-Ex1-1D-lcwgs-1-2.clmp.r1	12.0	312.0	1041.0	1935.0	3063.0	3980.0	4778.0	5465.0	6526.0	7832.0	9295.0	11490.0	14457.0	18180.0	24657.0	34909.0	57706.0	99545.0	215711.0	791130.0	524429.0
	20.0	21.0	22.0	23.0	24.0	25.0	26.0	27.0	28.0	29.0	30.0	31.0	32.0	33.0	34.0	35.0	36.0	37.0	38.0	39.0	40.0
Zdi-ADup_032-Ex1-1D-lcwgs-1-2.clmp.r2	223.0	1381.0	2678.0	3362.0	4331.0	4743.0	5498.0	5935.0	6651.0	7359.0	8527.0	10112.0	12961.0	16362.0	23059.0	33678.0	56950.0	97393.0	221274.0	784351.0	529625.0
	21.0	22.0	23.0	24.0	25.0	26.0	27.0	28.0	29.0	30.0	31.0	32.0	33.0	34.0	35.0	36.0	37.0	38.0	39.0	40.0
Zdi-ADup_033-Ex1-1E-lcwgs-1-2.clmp.r1	5.0	21.0	27.0	41.0	69.0	60.0	84.0	98.0	122.0	138.0	160.0	253.0	262.0	428.0	619.0	1003.0	1724.0	3724.0	13488.0	12590.0
	20.0	21.0	22.0	23.0	24.0	25.0	26.0	27.0	28.0	29.0	30.0	31.0	32.0	33.0	34.0	35.0	36.0	37.0	38.0	39.0	40.0
Zdi-ADup_033-Ex1-1E-lcwgs-1-2.clmp.r2	2.0	18.0	31.0	48.0	61.0	59.0	62.0	75.0	90.0	101.0	120.0	121.0	182.0	203.0	304.0	448.0	761.0	1252.0	3048.0	13304.0	14626.0
	21.0	22.0	23.0	24.0	25.0	26.0	27.0	28.0	29.0	30.0	31.0	32.0	33.0	34.0	35.0	36.0	37.0	38.0	39.0	40.0
Zdi-ADup_034-Ex1-1F-lcwgs-1-2.clmp.r1	27.0	140.0	266.0	436.0	619.0	748.0	828.0	1032.0	1178.0	1520.0	1760.0	2447.0	3189.0	4434.0	6352.0	10786.0	18791.0	42304.0	162563.0	151472.0
	20.0	21.0	22.0	23.0	24.0	25.0	26.0	27.0	28.0	29.0	30.0	31.0	32.0	33.0	34.0	35.0	36.0	37.0	38.0	39.0	40.0
Zdi-ADup_034-Ex1-1F-lcwgs-1-2.clmp.r2	21.0	136.0	321.0	484.0	555.0	700.0	764.0	777.0	816.0	931.0	1201.0	1391.0	1751.0	2322.0	3204.0	4650.0	8123.0	13927.0	34679.0	155469.0	178670.0
	20.0	21.0	22.0	23.0	24.0	25.0	26.0	27.0	28.0	29.0	30.0	31.0	32.0	33.0	34.0	35.0	36.0	37.0	38.0	39.0	40.0
Zdi-ADup_035-Ex1-1G-lcwgs-1-2.clmp.r1	1.0	11.0	66.0	158.0	249.0	351.0	398.0	447.0	574.0	616.0	870.0	992.0	1294.0	1765.0	2426.0	3570.0	6187.0	10467.0	23844.0	86688.0	84207.0
	20.0	21.0	22.0	23.0	24.0	25.0	26.0	27.0	28.0	29.0	30.0	31.0	32.0	33.0	34.0	35.0	36.0	37.0	38.0	39.0	40.0
Zdi-ADup_035-Ex1-1G-lcwgs-1-2.clmp.r2	12.0	77.0	159.0	224.0	322.0	362.0	430.0	434.0	475.0	532.0	630.0	710.0	977.0	1271.0	1718.0	2553.0	4499.0	7733.0	18112.0	82011.0	101940.0
	20.0	21.0	22.0	23.0	24.0	25.0	26.0	27.0	28.0	29.0	30.0	31.0	32.0	33.0	34.0	35.0	36.0	37.0	38.0	39.0	40.0
Zdi-ADup_036-Ex1-1H-lcwgs-1-2.clmp.r1	1.0	23.0	95.0	191.0	330.0	397.0	473.0	549.0	698.0	780.0	1054.0	1244.0	1633.0	2085.0	3012.0	4396.0	7204.0	12440.0	27245.0	99406.0	103523.0
	20.0	21.0	22.0	23.0	24.0	25.0	26.0	27.0	28.0	29.0	30.0	31.0	32.0	33.0	34.0	35.0	36.0	37.0	38.0	39.0	40.0
Zdi-ADup_036-Ex1-1H-lcwgs-1-2.clmp.r2	9.0	109.0	222.0	347.0	478.0	543.0	544.0	531.0	567.0	649.0	827.0	900.0	1214.0	1506.0	2051.0	3042.0	5327.0	9158.0	21133.0	91890.0	125732.0
	20.0	21.0	22.0	23.0	24.0	25.0	26.0	27.0	28.0	29.0	30.0	31.0	32.0	33.0	34.0	35.0	36.0	37.0	38.0	39.0	40.0
Zdi-ADup_037-Ex1-3D-lcwgs-1-2.clmp.r1	174.0	4526.0	17402.0	32881.0	50795.0	64751.0	79779.0	91333.0	110938.0	128108.0	156698.0	188335.0	240932.0	299175.0	402787.0	547860.0	856852.0	1354911.0	2749754.0	10391912.0	10825268.0
	19.0	20.0	21.0	22.0	23.0	24.0	25.0	26.0	27.0	28.0	29.0	30.0	31.0	32.0	33.0	34.0	35.0	36.0	37.0	38.0	39.0	40.0
Zdi-ADup_037-Ex1-3D-lcwgs-1-2.clmp.r2	18.0	2704.0	22074.0	43862.0	56296.0	68131.0	76829.0	85516.0	89723.0	101838.0	112910.0	133614.0	154843.0	194576.0	239860.0	330408.0	465385.0	754088.0	1248476.0	2732746.0	10991084.0	10690190.0
	20.0	21.0	22.0	23.0	24.0	25.0	26.0	27.0	28.0	29.0	30.0	31.0	32.0	33.0	34.0	35.0	36.0	37.0	38.0	39.0	40.0
Zdi-ADup_038-Ex1-2B-lcwgs-1-2.clmp.r1	4.0	45.0	172.0	392.0	654.0	845.0	1054.0	1137.0	1480.0	1724.0	2131.0	2695.0	3542.0	4568.0	6336.0	9188.0	15541.0	26076.0	57278.0	206913.0	194329.0
	20.0	21.0	22.0	23.0	24.0	25.0	26.0	27.0	28.0	29.0	30.0	31.0	32.0	33.0	34.0	35.0	36.0	37.0	38.0	39.0	40.0
Zdi-ADup_038-Ex1-2B-lcwgs-1-2.clmp.r2	28.0	183.0	412.0	633.0	854.0	1034.0	989.0	1125.0	1243.0	1270.0	1643.0	1821.0	2341.0	3087.0	4200.0	6375.0	10820.0	18720.0	44505.0	193934.0	240887.0
	20.0	21.0	22.0	23.0	24.0	25.0	26.0	27.0	28.0	29.0	30.0	31.0	32.0	33.0	34.0	35.0	36.0	37.0	38.0	39.0	40.0
Zdi-ADup_039-Ex1-2C-lcwgs-1-2.clmp.r1	121.0	2878.0	12404.0	25632.0	42259.0	54901.0	68082.0	78099.0	96387.0	112660.0	138920.0	167705.0	219815.0	276413.0	380852.0	539722.0	895965.0	1513407.0	3275766.0	12552915.0	11046611.0
	19.0	20.0	21.0	22.0	23.0	24.0	25.0	26.0	27.0	28.0	29.0	30.0	31.0	32.0	33.0	34.0	35.0	36.0	37.0	38.0	39.0	40.0
Zdi-ADup_039-Ex1-2C-lcwgs-1-2.clmp.r2	19.0	1643.0	13502.0	30710.0	45155.0	60286.0	71112.0	78058.0	82136.0	92014.0	101134.0	118900.0	137436.0	175971.0	219076.0	303633.0	436075.0	732042.0	1253026.0	2904810.0	12463279.0	12181497.0
	20.0	21.0	22.0	23.0	24.0	25.0	26.0	27.0	28.0	29.0	30.0	31.0	32.0	33.0	34.0	35.0	36.0	37.0	38.0	39.0	40.0
Zdi-ADup_040-Ex1-2D-lcwgs-1-2.clmp.r1	318.0	6135.0	24249.0	48602.0	78297.0	100646.0	124182.0	142682.0	173122.0	201302.0	247024.0	296056.0	383604.0	480683.0	657631.0	920527.0	1494171.0	2477147.0	5225349.0	19485369.0	16631049.0
	19.0	20.0	21.0	22.0	23.0	24.0	25.0	26.0	27.0	28.0	29.0	30.0	31.0	32.0	33.0	34.0	35.0	36.0	37.0	38.0	39.0	40.0
Zdi-ADup_040-Ex1-2D-lcwgs-1-2.clmp.r2	14.0	3269.0	27627.0	59196.0	79880.0	104176.0	121204.0	135999.0	142863.0	161008.0	176806.0	207218.0	241647.0	304552.0	382432.0	524401.0	750523.0	1242794.0	2107677.0	4807315.0	19821466.0	17796078.0
	20.0	21.0	22.0	23.0	24.0	25.0	26.0	27.0	28.0	29.0	30.0	31.0	32.0	33.0	34.0	35.0	36.0	37.0	38.0	39.0	40.0
Zdi-ADup_041-Ex1-2E-lcwgs-1-2.clmp.r1	80.0	2006.0	8048.0	16846.0	26856.0	35109.0	43436.0	49528.0	60719.0	71223.0	88975.0	107226.0	140023.0	178045.0	246196.0	350140.0	585036.0	990678.0	2146021.0	8150030.0	7156376.0
	19.0	20.0	21.0	22.0	23.0	24.0	25.0	26.0	27.0	28.0	29.0	30.0	31.0	32.0	33.0	34.0	35.0	36.0	37.0	38.0	39.0	40.0
Zdi-ADup_041-Ex1-2E-lcwgs-1-2.clmp.r2	7.0	1025.0	9136.0	20581.0	28300.0	36933.0	42587.0	47733.0	50107.0	56343.0	62687.0	73203.0	85352.0	109102.0	136434.0	190658.0	275050.0	464873.0	795718.0	1856487.0	8006005.0	8104276.0
	20.0	21.0	22.0	23.0	24.0	25.0	26.0	27.0	28.0	29.0	30.0	31.0	32.0	33.0	34.0	35.0	36.0	37.0	38.0	39.0	40.0
Zdi-ADup_042-Ex1-2F-lcwgs-1-2.clmp.r1	6.0	205.0	805.0	1518.0	2603.0	3413.0	4066.0	4682.0	5790.0	6715.0	8379.0	10339.0	13509.0	17562.0	24268.0	35651.0	60308.0	105401.0	234172.0	906058.0	708537.0
	20.0	21.0	22.0	23.0	24.0	25.0	26.0	27.0	28.0	29.0	30.0	31.0	32.0	33.0	34.0	35.0	36.0	37.0	38.0	39.0	40.0
Zdi-ADup_042-Ex1-2F-lcwgs-1-2.clmp.r2	99.0	884.0	1848.0	2541.0	3290.0	3984.0	4418.0	4625.0	5314.0	6056.0	6966.0	8237.0	10674.0	13476.0	19197.0	27678.0	48310.0	86138.0	206829.0	897820.0	795603.0
	20.0	21.0	22.0	23.0	24.0	25.0	26.0	27.0	28.0	29.0	30.0	31.0	32.0	33.0	34.0	35.0	36.0	37.0	38.0	39.0	40.0
Zdi-ADup_043-Ex1-2G-lcwgs-1-2.clmp.r1	2.0	24.0	116.0	248.0	413.0	529.0	666.0	778.0	895.0	1025.0	1294.0	1574.0	2125.0	2795.0	3849.0	5518.0	9505.0	16874.0	37384.0	139902.0	111208.0
	20.0	21.0	22.0	23.0	24.0	25.0	26.0	27.0	28.0	29.0	30.0	31.0	32.0	33.0	34.0	35.0	36.0	37.0	38.0	39.0	40.0
Zdi-ADup_043-Ex1-2G-lcwgs-1-2.clmp.r2	13.0	119.0	274.0	366.0	498.0	557.0	644.0	681.0	809.0	893.0	1024.0	1162.0	1571.0	1933.0	2885.0	4124.0	7018.0	12794.0	30989.0	134843.0	133527.0
	21.0	22.0	23.0	24.0	25.0	26.0	27.0	28.0	29.0	30.0	31.0	32.0	33.0	34.0	35.0	36.0	37.0	38.0	39.0	40.0
Zdi-ADup_044-Ex1-2H-lcwgs-1-2.clmp.r1	117.0	450.0	906.0	1458.0	1921.0	2386.0	2739.0	3384.0	3923.0	4699.0	5716.0	7626.0	10019.0	14070.0	19793.0	33678.0	57642.0	126949.0	474215.0	391022.0
	19.0	20.0	21.0	22.0	23.0	24.0	25.0	26.0	27.0	28.0	29.0	30.0	31.0	32.0	33.0	34.0	35.0	36.0	37.0	38.0	39.0	40.0
Zdi-ADup_044-Ex1-2H-lcwgs-1-2.clmp.r2	3.0	64.0	464.0	1068.0	1492.0	2005.0	2336.0	2628.0	2647.0	3004.0	3484.0	3951.0	4610.0	5854.0	7535.0	10453.0	15380.0	26291.0	45890.0	108032.0	462203.0	453319.0
	20.0	21.0	22.0	23.0	24.0	25.0	26.0	27.0	28.0	29.0	30.0	31.0	32.0	33.0	34.0	35.0	36.0	37.0	38.0	39.0	40.0
Zdi-ADup_045-Ex1-3A-lcwgs-1-2.clmp.r1	1.0	26.0	119.0	226.0	402.0	560.0	652.0	783.0	885.0	1127.0	1426.0	1601.0	2185.0	2819.0	3995.0	5665.0	9563.0	16396.0	36294.0	135424.0	124016.0
	20.0	21.0	22.0	23.0	24.0	25.0	26.0	27.0	28.0	29.0	30.0	31.0	32.0	33.0	34.0	35.0	36.0	37.0	38.0	39.0	40.0
Zdi-ADup_045-Ex1-3A-lcwgs-1-2.clmp.r2	15.0	124.0	247.0	384.0	502.0	578.0	673.0	703.0	783.0	868.0	994.0	1154.0	1573.0	1924.0	2687.0	4140.0	7056.0	12651.0	30047.0	131994.0	145068.0
	21.0	22.0	23.0	24.0	25.0	26.0	27.0	28.0	29.0	30.0	31.0	32.0	33.0	34.0	35.0	36.0	37.0	38.0	39.0	40.0
Zdi-ADup_046-Ex1-3B-lcwgs-1-2.clmp.r1	12.0	44.0	89.0	141.0	174.0	232.0	253.0	301.0	333.0	452.0	510.0	710.0	908.0	1183.0	1803.0	2859.0	5021.0	11246.0	41569.0	32776.0
	20.0	21.0	22.0	23.0	24.0	25.0	26.0	27.0	28.0	29.0	30.0	31.0	32.0	33.0	34.0	35.0	36.0	37.0	38.0	39.0	40.0
Zdi-ADup_046-Ex1-3B-lcwgs-1-2.clmp.r2	3.0	33.0	67.0	115.0	139.0	163.0	196.0	210.0	253.0	265.0	283.0	345.0	471.0	581.0	858.0	1290.0	2188.0	3845.0	9285.0	40953.0	39073.0
	20.0	21.0	22.0	23.0	24.0	25.0	26.0	27.0	28.0	29.0	30.0	31.0	32.0	33.0	34.0	35.0	36.0	37.0	38.0	39.0	40.0
Zdi-ADup_047-Ex1-3C-lcwgs-1-2.clmp.r1	38.0	907.0	3899.0	8530.0	13997.0	18232.0	23163.0	27094.0	33239.0	38528.0	47287.0	55999.0	71281.0	87499.0	116755.0	163218.0	264702.0	439924.0	932529.0	3518728.0	3249735.0
	19.0	20.0	21.0	22.0	23.0	24.0	25.0	26.0	27.0	28.0	29.0	30.0	31.0	32.0	33.0	34.0	35.0	36.0	37.0	38.0	39.0	40.0
Zdi-ADup_047-Ex1-3C-lcwgs-1-2.clmp.r2	1.0	437.0	3834.0	9407.0	14268.0	20166.0	24038.0	27272.0	28227.0	30921.0	32955.0	38034.0	43687.0	54839.0	68601.0	93209.0	131451.0	217004.0	362139.0	814588.0	3437808.0	3662398.0
	20.0	21.0	22.0	23.0	24.0	25.0	26.0	27.0	28.0	29.0	30.0	31.0	32.0	33.0	34.0	35.0	36.0	37.0	38.0	39.0	40.0
Zdi-CDup_001-Ex1-5D-lcwgs-1-2.clmp.r1	115.0	2321.0	7069.0	11418.0	16356.0	21110.0	25766.0	29995.0	36435.0	42503.0	52134.0	63452.0	83929.0	108714.0	152761.0	220127.0	365543.0	634097.0	1370261.0	3943404.0	1637994.0
	19.0	20.0	21.0	22.0	23.0	24.0	25.0	26.0	27.0	28.0	29.0	30.0	31.0	32.0	33.0	34.0	35.0	36.0	37.0	38.0	39.0	40.0
Zdi-CDup_001-Ex1-5D-lcwgs-1-2.clmp.r2	17.0	1604.0	10199.0	15975.0	18480.0	22563.0	27872.0	33034.0	36120.0	40406.0	45361.0	54440.0	64048.0	83329.0	106736.0	152698.0	227196.0	380861.0	653980.0	1473278.0	3819534.0	1557773.0
	20.0	21.0	22.0	23.0	24.0	25.0	26.0	27.0	28.0	29.0	30.0	31.0	32.0	33.0	34.0	35.0	36.0	37.0	38.0	39.0	40.0
Zdi-CDup_002-Ex1-5E-lcwgs-1-2.clmp.r1	82.0	1855.0	5590.0	9870.0	15084.0	19699.0	24094.0	28139.0	33959.0	39834.0	49412.0	60221.0	80197.0	103842.0	147342.0	213821.0	357037.0	623380.0	1374650.0	4201140.0	1948328.0
	19.0	20.0	21.0	22.0	23.0	24.0	25.0	26.0	27.0	28.0	29.0	30.0	31.0	32.0	33.0	34.0	35.0	36.0	37.0	38.0	39.0	40.0
Zdi-CDup_002-Ex1-5E-lcwgs-1-2.clmp.r2	13.0	1564.0	9913.0	16075.0	17956.0	21724.0	25463.0	29351.0	32574.0	38402.0	43713.0	52252.0	62281.0	80947.0	104681.0	150223.0	224110.0	376504.0	651367.0	1480756.0	4077436.0	1840271.0
	20.0	21.0	22.0	23.0	24.0	25.0	26.0	27.0	28.0	29.0	30.0	31.0	32.0	33.0	34.0	35.0	36.0	37.0	38.0	39.0	40.0
Zdi-CDup_003-Ex1-5F-lcwgs-1-2.clmp.r1	43.0	1074.0	3414.0	6203.0	9491.0	12522.0	15804.0	18441.0	22113.0	26183.0	31882.0	38512.0	49985.0	64249.0	89471.0	128031.0	209230.0	363933.0	794361.0	2477228.0	1076502.0
	19.0	20.0	21.0	22.0	23.0	24.0	25.0	26.0	27.0	28.0	29.0	30.0	31.0	32.0	33.0	34.0	35.0	36.0	37.0	38.0	39.0	40.0
Zdi-CDup_003-Ex1-5F-lcwgs-1-2.clmp.r2	5.0	754.0	5408.0	8775.0	10402.0	13273.0	16368.0	19174.0	21322.0	24876.0	28637.0	34461.0	39951.0	51470.0	65778.0	93428.0	137519.0	229380.0	390528.0	873430.0	2390403.0	983330.0
	20.0	21.0	22.0	23.0	24.0	25.0	26.0	27.0	28.0	29.0	30.0	31.0	32.0	33.0	34.0	35.0	36.0	37.0	38.0	39.0	40.0
Zdi-CDup_004-Ex1-5G-lcwgs-1-2.clmp.r1	26.0	661.0	2061.0	3475.0	5221.0	7057.0	8582.0	9890.0	12219.0	14217.0	17628.0	21560.0	28397.0	37478.0	53029.0	77388.0	129502.0	226456.0	496961.0	1481431.0	621919.0
	19.0	20.0	21.0	22.0	23.0	24.0	25.0	26.0	27.0	28.0	29.0	30.0	31.0	32.0	33.0	34.0	35.0	36.0	37.0	38.0	39.0	40.0
Zdi-CDup_004-Ex1-5G-lcwgs-1-2.clmp.r2	5.0	556.0	3437.0	5341.0	6160.0	7599.0	8849.0	10418.0	11472.0	13425.0	15255.0	18625.0	22134.0	28567.0	37599.0	54328.0	81270.0	137666.0	238167.0	541664.0	1442896.0	569725.0
	20.0	21.0	22.0	23.0	24.0	25.0	26.0	27.0	28.0	29.0	30.0	31.0	32.0	33.0	34.0	35.0	36.0	37.0	38.0	39.0	40.0
Zdi-CDup_005-Ex1-5H-lcwgs-1-2.clmp.r1	144.0	3125.0	9407.0	16656.0	25373.0	33268.0	41653.0	47411.0	57546.0	65824.0	81133.0	97597.0	128404.0	166522.0	233284.0	335449.0	549625.0	956059.0	2083285.0	6136645.0	2044902.0
	19.0	20.0	21.0	22.0	23.0	24.0	25.0	26.0	27.0	28.0	29.0	30.0	31.0	32.0	33.0	34.0	35.0	36.0	37.0	38.0	39.0	40.0
Zdi-CDup_005-Ex1-5H-lcwgs-1-2.clmp.r2	18.0	2507.0	16771.0	26496.0	30170.0	36887.0	43438.0	50966.0	56927.0	67582.0	77571.0	93324.0	110214.0	140105.0	178286.0	253488.0	369671.0	614540.0	1044116.0	2335543.0	5975585.0	1589107.0
	20.0	21.0	22.0	23.0	24.0	25.0	26.0	27.0	28.0	29.0	30.0	31.0	32.0	33.0	34.0	35.0	36.0	37.0	38.0	39.0	40.0
Zdi-CDup_006-Ex1-6A-lcwgs-1-2.clmp.r1	257.0	4496.0	13307.0	22693.0	34803.0	46209.0	56969.0	65421.0	79010.0	92732.0	114254.0	139979.0	185811.0	243956.0	345867.0	503984.0	835075.0	1465470.0	3199631.0	8545347.0	2296713.0
	19.0	20.0	21.0	22.0	23.0	24.0	25.0	26.0	27.0	28.0	29.0	30.0	31.0	32.0	33.0	34.0	35.0	36.0	37.0	38.0	39.0	40.0
Zdi-CDup_006-Ex1-6A-lcwgs-1-2.clmp.r2	24.0	4795.0	28116.0	42059.0	46446.0	55212.0	63899.0	75008.0	83758.0	98951.0	112752.0	136317.0	161179.0	206537.0	266173.0	381072.0	562025.0	937568.0	1599273.0	3582151.0	8124235.0	1724434.0
	20.0	21.0	22.0	23.0	24.0	25.0	26.0	27.0	28.0	29.0	30.0	31.0	32.0	33.0	34.0	35.0	36.0	37.0	38.0	39.0	40.0
Zdi-CDup_007-Ex1-6B-lcwgs-1-2.clmp.r1	111.0	2121.0	6688.0	11621.0	17977.0	23618.0	29370.0	34184.0	41470.0	47997.0	59824.0	72904.0	96542.0	125466.0	178070.0	258742.0	431000.0	756169.0	1658321.0	5069029.0	2202909.0
	19.0	20.0	21.0	22.0	23.0	24.0	25.0	26.0	27.0	28.0	29.0	30.0	31.0	32.0	33.0	34.0	35.0	36.0	37.0	38.0	39.0	40.0
Zdi-CDup_007-Ex1-6B-lcwgs-1-2.clmp.r2	8.0	1958.0	12143.0	19244.0	22355.0	27045.0	31736.0	36677.0	40458.0	46759.0	53238.0	63985.0	75859.0	98281.0	126494.0	183521.0	273082.0	460382.0	790010.0	1773674.0	4850345.0	2136879.0
	20.0	21.0	22.0	23.0	24.0	25.0	26.0	27.0	28.0	29.0	30.0	31.0	32.0	33.0	34.0	35.0	36.0	37.0	38.0	39.0	40.0
Zdi-CDup_008-Ex1-6C-lcwgs-1-2.clmp.r1	116.0	2629.0	7790.0	13201.0	20386.0	26584.0	33120.0	38615.0	46670.0	54750.0	67711.0	83046.0	110602.0	145534.0	208218.0	304603.0	504514.0	892983.0	1963029.0	5399226.0	1637905.0
	19.0	20.0	21.0	22.0	23.0	24.0	25.0	26.0	27.0	28.0	29.0	30.0	31.0	32.0	33.0	34.0	35.0	36.0	37.0	38.0	39.0	40.0
Zdi-CDup_008-Ex1-6C-lcwgs-1-2.clmp.r2	18.0	2926.0	17368.0	26212.0	28560.0	34137.0	38876.0	45564.0	50440.0	59578.0	68652.0	83040.0	98512.0	127166.0	165020.0	237271.0	351974.0	585927.0	997327.0	2206584.0	5026288.0	1309792.0
	20.0	21.0	22.0	23.0	24.0	25.0	26.0	27.0	28.0	29.0	30.0	31.0	32.0	33.0	34.0	35.0	36.0	37.0	38.0	39.0	40.0
Zdi-CDup_010-Ex1-6D-lcwgs-1-2.clmp.r1	338.0	6286.0	18458.0	29403.0	42470.0	54243.0	66402.0	76891.0	92567.0	108154.0	133525.0	164315.0	218758.0	285633.0	408768.0	595362.0	986287.0	1726542.0	3745139.0	9821105.0	2889662.0
	19.0	20.0	21.0	22.0	23.0	24.0	25.0	26.0	27.0	28.0	29.0	30.0	31.0	32.0	33.0	34.0	35.0	36.0	37.0	38.0	39.0	40.0
Zdi-CDup_010-Ex1-6D-lcwgs-1-2.clmp.r2	29.0	6082.0	35500.0	52454.0	57999.0	67498.0	77495.0	89704.0	98413.0	115065.0	131325.0	157856.0	187235.0	240934.0	311203.0	448855.0	663196.0	1098170.0	1865551.0	4116194.0	9143190.0	2506360.0
	20.0	21.0	22.0	23.0	24.0	25.0	26.0	27.0	28.0	29.0	30.0	31.0	32.0	33.0	34.0	35.0	36.0	37.0	38.0	39.0	40.0
Zdi-CDup_011-Ex1-6E-lcwgs-1-2.clmp.r1	234.0	4363.0	12206.0	20470.0	30814.0	40243.0	49469.0	57057.0	68774.0	80874.0	99821.0	122905.0	163818.0	214552.0	308558.0	451367.0	751637.0	1326800.0	2908130.0	7930739.0	2405819.0
	19.0	20.0	21.0	22.0	23.0	24.0	25.0	26.0	27.0	28.0	29.0	30.0	31.0	32.0	33.0	34.0	35.0	36.0	37.0	38.0	39.0	40.0
Zdi-CDup_011-Ex1-6E-lcwgs-1-2.clmp.r2	21.0	4545.0	26899.0	39572.0	42791.0	50018.0	57613.0	66932.0	73634.0	85854.0	98375.0	119895.0	141447.0	182145.0	235834.0	338392.0	502844.0	838118.0	1435705.0	3220776.0	7497090.0	1990150.0
	20.0	21.0	22.0	23.0	24.0	25.0	26.0	27.0	28.0	29.0	30.0	31.0	32.0	33.0	34.0	35.0	36.0	37.0	38.0	39.0	40.0
Zdi-CDup_012-Ex1-6F-lcwgs-1-2.clmp.r1	55.0	1161.0	3677.0	6400.0	9935.0	13284.0	16754.0	19370.0	23732.0	27181.0	33082.0	40117.0	52814.0	67852.0	94834.0	136084.0	224396.0	388395.0	847890.0	2507946.0	909721.0
	19.0	20.0	21.0	22.0	23.0	24.0	25.0	26.0	27.0	28.0	29.0	30.0	31.0	32.0	33.0	34.0	35.0	36.0	37.0	38.0	39.0	40.0
Zdi-CDup_012-Ex1-6F-lcwgs-1-2.clmp.r2	9.0	1004.0	6345.0	10348.0	12008.0	14813.0	18090.0	21491.0	23214.0	27511.0	31271.0	37213.0	43584.0	55967.0	71976.0	101824.0	149831.0	249330.0	423429.0	936545.0	2389923.0	798954.0
	20.0	21.0	22.0	23.0	24.0	25.0	26.0	27.0	28.0	29.0	30.0	31.0	32.0	33.0	34.0	35.0	36.0	37.0	38.0	39.0	40.0
Zdi-CDup_013-Ex1-6G-lcwgs-1-2.clmp.r1	36.0	701.0	2049.0	3358.0	4959.0	6395.0	7652.0	9283.0	10976.0	12692.0	15777.0	19417.0	25991.0	34317.0	49061.0	72789.0	122995.0	216767.0	475672.0	1381855.0	565272.0
	19.0	20.0	21.0	22.0	23.0	24.0	25.0	26.0	27.0	28.0	29.0	30.0	31.0	32.0	33.0	34.0	35.0	36.0	37.0	38.0	39.0	40.0
Zdi-CDup_013-Ex1-6G-lcwgs-1-2.clmp.r2	8.0	710.0	3496.0	5436.0	5881.0	7012.0	8104.0	9495.0	10194.0	11836.0	13508.0	16361.0	19447.0	25201.0	33457.0	48939.0	74132.0	127495.0	222522.0	508289.0	1341339.0	545152.0
	20.0	21.0	22.0	23.0	24.0	25.0	26.0	27.0	28.0	29.0	30.0	31.0	32.0	33.0	34.0	35.0	36.0	37.0	38.0	39.0	40.0
Zdi-CDup_014-Ex1-6H-lcwgs-1-2.clmp.r1	58.0	1358.0	4295.0	7262.0	11173.0	14333.0	18167.0	20809.0	25103.0	29768.0	36803.0	44728.0	59577.0	78207.0	110479.0	161391.0	270839.0	475141.0	1043744.0	3190749.0	1544994.0
	19.0	20.0	21.0	22.0	23.0	24.0	25.0	26.0	27.0	28.0	29.0	30.0	31.0	32.0	33.0	34.0	35.0	36.0	37.0	38.0	39.0	40.0
Zdi-CDup_014-Ex1-6H-lcwgs-1-2.clmp.r2	2.0	1203.0	7263.0	11791.0	13678.0	16689.0	19829.0	23023.0	24877.0	28391.0	31987.0	38360.0	45718.0	58835.0	76681.0	110796.0	164975.0	279585.0	481896.0	1093667.0	3036379.0	1583353.0
	20.0	21.0	22.0	23.0	24.0	25.0	26.0	27.0	28.0	29.0	30.0	31.0	32.0	33.0	34.0	35.0	36.0	37.0	38.0	39.0	40.0
Zdi-CDup_015-Ex1-7A-lcwgs-1-2.clmp.r1	24.0	355.0	1144.0	1877.0	2932.0	3883.0	4700.0	5698.0	6853.0	8109.0	10148.0	12849.0	17078.0	23010.0	33606.0	49720.0	84861.0	150227.0	323617.0	837818.0	261531.0
	19.0	20.0	21.0	22.0	23.0	24.0	25.0	26.0	27.0	28.0	29.0	30.0	31.0	32.0	33.0	34.0	35.0	36.0	37.0	38.0	39.0	40.0
Zdi-CDup_015-Ex1-7A-lcwgs-1-2.clmp.r2	5.0	410.0	2299.0	3383.0	3880.0	4524.0	5119.0	5950.0	6687.0	7898.0	9150.0	11174.0	13460.0	17898.0	23301.0	35245.0	52595.0	90383.0	156764.0	354448.0	797061.0	238406.0
	20.0	21.0	22.0	23.0	24.0	25.0	26.0	27.0	28.0	29.0	30.0	31.0	32.0	33.0	34.0	35.0	36.0	37.0	38.0	39.0	40.0
Zdi-CDup_016-Ex1-7B-lcwgs-1-2.clmp.r1	112.0	2451.0	7794.0	13839.0	21939.0	29600.0	36877.0	43025.0	52404.0	60958.0	75590.0	93150.0	123138.0	160570.0	228649.0	331099.0	553042.0	968162.0	2123216.0	6222784.0	2489070.0
	19.0	20.0	21.0	22.0	23.0	24.0	25.0	26.0	27.0	28.0	29.0	30.0	31.0	32.0	33.0	34.0	35.0	36.0	37.0	38.0	39.0	40.0
Zdi-CDup_016-Ex1-7B-lcwgs-1-2.clmp.r2	9.0	2410.0	15632.0	25003.0	28531.0	34686.0	40417.0	46500.0	51767.0	61108.0	69671.0	84672.0	100220.0	128929.0	167548.0	238818.0	355207.0	593763.0	1019016.0	2287648.0	5879533.0	2406381.0
	20.0	21.0	22.0	23.0	24.0	25.0	26.0	27.0	28.0	29.0	30.0	31.0	32.0	33.0	34.0	35.0	36.0	37.0	38.0	39.0	40.0
Zdi-CDup_017-Ex1-7C-lcwgs-1-2.clmp.r1	68.0	1503.0	4645.0	8214.0	12642.0	17119.0	21079.0	24533.0	29893.0	34890.0	43501.0	53681.0	70935.0	92759.0	133177.0	194675.0	327829.0	578057.0	1276274.0	3825426.0	1524161.0
	19.0	20.0	21.0	22.0	23.0	24.0	25.0	26.0	27.0	28.0	29.0	30.0	31.0	32.0	33.0	34.0	35.0	36.0	37.0	38.0	39.0	40.0
Zdi-CDup_017-Ex1-7C-lcwgs-1-2.clmp.r2	12.0	1436.0	9376.0	14783.0	16869.0	20163.0	23308.0	26958.0	30104.0	35090.0	40527.0	49386.0	58632.0	75680.0	98978.0	143157.0	213964.0	360861.0	624322.0	1414942.0	3657626.0	1358887.0
	20.0	21.0	22.0	23.0	24.0	25.0	26.0	27.0	28.0	29.0	30.0	31.0	32.0	33.0	34.0	35.0	36.0	37.0	38.0	39.0	40.0
Zdi-CDup_018-Ex1-7D-lcwgs-1-2.clmp.r1	171.0	3851.0	12187.0	21045.0	32733.0	43399.0	54304.0	62611.0	75974.0	89353.0	109979.0	134955.0	177088.0	231358.0	329430.0	476400.0	786777.0	1364535.0	2944130.0	7689323.0	2210012.0
	19.0	20.0	21.0	22.0	23.0	24.0	25.0	26.0	27.0	28.0	29.0	30.0	31.0	32.0	33.0	34.0	35.0	36.0	37.0	38.0	39.0	40.0
Zdi-CDup_018-Ex1-7D-lcwgs-1-2.clmp.r2	17.0	4333.0	26364.0	40369.0	44593.0	53295.0	62802.0	73332.0	81796.0	95365.0	108950.0	131064.0	155965.0	199213.0	256266.0	366607.0	539501.0	886552.0	1496322.0	3283892.0	7066039.0	1876978.0
	20.0	21.0	22.0	23.0	24.0	25.0	26.0	27.0	28.0	29.0	30.0	31.0	32.0	33.0	34.0	35.0	36.0	37.0	38.0	39.0	40.0
Zdi-CDup_019-Ex1-7E-lcwgs-1-2.clmp.r1	82.0	1754.0	5268.0	9389.0	14799.0	19564.0	24109.0	28121.0	34686.0	40709.0	50832.0	62425.0	83638.0	110119.0	157884.0	232395.0	389559.0	685886.0	1503980.0	4171066.0	1534881.0
	19.0	20.0	21.0	22.0	23.0	24.0	25.0	26.0	27.0	28.0	29.0	30.0	31.0	32.0	33.0	34.0	35.0	36.0	37.0	38.0	39.0	40.0
Zdi-CDup_019-Ex1-7E-lcwgs-1-2.clmp.r2	14.0	2029.0	11916.0	18462.0	20340.0	23920.0	27519.0	31901.0	35098.0	41449.0	47929.0	57347.0	69527.0	89252.0	116376.0	169080.0	252444.0	424035.0	727348.0	1639105.0	3920154.0	1435901.0
	20.0	21.0	22.0	23.0	24.0	25.0	26.0	27.0	28.0	29.0	30.0	31.0	32.0	33.0	34.0	35.0	36.0	37.0	38.0	39.0	40.0
Zdi-CDup_021-Ex1-7G-lcwgs-1-2.clmp.r1	103.0	1932.0	5765.0	10031.0	15389.0	20500.0	25251.0	29391.0	35810.0	42415.0	52436.0	64771.0	86658.0	114541.0	164770.0	242483.0	407988.0	725286.0	1595786.0	4508748.0	1688568.0
	19.0	20.0	21.0	22.0	23.0	24.0	25.0	26.0	27.0	28.0	29.0	30.0	31.0	32.0	33.0	34.0	35.0	36.0	37.0	38.0	39.0	40.0
Zdi-CDup_021-Ex1-7G-lcwgs-1-2.clmp.r2	15.0	2101.0	12589.0	19100.0	20963.0	25012.0	29037.0	34042.0	37879.0	43568.0	49239.0	59973.0	71205.0	92275.0	120397.0	174692.0	262645.0	442348.0	764348.0	1736155.0	4275934.0	1565105.0
	20.0	21.0	22.0	23.0	24.0	25.0	26.0	27.0	28.0	29.0	30.0	31.0	32.0	33.0	34.0	35.0	36.0	37.0	38.0	39.0	40.0
Zdi-CDup_022-Ex1-7H-lcwgs-1-2.clmp.r1	50.0	1228.0	4059.0	7252.0	11317.0	14930.0	18720.0	21812.0	26418.0	31243.0	38576.0	47581.0	63255.0	82750.0	117977.0	172758.0	293109.0	516537.0	1139551.0	3523730.0	1667301.0
	19.0	20.0	21.0	22.0	23.0	24.0	25.0	26.0	27.0	28.0	29.0	30.0	31.0	32.0	33.0	34.0	35.0	36.0	37.0	38.0	39.0	40.0
Zdi-CDup_022-Ex1-7H-lcwgs-1-2.clmp.r2	6.0	1115.0	7337.0	12239.0	14073.0	17318.0	19762.0	22981.0	25414.0	29045.0	33237.0	40142.0	47976.0	62098.0	81020.0	116156.0	173799.0	295595.0	515593.0	1189375.0	3400177.0	1695696.0
	20.0	21.0	22.0	23.0	24.0	25.0	26.0	27.0	28.0	29.0	30.0	31.0	32.0	33.0	34.0	35.0	36.0	37.0	38.0	39.0	40.0
Zdi-CDup_026-Ex1-8D-lcwgs-1-2.clmp.r1	94.0	1729.0	5037.0	8667.0	13260.0	16948.0	20994.0	24205.0	29922.0	35102.0	44050.0	54319.0	72785.0	96609.0	137205.0	203639.0	342241.0	608253.0	1341358.0	3857085.0	1424246.0
	19.0	20.0	21.0	22.0	23.0	24.0	25.0	26.0	27.0	28.0	29.0	30.0	31.0	32.0	33.0	34.0	35.0	36.0	37.0	38.0	39.0	40.0
Zdi-CDup_026-Ex1-8D-lcwgs-1-2.clmp.r2	8.0	1678.0	11179.0	16556.0	18301.0	21955.0	25307.0	29888.0	32720.0	37582.0	42559.0	51088.0	60851.0	79069.0	102961.0	148106.0	221083.0	374728.0	647852.0	1478665.0	3699079.0	1236533.0
	20.0	21.0	22.0	23.0	24.0	25.0	26.0	27.0	28.0	29.0	30.0	31.0	32.0	33.0	34.0	35.0	36.0	37.0	38.0	39.0	40.0
Zdi-CDup_031-Ex1-9A-lcwgs-1-2.clmp.r1	88.0	1851.0	5281.0	9238.0	14081.0	18456.0	22855.0	26237.0	31706.0	36695.0	45675.0	55573.0	74182.0	96401.0	135882.0	197653.0	329009.0	575433.0	1263652.0	3686000.0	1332323.0
	19.0	20.0	21.0	22.0	23.0	24.0	25.0	26.0	27.0	28.0	29.0	30.0	31.0	32.0	33.0	34.0	35.0	36.0	37.0	38.0	39.0	40.0
Zdi-CDup_031-Ex1-9A-lcwgs-1-2.clmp.r2	4.0	1426.0	9477.0	14406.0	16555.0	19950.0	23534.0	27451.0	30611.0	36005.0	41254.0	50177.0	59140.0	75378.0	98360.0	140766.0	208249.0	349236.0	604024.0	1386386.0	3596552.0	1169330.0
	20.0	21.0	22.0	23.0	24.0	25.0	26.0	27.0	28.0	29.0	30.0	31.0	32.0	33.0	34.0	35.0	36.0	37.0	38.0	39.0	40.0
Zdi-CDup_033-Ex1-9C-lcwgs-1-2.clmp.r1	41.0	1183.0	3592.0	6224.0	9738.0	12766.0	16035.0	18416.0	22425.0	26387.0	32256.0	39607.0	52600.0	68530.0	97410.0	140549.0	233253.0	409561.0	908833.0	2823255.0	1304486.0
	19.0	20.0	21.0	22.0	23.0	24.0	25.0	26.0	27.0	28.0	29.0	30.0	31.0	32.0	33.0	34.0	35.0	36.0	37.0	38.0	39.0	40.0
Zdi-CDup_033-Ex1-9C-lcwgs-1-2.clmp.r2	4.0	935.0	6176.0	10043.0	11693.0	14473.0	17751.0	21403.0	23047.0	26203.0	29073.0	34649.0	40652.0	53160.0	68641.0	97912.0	145902.0	246214.0	426160.0	970624.0	2705027.0	1277405.0
	20.0	21.0	22.0	23.0	24.0	25.0	26.0	27.0	28.0	29.0	30.0	31.0	32.0	33.0	34.0	35.0	36.0	37.0	38.0	39.0	40.0
Zdi-CDup_034-Ex1-9D-lcwgs-1-2.clmp.r1	136.0	2644.0	8118.0	13447.0	19930.0	25531.0	31397.0	36394.0	43600.0	51646.0	63935.0	78233.0	103595.0	134719.0	190954.0	277114.0	462252.0	807337.0	1766393.0	5047959.0	2105052.0
	19.0	20.0	21.0	22.0	23.0	24.0	25.0	26.0	27.0	28.0	29.0	30.0	31.0	32.0	33.0	34.0	35.0	36.0	37.0	38.0	39.0	40.0
Zdi-CDup_034-Ex1-9D-lcwgs-1-2.clmp.r2	7.0	2005.0	12576.0	19848.0	22872.0	28554.0	35756.0	43693.0	47345.0	51961.0	56444.0	66649.0	78770.0	100453.0	130243.0	186538.0	277046.0	466362.0	805402.0	1839565.0	4820133.0	2178164.0
	20.0	21.0	22.0	23.0	24.0	25.0	26.0	27.0	28.0	29.0	30.0	31.0	32.0	33.0	34.0	35.0	36.0	37.0	38.0	39.0	40.0
Zdi-CDup_035-Ex1-9E-lcwgs-1-2.clmp.r1	76.0	1664.0	4922.0	8460.0	12769.0	16483.0	20300.0	23826.0	28849.0	33608.0	41686.0	50847.0	67038.0	87241.0	124276.0	179618.0	298874.0	524772.0	1159391.0	3536474.0	1434353.0
	19.0	20.0	21.0	22.0	23.0	24.0	25.0	26.0	27.0	28.0	29.0	30.0	31.0	32.0	33.0	34.0	35.0	36.0	37.0	38.0	39.0	40.0
Zdi-CDup_035-Ex1-9E-lcwgs-1-2.clmp.r2	3.0	1322.0	8634.0	13602.0	15605.0	19039.0	23540.0	28213.0	30677.0	34223.0	37876.0	45129.0	53565.0	68786.0	88441.0	126729.0	188694.0	317223.0	550677.0	1256336.0	3422872.0	1324341.0
	20.0	21.0	22.0	23.0	24.0	25.0	26.0	27.0	28.0	29.0	30.0	31.0	32.0	33.0	34.0	35.0	36.0	37.0	38.0	39.0	40.0
Zdi-CDup_037-Ex1-9G-lcwgs-1-2.clmp.r1	53.0	1311.0	3912.0	6821.0	10211.0	13377.0	16587.0	19037.0	23055.0	27110.0	33443.0	40372.0	54451.0	70263.0	99756.0	144431.0	240241.0	420527.0	927879.0	2830570.0	1136140.0
	19.0	20.0	21.0	22.0	23.0	24.0	25.0	26.0	27.0	28.0	29.0	30.0	31.0	32.0	33.0	34.0	35.0	36.0	37.0	38.0	39.0	40.0
Zdi-CDup_037-Ex1-9G-lcwgs-1-2.clmp.r2	6.0	992.0	6808.0	10631.0	12130.0	14672.0	17950.0	21550.0	23624.0	26920.0	29799.0	35646.0	42314.0	54345.0	69466.0	100290.0	148673.0	250667.0	435008.0	1001591.0	2765511.0	1050954.0
	20.0	21.0	22.0	23.0	24.0	25.0	26.0	27.0	28.0	29.0	30.0	31.0	32.0	33.0	34.0	35.0	36.0	37.0	38.0	39.0	40.0
Zdi-CDup_038-Ex1-9H-lcwgs-1-2.clmp.r1	52.0	1017.0	3029.0	5679.0	8777.0	11467.0	14072.0	16088.0	19799.0	23193.0	28472.0	34804.0	46479.0	60676.0	85499.0	123514.0	207363.0	362889.0	801042.0	2467468.0	1131036.0
	19.0	20.0	21.0	22.0	23.0	24.0	25.0	26.0	27.0	28.0	29.0	30.0	31.0	32.0	33.0	34.0	35.0	36.0	37.0	38.0	39.0	40.0
Zdi-CDup_038-Ex1-9H-lcwgs-1-2.clmp.r2	4.0	866.0	5239.0	8499.0	10049.0	12377.0	15106.0	17842.0	19427.0	21883.0	24649.0	29629.0	35432.0	45333.0	58448.0	83887.0	123604.0	209568.0	361761.0	834054.0	2373368.0	1161390.0
	20.0	21.0	22.0	23.0	24.0	25.0	26.0	27.0	28.0	29.0	30.0	31.0	32.0	33.0	34.0	35.0	36.0	37.0	38.0	39.0	40.0
Zdi-CDup_039-Ex1-10A-lcwgs-1-2.clmp.r1	19.0	447.0	1317.0	2331.0	3389.0	4655.0	5659.0	6751.0	8381.0	10072.0	12608.0	15628.0	21490.0	28671.0	41994.0	62924.0	107299.0	191201.0	411880.0	1075154.0	381474.0
	19.0	20.0	21.0	22.0	23.0	24.0	25.0	26.0	27.0	28.0	29.0	30.0	31.0	32.0	33.0	34.0	35.0	36.0	37.0	38.0	39.0	40.0
Zdi-CDup_039-Ex1-10A-lcwgs-1-2.clmp.r2	4.0	537.0	3199.0	4818.0	5369.0	6267.0	7070.0	8181.0	9322.0	10776.0	12556.0	15222.0	18342.0	24278.0	32321.0	48189.0	72084.0	121703.0	209005.0	463645.0	1002071.0	318385.0
	20.0	21.0	22.0	23.0	24.0	25.0	26.0	27.0	28.0	29.0	30.0	31.0	32.0	33.0	34.0	35.0	36.0	37.0	38.0	39.0	40.0
Zdi-CDup_040-Ex1-10B-lcwgs-1-2.clmp.r1	11.0	272.0	803.0	1514.0	2416.0	3222.0	3994.0	4595.0	5941.0	6970.0	8757.0	10958.0	14906.0	19940.0	29129.0	44078.0	75658.0	134214.0	292435.0	820817.0	385357.0
	19.0	20.0	21.0	22.0	23.0	24.0	25.0	26.0	27.0	28.0	29.0	30.0	31.0	32.0	33.0	34.0	35.0	36.0	37.0	38.0	39.0	40.0
Zdi-CDup_040-Ex1-10B-lcwgs-1-2.clmp.r2	2.0	344.0	2024.0	3156.0	3521.0	4327.0	4986.0	5615.0	6243.0	7189.0	7997.0	9861.0	12022.0	15873.0	21045.0	31046.0	47402.0	81794.0	139918.0	314131.0	768974.0	378517.0
	20.0	21.0	22.0	23.0	24.0	25.0	26.0	27.0	28.0	29.0	30.0	31.0	32.0	33.0	34.0	35.0	36.0	37.0	38.0	39.0	40.0
Zdi-CDup_041-Ex1-10C-lcwgs-1-2.clmp.r1	39.0	806.0	2521.0	4475.0	7176.0	9509.0	12044.0	14161.0	17483.0	20847.0	25845.0	31682.0	43005.0	56408.0	81707.0	120328.0	204638.0	363272.0	794534.0	2331342.0	1108374.0
	19.0	20.0	21.0	22.0	23.0	24.0	25.0	26.0	27.0	28.0	29.0	30.0	31.0	32.0	33.0	34.0	35.0	36.0	37.0	38.0	39.0	40.0
Zdi-CDup_041-Ex1-10C-lcwgs-1-2.clmp.r2	8.0	931.0	6053.0	9720.0	11237.0	13418.0	15659.0	18105.0	19825.0	23038.0	26057.0	31323.0	37106.0	48653.0	63508.0	91979.0	137768.0	231087.0	396732.0	883426.0	2190420.0	994143.0
	20.0	21.0	22.0	23.0	24.0	25.0	26.0	27.0	28.0	29.0	30.0	31.0	32.0	33.0	34.0	35.0	36.0	37.0	38.0	39.0	40.0
Zdi-CDup_042-Ex1-10D-lcwgs-1-2.clmp.r1	117.0	2419.0	7404.0	12776.0	19582.0	25593.0	31922.0	37714.0	46166.0	55422.0	68538.0	85672.0	114972.0	153587.0	220961.0	328030.0	553034.0	980238.0	2124937.0	5556778.0	1990671.0
	19.0	20.0	21.0	22.0	23.0	24.0	25.0	26.0	27.0	28.0	29.0	30.0	31.0	32.0	33.0	34.0	35.0	36.0	37.0	38.0	39.0	40.0
Zdi-CDup_042-Ex1-10D-lcwgs-1-2.clmp.r2	13.0	3032.0	18591.0	28331.0	31201.0	36695.0	42058.0	48593.0	53363.0	62054.0	70496.0	85797.0	101916.0	133367.0	173768.0	252255.0	375829.0	626877.0	1069835.0	2365632.0	5121308.0	1715522.0
	20.0	21.0	22.0	23.0	24.0	25.0	26.0	27.0	28.0	29.0	30.0	31.0	32.0	33.0	34.0	35.0	36.0	37.0	38.0	39.0	40.0
Zdi-CDup_043-Ex1-10E-lcwgs-1-2.clmp.r1	244.0	5402.0	16862.0	29889.0	47319.0	63410.0	80150.0	94197.0	115032.0	135675.0	169030.0	207185.0	277741.0	367540.0	527262.0	770570.0	1284161.0	2248216.0	4831422.0	11682877.0	2886993.0
	19.0	20.0	21.0	22.0	23.0	24.0	25.0	26.0	27.0	28.0	29.0	30.0	31.0	32.0	33.0	34.0	35.0	36.0	37.0	38.0	39.0	40.0
Zdi-CDup_043-Ex1-10E-lcwgs-1-2.clmp.r2	38.0	8238.0	51103.0	76579.0	83382.0	96527.0	109869.0	127999.0	141661.0	166422.0	190912.0	230088.0	273899.0	351274.0	455271.0	652404.0	958155.0	1560632.0	2598037.0	5533739.0	10144020.0	2030928.0
	20.0	21.0	22.0	23.0	24.0	25.0	26.0	27.0	28.0	29.0	30.0	31.0	32.0	33.0	34.0	35.0	36.0	37.0	38.0	39.0	40.0
Zdi-CDup_045-Ex1-10G-lcwgs-1-2.clmp.r1	78.0	1514.0	4609.0	7908.0	12645.0	16453.0	20290.0	24167.0	29239.0	34758.0	43672.0	53982.0	73032.0	97403.0	141298.0	208524.0	355754.0	632696.0	1390001.0	3959032.0	1657695.0
	19.0	20.0	21.0	22.0	23.0	24.0	25.0	26.0	27.0	28.0	29.0	30.0	31.0	32.0	33.0	34.0	35.0	36.0	37.0	38.0	39.0	40.0
Zdi-CDup_045-Ex1-10G-lcwgs-1-2.clmp.r2	10.0	1699.0	11296.0	17358.0	19529.0	22875.0	26706.0	30656.0	33752.0	38868.0	44299.0	53370.0	64178.0	83993.0	108986.0	159049.0	237498.0	399832.0	690174.0	1553065.0	3729763.0	1437794.0
	20.0	21.0	22.0	23.0	24.0	25.0	26.0	27.0	28.0	29.0	30.0	31.0	32.0	33.0	34.0	35.0	36.0	37.0	38.0	39.0	40.0
Zdi-CDup_046-Ex1-10H-lcwgs-1-2.clmp.r1	61.0	1256.0	4137.0	7127.0	11104.0	14420.0	18444.0	21662.0	26167.0	31328.0	38900.0	48345.0	65555.0	86928.0	125700.0	187194.0	318020.0	566305.0	1243863.0	3434374.0	1295803.0
	19.0	20.0	21.0	22.0	23.0	24.0	25.0	26.0	27.0	28.0	29.0	30.0	31.0	32.0	33.0	34.0	35.0	36.0	37.0	38.0	39.0	40.0
Zdi-CDup_046-Ex1-10H-lcwgs-1-2.clmp.r2	8.0	1628.0	10494.0	15949.0	17558.0	20773.0	24160.0	27915.0	31029.0	35978.0	40312.0	49622.0	58738.0	76243.0	100388.0	144906.0	215956.0	362675.0	623189.0	1393004.0	3203429.0	1092739.0
	20.0	21.0	22.0	23.0	24.0	25.0	26.0	27.0	28.0	29.0	30.0	31.0	32.0	33.0	34.0	35.0	36.0	37.0	38.0	39.0	40.0
Zdi-CDup_047-Ex1-11A-lcwgs-1-2.clmp.r1	36.0	881.0	2976.0	5539.0	8747.0	11767.0	14745.0	17191.0	21443.0	24904.0	30662.0	37645.0	50533.0	64741.0	91679.0	133498.0	224731.0	392113.0	852764.0	2577101.0	1342038.0
	19.0	20.0	21.0	22.0	23.0	24.0	25.0	26.0	27.0	28.0	29.0	30.0	31.0	32.0	33.0	34.0	35.0	36.0	37.0	38.0	39.0	40.0
Zdi-CDup_047-Ex1-11A-lcwgs-1-2.clmp.r2	3.0	819.0	5501.0	9403.0	11174.0	14029.0	16247.0	18900.0	20612.0	23438.0	26972.0	32286.0	38049.0	48965.0	63300.0	90888.0	133928.0	225577.0	384950.0	875336.0	2436873.0	1428484.0
	20.0	21.0	22.0	23.0	24.0	25.0	26.0	27.0	28.0	29.0	30.0	31.0	32.0	33.0	34.0	35.0	36.0	37.0	38.0	39.0	40.0
Zdi-CDup_050-Ex1-11D-lcwgs-1-2.clmp.r1	5.0	200.0	708.0	1191.0	1809.0	2388.0	2918.0	3533.0	4159.0	4980.0	6234.0	7788.0	10736.0	13791.0	19985.0	29870.0	50403.0	88671.0	192309.0	535846.0	242064.0
	19.0	20.0	21.0	22.0	23.0	24.0	25.0	26.0	27.0	28.0	29.0	30.0	31.0	32.0	33.0	34.0	35.0	36.0	37.0	38.0	39.0	40.0
Zdi-CDup_050-Ex1-11D-lcwgs-1-2.clmp.r2	2.0	214.0	1249.0	2067.0	2380.0	2787.0	3435.0	4124.0	4275.0	4719.0	5315.0	6578.0	7879.0	10286.0	13464.0	19745.0	29767.0	50770.0	88149.0	198503.0	501460.0	262420.0
	20.0	21.0	22.0	23.0	24.0	25.0	26.0	27.0	28.0	29.0	30.0	31.0	32.0	33.0	34.0	35.0	36.0	37.0	38.0	39.0	40.0
Zdi-CDup_051-Ex1-11E-lcwgs-1-2.clmp.r1	12.0	150.0	496.0	851.0	1408.0	1836.0	2398.0	2770.0	3376.0	4026.0	4986.0	6197.0	8246.0	11098.0	16084.0	23417.0	39753.0	69658.0	152408.0	436364.0	197243.0
	19.0	20.0	21.0	22.0	23.0	24.0	25.0	26.0	27.0	28.0	29.0	30.0	31.0	32.0	33.0	34.0	35.0	36.0	37.0	38.0	39.0	40.0
Zdi-CDup_051-Ex1-11E-lcwgs-1-2.clmp.r2	2.0	171.0	1067.0	1773.0	1970.0	2345.0	2845.0	3439.0	3682.0	4100.0	4467.0	5620.0	6446.0	8612.0	11235.0	16368.0	24773.0	41959.0	71628.0	160533.0	404635.0	205107.0
	20.0	21.0	22.0	23.0	24.0	25.0	26.0	27.0	28.0	29.0	30.0	31.0	32.0	33.0	34.0	35.0	36.0	37.0	38.0	39.0	40.0
Zdi-CDup_054-Ex1-11G-lcwgs-1-2.clmp.r1	7.0	112.0	451.0	905.0	1559.0	2140.0	2651.0	3262.0	3912.0	4836.0	5984.0	7491.0	10213.0	13182.0	18505.0	26816.0	45915.0	78805.0	171872.0	550940.0	438807.0
	20.0	21.0	22.0	23.0	24.0	25.0	26.0	27.0	28.0	29.0	30.0	31.0	32.0	33.0	34.0	35.0	36.0	37.0	38.0	39.0	40.0
Zdi-CDup_054-Ex1-11G-lcwgs-1-2.clmp.r2	128.0	785.0	1492.0	2048.0	2792.0	4315.0	5529.0	5461.0	5014.0	4880.0	5476.0	6507.0	8401.0	10923.0	15617.0	23677.0	39626.0	68418.0	156241.0	506193.0	514842.0
	20.0	21.0	22.0	23.0	24.0	25.0	26.0	27.0	28.0	29.0	30.0	31.0	32.0	33.0	34.0	35.0	36.0	37.0	38.0	39.0	40.0
Zdi-CDup_056-Ex1-12A-lcwgs-1-2.clmp.r1	303.0	6198.0	16967.0	28491.0	43340.0	56489.0	69721.0	81008.0	97519.0	113985.0	142501.0	176328.0	235337.0	311299.0	447325.0	655673.0	1091138.0	1926746.0	4215777.0	10551678.0	2259227.0
	19.0	20.0	21.0	22.0	23.0	24.0	25.0	26.0	27.0	28.0	29.0	30.0	31.0	32.0	33.0	34.0	35.0	36.0	37.0	38.0	39.0	40.0
Zdi-CDup_056-Ex1-12A-lcwgs-1-2.clmp.r2	24.0	6815.0	40017.0	57779.0	61846.0	71782.0	82886.0	96059.0	108829.0	126780.0	145721.0	175864.0	209857.0	269064.0	348972.0	503091.0	740074.0	1230291.0	2105638.0	4731290.0	9851344.0	1563027.0
	20.0	21.0	22.0	23.0	24.0	25.0	26.0	27.0	28.0	29.0	30.0	31.0	32.0	33.0	34.0	35.0	36.0	37.0	38.0	39.0	40.0
Zdi-CDup_057-Ex1-12B-lcwgs-1-2.clmp.r1	190.0	3428.0	10075.0	17312.0	26109.0	33570.0	41375.0	48410.0	57800.0	68109.0	83937.0	102369.0	136424.0	177234.0	253201.0	367089.0	613261.0	1076624.0	2372688.0	6570553.0	2114191.0
	19.0	20.0	21.0	22.0	23.0	24.0	25.0	26.0	27.0	28.0	29.0	30.0	31.0	32.0	33.0	34.0	35.0	36.0	37.0	38.0	39.0	40.0
Zdi-CDup_057-Ex1-12B-lcwgs-1-2.clmp.r2	17.0	3366.0	20204.0	30657.0	33999.0	41422.0	50603.0	60323.0	65524.0	73460.0	81769.0	97999.0	115390.0	147000.0	189832.0	272179.0	402635.0	671857.0	1151443.0	2597481.0	6198616.0	1868173.0
	20.0	21.0	22.0	23.0	24.0	25.0	26.0	27.0	28.0	29.0	30.0	31.0	32.0	33.0	34.0	35.0	36.0	37.0	38.0	39.0	40.0
Zdi-CDup_058-Ex1-12C-lcwgs-1-2.clmp.r1	35.0	626.0	2008.0	3513.0	5413.0	7086.0	8818.0	10136.0	12486.0	14489.0	18520.0	22460.0	30221.0	39078.0	56031.0	81341.0	136471.0	240215.0	528582.0	1610820.0	839748.0
	19.0	20.0	21.0	22.0	23.0	24.0	25.0	26.0	27.0	28.0	29.0	30.0	31.0	32.0	33.0	34.0	35.0	36.0	37.0	38.0	39.0	40.0
Zdi-CDup_058-Ex1-12C-lcwgs-1-2.clmp.r2	3.0	592.0	3731.0	5773.0	6784.0	8303.0	10424.0	11818.0	12975.0	14535.0	16019.0	19148.0	22788.0	29627.0	38466.0	55746.0	83527.0	141674.0	245519.0	556213.0	1521609.0	862823.0
	20.0	21.0	22.0	23.0	24.0	25.0	26.0	27.0	28.0	29.0	30.0	31.0	32.0	33.0	34.0	35.0	36.0	37.0	38.0	39.0	40.0
Zdi-CDup_059-Ex1-12D-lcwgs-1-2.clmp.r1	293.0	5933.0	16501.0	24432.0	33748.0	41519.0	50032.0	57260.0	68390.0	79287.0	97358.0	119599.0	158361.0	207694.0	295055.0	428985.0	709102.0	1238280.0	2687655.0	7105553.0	1783057.0
	19.0	20.0	21.0	22.0	23.0	24.0	25.0	26.0	27.0	28.0	29.0	30.0	31.0	32.0	33.0	34.0	35.0	36.0	37.0	38.0	39.0	40.0
Zdi-CDup_059-Ex1-12D-lcwgs-1-2.clmp.r2	22.0	4737.0	27056.0	40477.0	43485.0	51564.0	63074.0	75599.0	81491.0	90147.0	97571.0	115686.0	137114.0	174736.0	224819.0	321240.0	473962.0	783180.0	1344109.0	3006911.0	6746705.0	1304409.0
	20.0	21.0	22.0	23.0	24.0	25.0	26.0	27.0	28.0	29.0	30.0	31.0	32.0	33.0	34.0	35.0	36.0	37.0	38.0	39.0	40.0
Zdi-CDup_060-Ex1-12E-lcwgs-1-2.clmp.r1	18.0	422.0	1214.0	2041.0	3207.0	3978.0	4872.0	5633.0	6948.0	8188.0	10267.0	12728.0	17146.0	22116.0	32121.0	47448.0	79851.0	140761.0	304543.0	827545.0	301007.0
	19.0	20.0	21.0	22.0	23.0	24.0	25.0	26.0	27.0	28.0	29.0	30.0	31.0	32.0	33.0	34.0	35.0	36.0	37.0	38.0	39.0	40.0
Zdi-CDup_060-Ex1-12E-lcwgs-1-2.clmp.r2	2.0	424.0	2334.0	3747.0	4117.0	4625.0	5540.0	6559.0	7070.0	8088.0	8989.0	10744.0	13031.0	16791.0	22504.0	33051.0	49824.0	85960.0	147924.0	331325.0	782053.0	287352.0
	20.0	21.0	22.0	23.0	24.0	25.0	26.0	27.0	28.0	29.0	30.0	31.0	32.0	33.0	34.0	35.0	36.0	37.0	38.0	39.0	40.0
Zdi-CDup_061-Ex1-12F-lcwgs-1-2.clmp.r1	53.0	1161.0	3713.0	6586.0	10142.0	13066.0	16344.0	18922.0	22910.0	27003.0	33653.0	40945.0	54213.0	70611.0	99201.0	144438.0	240364.0	421826.0	934082.0	3013790.0	1555708.0
	19.0	20.0	21.0	22.0	23.0	24.0	25.0	26.0	27.0	28.0	29.0	30.0	31.0	32.0	33.0	34.0	35.0	36.0	37.0	38.0	39.0	40.0
Zdi-CDup_061-Ex1-12F-lcwgs-1-2.clmp.r2	2.0	900.0	5940.0	9628.0	11623.0	14909.0	18259.0	21989.0	23514.0	26213.0	28828.0	34420.0	40263.0	51999.0	68077.0	96952.0	144118.0	246377.0	425954.0	974818.0	2881587.0	1602361.0
	20.0	21.0	22.0	23.0	24.0	25.0	26.0	27.0	28.0	29.0	30.0	31.0	32.0	33.0	34.0	35.0	36.0	37.0	38.0	39.0	40.0
Zdi-CDup_062-Ex1-12G-lcwgs-1-2.clmp.r1	20.0	325.0	1088.0	1803.0	2674.0	3436.0	4122.0	4867.0	5912.0	7015.0	8704.0	10662.0	14494.0	19109.0	27626.0	40853.0	68069.0	120862.0	264213.0	751055.0	312961.0
	19.0	20.0	21.0	22.0	23.0	24.0	25.0	26.0	27.0	28.0	29.0	30.0	31.0	32.0	33.0	34.0	35.0	36.0	37.0	38.0	39.0	40.0
Zdi-CDup_062-Ex1-12G-lcwgs-1-2.clmp.r2	3.0	317.0	1975.0	2883.0	3380.0	3858.0	4723.0	5541.0	5947.0	6625.0	7400.0	8763.0	10717.0	13876.0	18265.0	27117.0	41354.0	70481.0	123393.0	282486.0	721662.0	309104.0
	20.0	21.0	22.0	23.0	24.0	25.0	26.0	27.0	28.0	29.0	30.0	31.0	32.0	33.0	34.0	35.0	36.0	37.0	38.0	39.0	40.0
Zdi-CDup_064-Ex1-5A-lcwgs-1-2.clmp.r1	323.0	5610.0	15949.0	26385.0	39712.0	51471.0	62739.0	72325.0	87305.0	101805.0	125573.0	154864.0	204791.0	270391.0	385269.0	566217.0	942693.0	1668135.0	3667001.0	9960832.0	2498811.0
	19.0	20.0	21.0	22.0	23.0	24.0	25.0	26.0	27.0	28.0	29.0	30.0	31.0	32.0	33.0	34.0	35.0	36.0	37.0	38.0	39.0	40.0
Zdi-CDup_064-Ex1-5A-lcwgs-1-2.clmp.r2	30.0	4999.0	30130.0	43885.0	48162.0	57347.0	67116.0	78358.0	87871.0	105075.0	120798.0	147014.0	174026.0	223881.0	289551.0	414740.0	614404.0	1024952.0	1783321.0	4105317.0	9804539.0	1682685.0
	20.0	21.0	22.0	23.0	24.0	25.0	26.0	27.0	28.0	29.0	30.0	31.0	32.0	33.0	34.0	35.0	36.0	37.0	38.0	39.0	40.0
Zdi-CDup_065-Ex1-5B-lcwgs-1-2.clmp.r1	188.0	4056.0	12002.0	20831.0	32046.0	41994.0	51254.0	59113.0	70526.0	81787.0	100057.0	121651.0	160122.0	208825.0	293075.0	422634.0	696001.0	1220804.0	2679641.0	7940632.0	2781712.0
	19.0	20.0	21.0	22.0	23.0	24.0	25.0	26.0	27.0	28.0	29.0	30.0	31.0	32.0	33.0	34.0	35.0	36.0	37.0	38.0	39.0	40.0
Zdi-CDup_065-Ex1-5B-lcwgs-1-2.clmp.r2	12.0	3503.0	20734.0	32299.0	36986.0	45957.0	54189.0	63215.0	70674.0	83049.0	95083.0	113815.0	133977.0	170094.0	217056.0	307730.0	450305.0	750889.0	1291642.0	2939867.0	7832340.0	2285535.0
	20.0	21.0	22.0	23.0	24.0	25.0	26.0	27.0	28.0	29.0	30.0	31.0	32.0	33.0	34.0	35.0	36.0	37.0	38.0	39.0	40.0
Zdi-CDup_066-Ex1-5C-lcwgs-1-2.clmp.r1	248.0	4716.0	14719.0	26222.0	40999.0	54001.0	67777.0	78100.0	94331.0	108890.0	132263.0	159627.0	206649.0	263844.0	362636.0	512422.0	827067.0	1411410.0	3040206.0	9007491.0	3538188.0
	19.0	20.0	21.0	22.0	23.0	24.0	25.0	26.0	27.0	28.0	29.0	30.0	31.0	32.0	33.0	34.0	35.0	36.0	37.0	38.0	39.0	40.0
Zdi-CDup_066-Ex1-5C-lcwgs-1-2.clmp.r2	19.0	3811.0	26035.0	42104.0	49678.0	62146.0	76532.0	90430.0	100298.0	114947.0	130569.0	155061.0	182036.0	230086.0	292766.0	411397.0	595171.0	969176.0	1604830.0	3455988.0	8402906.0	2955820.0
	20.0	21.0	22.0	23.0	24.0	25.0	26.0	27.0	28.0	29.0	30.0	31.0	32.0	33.0	34.0	35.0	36.0	37.0	38.0	39.0	40.0
Zdi-CDup_071-Ex1-12H-lcwgs-1-2.clmp.r1	22.0	493.0	1614.0	2699.0	3944.0	5214.0	6320.0	7412.0	8751.0	10473.0	12807.0	15964.0	21278.0	27933.0	40330.0	59181.0	97871.0	174889.0	383293.0	1110577.0	420192.0
	19.0	20.0	21.0	22.0	23.0	24.0	25.0	26.0	27.0	28.0	29.0	30.0	31.0	32.0	33.0	34.0	35.0	36.0	37.0	38.0	39.0	40.0
Zdi-CDup_071-Ex1-12H-lcwgs-1-2.clmp.r2	2.0	469.0	2832.0	4468.0	5026.0	6052.0	7105.0	8599.0	8947.0	10456.0	11920.0	14028.0	16708.0	21452.0	28338.0	40758.0	61619.0	104560.0	181705.0	413523.0	1070224.0	392466.0

