Sample	total_reads	Human counts	Human percentage	Ecoli counts	Ecoli percentage	PhiX counts	PhiX percentage	Contamnts_Adaptrs counts	Contamnts_Adaptrs percentage	Vectors counts	Vectors percentage	Bacteria_24k counts	Bacteria_24k percentage	Protists_1k counts	Protists_1k percentage	Viruses counts	Viruses percentage	Fungi_RefSeq_release counts	Fungi_RefSeq_release percentage	Coral counts	Coral percentage	Bird counts	Bird percentage	Plant counts	Plant percentage	No hits counts	No hits percentage
Zdi-ADup_001-Ex1-11B-lcwgs-1-2.clmp.fp2_r1_screen	3199285	85906.0	2.69	58.0	0.0	0.0	0.0	61.0	0.0	8213.0	0.25	91522.0	2.86	122807.0	3.84	43306.0	1.35	77896.0	2.43	52782.0	1.65	67244.0	2.1	50583.0	1.5799999999999998	3027803	94.64
Zdi-ADup_001-Ex1-11B-lcwgs-1-2.clmp.fp2_r2_screen	3199285	87548.0	2.74	56.0	0.0	0.0	0.0	4.0	0.0	9829.0	0.3	92698.0	2.9	124819.0	3.9	44835.0	1.4	79909.0	2.5	54260.0	1.69	68885.0	2.16	51877.0	1.6199999999999999	3025883	94.58
Zdi-ADup_002-Ex1-9G-lcwgs-1-2.clmp.fp2_r1_screen	441923	7803.0	1.7600000000000002	14.0	0.0	0.0	0.0	6.0	0.0	568.0	0.12	5079.0	1.15	11082.0	2.51	3034.0	0.6799999999999999	6779.0	1.54	4077.0	0.92	5676.0	1.29	3649.0	0.8200000000000001	427427	96.72
Zdi-ADup_002-Ex1-9G-lcwgs-1-2.clmp.fp2_r2_screen	441923	7977.0	1.7999999999999998	15.0	0.0	0.0	0.0	1.0	0.0	681.0	0.16	5221.0	1.19	11413.0	2.5700000000000003	3168.0	0.72	6971.0	1.57	4260.0	0.9600000000000001	5868.0	1.33	3821.0	0.86	427206	96.67
Zdi-ADup_003-Ex1-9H-lcwgs-1-2.clmp.fp2_r1_screen	1023015	18686.0	1.83	2.0	0.0	0.0	0.0	41.0	0.0	1227.0	0.12	12164.0	1.1800000000000002	25607.0	2.5	7181.0	0.7	15871.0	1.55	9840.0	0.9500000000000001	13367.0	1.32	8960.0	0.88	989357	96.71
Zdi-ADup_003-Ex1-9H-lcwgs-1-2.clmp.fp2_r2_screen	1023015	19188.0	1.8599999999999999	3.0	0.0	0.0	0.0	0.0	0.0	1601.0	0.16	12669.0	1.24	26245.0	2.56	7673.0	0.75	16481.0	1.61	10379.0	1.01	13888.0	1.37	9462.0	0.92	988641	96.64
Zdi-ADup_004-Ex1-10A-lcwgs-1-2.clmp.fp2_r1_screen	1782777	36367.0	2.04	24.0	0.0	0.0	0.0	24.0	0.0	2531.0	0.14	37671.0	2.11	53917.0	3.02	13229.0	0.74	30338.0	1.7000000000000002	18140.0	1.01	24613.0	1.3800000000000001	16728.0	0.9400000000000001	1701838	95.46
Zdi-ADup_004-Ex1-10A-lcwgs-1-2.clmp.fp2_r2_screen	1782777	37494.0	2.1	21.0	0.0	0.0	0.0	2.0	0.0	3385.0	0.19	38458.0	2.17	55008.0	3.08	14194.0	0.79	31598.0	1.77	19188.0	1.07	25831.0	1.45	17603.0	0.98	1700590	95.39
Zdi-ADup_005-Ex1-10B-lcwgs-1-2.clmp.fp2_r1_screen	574136	11844.0	2.0700000000000003	10.0	0.0	0.0	0.0	15.0	0.0	782.0	0.13	7237.0	1.27	15393.0	2.69	4723.0	0.82	9573.0	1.6700000000000002	5677.0	0.99	7933.0	1.3900000000000001	5215.0	0.91	553754	96.45
Zdi-ADup_005-Ex1-10B-lcwgs-1-2.clmp.fp2_r2_screen	574136	12223.0	2.13	9.0	0.0	0.0	0.0	0.0	0.0	1084.0	0.19	7602.0	1.32	15862.0	2.76	4994.0	0.86	9840.0	1.71	5947.0	1.03	8205.0	1.4200000000000002	5530.0	0.96	553352	96.38
Zdi-ADup_006-Ex1-10C-lcwgs-1-2.clmp.fp2_r1_screen	720846	14625.0	2.02	17.0	0.0	0.0	0.0	13.0	0.0	1283.0	0.18	11597.0	1.6099999999999999	21042.0	2.92	6418.0	0.89	13158.0	1.83	8547.0	1.18	11182.0	1.56	7748.0	1.08	693093	96.15
Zdi-ADup_006-Ex1-10C-lcwgs-1-2.clmp.fp2_r2_screen	720846	15115.0	2.09	19.0	0.0	0.0	0.0	0.0	0.0	1749.0	0.25	12061.0	1.6800000000000002	21554.0	2.99	6940.0	0.95	13842.0	1.9100000000000001	9131.0	1.26	11811.0	1.6400000000000001	8350.0	1.15	692660	96.09
Zdi-ADup_007-Ex1-10D-lcwgs-1-2.clmp.fp2_r1_screen	648235	17884.0	2.75	63.0	0.01	0.0	0.0	32.0	0.0	2205.0	0.33999999999999997	13814.0	2.13	23840.0	3.6799999999999997	10158.0	1.5699999999999998	16544.0	2.55	10333.0	1.5999999999999999	13427.0	2.08	10166.0	1.5699999999999998	619194	95.52
Zdi-ADup_007-Ex1-10D-lcwgs-1-2.clmp.fp2_r2_screen	648235	18236.0	2.8200000000000003	62.0	0.01	0.0	0.0	1.0	0.0	2595.0	0.4	14131.0	2.1799999999999997	24073.0	3.72	10523.0	1.6099999999999999	16766.0	2.59	10630.0	1.65	13828.0	2.14	10458.0	1.6099999999999999	618999	95.49
Zdi-ADup_008-Ex1-10E-lcwgs-1-2.clmp.fp2_r1_screen	4184	115.0	2.75	0.0	0.0	0.0	0.0	0.0	0.0	5.0	0.12000000000000001	144.0	3.4400000000000004	150.0	3.59	49.0	1.17	102.0	2.44	60.0	1.43	85.0	2.03	61.0	1.46	3930	93.95
Zdi-ADup_008-Ex1-10E-lcwgs-1-2.clmp.fp2_r2_screen	4184	119.0	2.85	0.0	0.0	0.0	0.0	0.0	0.0	4.0	0.09000000000000001	152.0	3.62	162.0	3.87	58.0	1.39	105.0	2.5100000000000002	66.0	1.5799999999999998	92.0	2.2	68.0	1.6300000000000001	3925	93.83
Zdi-ADup_009-Ex1-10F-lcwgs-1-2.clmp.fp2_r1_screen	8783246	176145.0	2.01	51.0	0.0	0.0	0.0	78.0	0.0	6575.0	0.08	89445.0	1.02	185903.0	2.12	39693.0	0.45	102412.0	1.17	53908.0	0.61	78429.0	0.89	50993.0	0.5800000000000001	8481980	96.57
Zdi-ADup_009-Ex1-10F-lcwgs-1-2.clmp.fp2_r2_screen	8783246	181207.0	2.07	43.0	0.0	0.0	0.0	1.0	0.0	11121.0	0.13	94164.0	1.0699999999999998	191665.0	2.1799999999999997	44424.0	0.5	108318.0	1.23	58571.0	0.67	84050.0	0.95	55717.0	0.64	8476710	96.51
Zdi-ADup_010-Ex1-10G-lcwgs-1-2.clmp.fp2_r1_screen	2519663	68207.0	2.71	23.0	0.0	0.0	0.0	129.0	0.01	6828.0	0.27	44921.0	1.78	89777.0	3.56	32630.0	1.29	58742.0	2.34	34992.0	1.39	48225.0	1.91	33936.0	1.3499999999999999	2407286	95.54
Zdi-ADup_010-Ex1-10G-lcwgs-1-2.clmp.fp2_r2_screen	2519663	69529.0	2.76	21.0	0.0	0.0	0.0	4.0	0.0	7991.0	0.32	45858.0	1.82	90960.0	3.61	33798.0	1.3299999999999998	60020.0	2.39	36272.0	1.43	49774.0	1.97	35123.0	1.39	2406278	95.5
Zdi-ADup_011-Ex1-10H-lcwgs-1-2.clmp.fp2_r1_screen	256493	4949.0	1.9300000000000002	0.0	0.0	0.0	0.0	5.0	0.0	241.0	0.09	3555.0	1.38	7030.0	2.74	1969.0	0.76	4180.0	1.6300000000000001	2309.0	0.9	3336.0	1.31	2212.0	0.86	247105	96.34
Zdi-ADup_011-Ex1-10H-lcwgs-1-2.clmp.fp2_r2_screen	256493	5149.0	2.0100000000000002	0.0	0.0	0.0	0.0	0.0	0.0	402.0	0.16	3667.0	1.44	7322.0	2.86	2105.0	0.82	4338.0	1.68	2463.0	0.9500000000000001	3555.0	1.38	2317.0	0.9	246874	96.25
Zdi-ADup_012-Ex1-11A-lcwgs-1-2.clmp.fp2_r1_screen	3388455	38372.0	1.1400000000000001	1113.0	0.04	0.0	0.0	28.0	0.0	2372.0	0.07	1067387.0	31.5	354136.0	10.450000000000001	12614.0	0.37	21537.0	0.65	8589.0	0.26	10519.0	0.31000000000000005	9078.0	0.26	2241801	66.16
Zdi-ADup_012-Ex1-11A-lcwgs-1-2.clmp.fp2_r2_screen	3388455	43331.0	1.29	1096.0	0.04	0.0	0.0	1.0	0.0	7286.0	0.21	1065078.0	31.43	354922.0	10.469999999999999	17405.0	0.51	26366.0	0.79	13425.0	0.4	15347.0	0.44999999999999996	13854.0	0.41000000000000003	2244173	66.23
Zdi-ADup_013-Ex1-12F-lcwgs-1-2.clmp.fp2_r1_screen	529017	25996.0	4.92	39.0	0.01	0.0	0.0	8.0	0.0	515.0	0.09999999999999999	34822.0	6.58	23571.0	4.46	3453.0	0.65	7728.0	1.46	3842.0	0.73	5375.0	1.02	3684.0	0.7	466222	88.13
Zdi-ADup_013-Ex1-12F-lcwgs-1-2.clmp.fp2_r2_screen	529017	26393.0	4.98	40.0	0.01	0.0	0.0	0.0	0.0	862.0	0.17	34854.0	6.58	23842.0	4.51	3775.0	0.71	8112.0	1.5299999999999998	4168.0	0.79	5749.0	1.08	3995.0	0.75	466116	88.11
Zdi-ADup_014-Ex1-11C-lcwgs-1-2.clmp.fp2_r1_screen	1193025	42003.0	3.5199999999999996	45.0	0.0	0.0	0.0	27.0	0.0	4993.0	0.42	76995.0	6.45	66293.0	5.57	24090.0	2.0100000000000002	38725.0	3.24	25869.0	2.17	32267.0	2.71	25832.0	2.18	1082789	90.76
Zdi-ADup_014-Ex1-11C-lcwgs-1-2.clmp.fp2_r2_screen	1193025	42531.0	3.5599999999999996	35.0	0.0	0.0	0.0	0.0	0.0	5501.0	0.46	77436.0	6.49	66941.0	5.6	24613.0	2.06	39378.0	3.3000000000000003	26312.0	2.22	32566.0	2.7399999999999998	26367.0	2.22	1082073	90.7
Zdi-ADup_015-Ex1-11D-lcwgs-1-2.clmp.fp2_r1_screen	526825	10402.0	1.98	5.0	0.0	0.0	0.0	26.0	0.0	671.0	0.13	6021.0	1.15	14557.0	2.77	4519.0	0.86	9373.0	1.78	5411.0	1.02	7537.0	1.4300000000000002	5195.0	0.99	509176	96.65
Zdi-ADup_015-Ex1-11D-lcwgs-1-2.clmp.fp2_r2_screen	526825	10800.0	2.04	5.0	0.0	0.0	0.0	1.0	0.0	945.0	0.18000000000000002	6317.0	1.19	14842.0	2.8200000000000003	4746.0	0.9	9812.0	1.87	5705.0	1.08	7949.0	1.51	5554.0	1.06	508860	96.59
Zdi-ADup_016-Ex1-11E-lcwgs-1-2.clmp.fp2_r1_screen	503956	11605.0	2.3	8.0	0.0	0.0	0.0	5.0	0.0	590.0	0.11	10811.0	2.1399999999999997	17411.0	3.44	4567.0	0.9	10309.0	2.05	6573.0	1.3	8676.0	1.7200000000000002	5904.0	1.17	479766	95.2
Zdi-ADup_016-Ex1-11E-lcwgs-1-2.clmp.fp2_r2_screen	503956	11918.0	2.37	9.0	0.0	0.0	0.0	1.0	0.0	896.0	0.17	11110.0	2.21	17710.0	3.52	4852.0	0.96	10723.0	2.14	6873.0	1.3599999999999999	8974.0	1.79	6198.0	1.23	479514	95.15
Zdi-ADup_017-Ex1-11F-lcwgs-1-2.clmp.fp2_r1_screen	915431	18263.0	2.0	1.0	0.0	0.0	0.0	7.0	0.0	1149.0	0.13	10548.0	1.15	24234.0	2.66	8097.0	0.88	16071.0	1.76	9925.0	1.08	13432.0	1.47	9454.0	1.03	885954	96.78
Zdi-ADup_017-Ex1-11F-lcwgs-1-2.clmp.fp2_r2_screen	915431	18618.0	2.05	3.0	0.0	0.0	0.0	1.0	0.0	1439.0	0.16	10822.0	1.1800000000000002	24533.0	2.67	8473.0	0.92	16391.0	1.8	10232.0	1.1199999999999999	13834.0	1.52	9799.0	1.07	885587	96.74
Zdi-ADup_018-Ex1-11G-lcwgs-1-2.clmp.fp2_r1_screen	1624872	53237.0	3.28	17.0	0.0	0.0	0.0	15.0	0.0	2044.0	0.12	22250.0	1.36	44681.0	2.75	11362.0	0.7	25585.0	1.58	13948.0	0.86	19621.0	1.21	13476.0	0.84	1545578	95.12
Zdi-ADup_018-Ex1-11G-lcwgs-1-2.clmp.fp2_r2_screen	1624872	54377.0	3.3499999999999996	16.0	0.0	0.0	0.0	2.0	0.0	2927.0	0.18000000000000002	23249.0	1.44	46031.0	2.83	12332.0	0.76	26824.0	1.65	14874.0	0.91	20763.0	1.28	14543.0	0.89	1544115	95.03
Zdi-ADup_019-Ex1-11H-lcwgs-1-2.clmp.fp2_r1_screen	569918	7141.0	1.26	1.0	0.0	0.0	0.0	15.0	0.0	429.0	0.08	4169.0	0.74	10650.0	1.87	2203.0	0.39	6040.0	1.06	3371.0	0.5900000000000001	4942.0	0.86	3066.0	0.53	555898	97.54
Zdi-ADup_019-Ex1-11H-lcwgs-1-2.clmp.fp2_r2_screen	569918	7338.0	1.27	1.0	0.0	0.0	0.0	0.0	0.0	577.0	0.09999999999999999	4302.0	0.76	10995.0	1.9300000000000002	2425.0	0.42	6325.0	1.1099999999999999	3552.0	0.62	5195.0	0.91	3264.0	0.5700000000000001	555613	97.49
Zdi-ADup_020-Ex1-12A-lcwgs-1-2.clmp.fp2_r1_screen	25132311	592051.0	2.36	106.0	0.0	0.0	0.0	657.0	0.0	54456.0	0.21000000000000002	326362.0	1.3	806112.0	3.1999999999999997	245994.0	0.97	528262.0	2.09	338148.0	1.33	453722.0	1.8	311380.0	1.24	24157177	96.12
Zdi-ADup_020-Ex1-12A-lcwgs-1-2.clmp.fp2_r2_screen	25132311	606957.0	2.42	105.0	0.0	0.0	0.0	15.0	0.0	67079.0	0.26	339255.0	1.35	820610.0	3.27	259852.0	1.04	545217.0	2.17	351813.0	1.4	468613.0	1.86	324333.0	1.29	24144611	96.07
Zdi-ADup_021-Ex1-12B-lcwgs-1-2.clmp.fp2_r1_screen	268115311	6799885.0	2.54	8033.0	0.0	0.0	0.0	9936.0	0.0	632874.0	0.22999999999999998	4410166.0	1.65	9368736.0	3.5	2488209.0	0.93	5894466.0	2.2	3549368.0	1.33	4892675.0	1.8199999999999998	3334954.0	1.24	255755195	95.39
Zdi-ADup_021-Ex1-12B-lcwgs-1-2.clmp.fp2_r2_screen	268115311	7119842.0	2.66	7987.0	0.0	0.0	0.0	341.0	0.0	885242.0	0.33	4679749.0	1.7399999999999998	9745669.0	3.63	2766013.0	1.03	6267338.0	2.34	3831660.0	1.43	5236695.0	1.95	3626644.0	1.35	255379833	95.25
Zdi-ADup_022-Ex1-12C-lcwgs-1-2.clmp.fp2_r1_screen	529200	11620.0	2.2	10.0	0.0	0.0	0.0	6.0	0.0	955.0	0.18000000000000002	8857.0	1.67	16580.0	3.1399999999999997	5458.0	1.02	10673.0	2.03	6267.0	1.19	8479.0	1.61	6105.0	1.15	508084	96.01
Zdi-ADup_022-Ex1-12C-lcwgs-1-2.clmp.fp2_r2_screen	529200	12027.0	2.2600000000000002	9.0	0.0	0.0	0.0	0.0	0.0	1185.0	0.23	9078.0	1.72	16785.0	3.1799999999999997	5636.0	1.06	10971.0	2.07	6503.0	1.23	8758.0	1.67	6413.0	1.2000000000000002	507820	95.96
Zdi-ADup_023-Ex1-12D-lcwgs-1-2.clmp.fp2_r1_screen	325482	10847.0	3.33	5.0	0.0	0.0	0.0	14.0	0.0	794.0	0.24000000000000002	6626.0	2.04	12506.0	3.83	5213.0	1.5899999999999999	8653.0	2.6599999999999997	5798.0	1.78	7357.0	2.26	5679.0	1.74	309435	95.07
Zdi-ADup_023-Ex1-12D-lcwgs-1-2.clmp.fp2_r2_screen	325482	11013.0	3.3899999999999997	6.0	0.0	0.0	0.0	0.0	0.0	990.0	0.3	6763.0	2.07	12588.0	3.88	5313.0	1.63	8853.0	2.72	5945.0	1.8299999999999998	7574.0	2.33	5831.0	1.79	309272	95.02
Zdi-ADup_024-Ex1-12E-lcwgs-1-2.clmp.fp2_r1_screen	594138	33021.0	5.56	80.0	0.01	0.0	0.0	8.0	0.0	926.0	0.16	72752.0	12.24	53215.0	8.96	17710.0	2.9699999999999998	31420.0	5.28	21236.0	3.57	27649.0	4.65	21543.0	3.62	500323	84.21
Zdi-ADup_024-Ex1-12E-lcwgs-1-2.clmp.fp2_r2_screen	594138	33023.0	5.56	70.0	0.01	0.0	0.0	1.0	0.0	1245.0	0.21000000000000002	72607.0	12.209999999999999	53247.0	8.96	17966.0	3.02	31451.0	5.3	21252.0	3.5700000000000003	27637.0	4.6499999999999995	21666.0	3.64	500383	84.22
Zdi-ADup_025-Ex1-2A-lcwgs-1-2.clmp.fp2_r1_screen	13869424	299785.0	2.16	74.0	0.0	0.0	0.0	207.0	0.0	21172.0	0.15000000000000002	174567.0	1.25	436836.0	3.1399999999999997	104753.0	0.75	261418.0	1.88	154735.0	1.11	215468.0	1.56	137815.0	0.9800000000000001	13318807	96.03
Zdi-ADup_025-Ex1-2A-lcwgs-1-2.clmp.fp2_r2_screen	13869424	301499.0	2.1799999999999997	69.0	0.0	0.0	0.0	5.0	0.0	23264.0	0.16	176891.0	1.28	441611.0	3.1900000000000004	106991.0	0.77	266244.0	1.92	156611.0	1.12	218739.0	1.58	139776.0	1.0	13313260	95.99
Zdi-ADup_026-Ex1-12G-lcwgs-1-2.clmp.fp2_r1_screen	476307	9516.0	1.99	3.0	0.0	0.0	0.0	15.0	0.0	671.0	0.14	6075.0	1.27	12352.0	2.59	4545.0	0.95	8287.0	1.74	4936.0	1.04	6651.0	1.4	4776.0	1.0	461017	96.79
Zdi-ADup_026-Ex1-12G-lcwgs-1-2.clmp.fp2_r2_screen	476307	9911.0	2.08	3.0	0.0	0.0	0.0	0.0	0.0	964.0	0.21000000000000002	6363.0	1.33	12778.0	2.69	4851.0	1.01	8671.0	1.82	5279.0	1.1099999999999999	7011.0	1.48	5115.0	1.0699999999999998	460636	96.71
Zdi-ADup_027-Ex1-12H-lcwgs-1-2.clmp.fp2_r1_screen	4276462	123648.0	2.89	46.0	0.0	0.0	0.0	69.0	0.0	7482.0	0.18000000000000002	82808.0	1.9300000000000002	144770.0	3.38	54922.0	1.2799999999999998	98707.0	2.3	64022.0	1.5	82381.0	1.9300000000000002	61156.0	1.43	4083593	95.49
Zdi-ADup_027-Ex1-12H-lcwgs-1-2.clmp.fp2_r2_screen	4276462	125989.0	2.95	38.0	0.0	0.0	0.0	2.0	0.0	10581.0	0.25	85042.0	1.9899999999999998	147267.0	3.4400000000000004	57124.0	1.3399999999999999	101233.0	2.3699999999999997	66250.0	1.5499999999999998	84587.0	1.99	63417.0	1.49	4081455	95.44
Zdi-ADup_028-Ex1-9F-lcwgs-1-2.clmp.fp2_r1_screen	345475	6492.0	1.8699999999999999	1.0	0.0	0.0	0.0	17.0	0.0	337.0	0.09999999999999999	3586.0	1.0299999999999998	9035.0	2.61	2359.0	0.6799999999999999	5366.0	1.55	3024.0	0.88	4418.0	1.27	2797.0	0.81	333901	96.65
Zdi-ADup_028-Ex1-9F-lcwgs-1-2.clmp.fp2_r2_screen	345475	6758.0	1.95	0.0	0.0	0.0	0.0	0.0	0.0	531.0	0.15000000000000002	3834.0	1.1	9227.0	2.67	2578.0	0.74	5601.0	1.6300000000000001	3322.0	0.9600000000000001	4636.0	1.34	3112.0	0.89	333694	96.59
Zdi-ADup_029-Ex1-1A-lcwgs-1-2.clmp.fp2_r1_screen	229095	4197.0	1.8299999999999998	1.0	0.0	0.0	0.0	2.0	0.0	389.0	0.17	3654.0	1.6	5541.0	2.41	2480.0	1.08	3792.0	1.66	2370.0	1.04	3088.0	1.34	2456.0	1.07	222084	96.94
Zdi-ADup_029-Ex1-1A-lcwgs-1-2.clmp.fp2_r2_screen	229095	4217.0	1.8499999999999999	0.0	0.0	0.0	0.0	0.0	0.0	430.0	0.19	3687.0	1.61	5615.0	2.44	2504.0	1.09	3842.0	1.68	2403.0	1.05	3112.0	1.3499999999999999	2465.0	1.08	222038	96.92
Zdi-ADup_030-Ex1-1B-lcwgs-1-2.clmp.fp2_r1_screen	493737	8240.0	1.67	3.0	0.0	0.0	0.0	12.0	0.0	669.0	0.13	5185.0	1.06	10857.0	2.2	4038.0	0.8099999999999999	7114.0	1.45	4680.0	0.95	6013.0	1.22	4265.0	0.86	480652	97.35
Zdi-ADup_030-Ex1-1B-lcwgs-1-2.clmp.fp2_r2_screen	493737	8266.0	1.67	1.0	0.0	0.0	0.0	0.0	0.0	689.0	0.14	5174.0	1.05	10883.0	2.21	3971.0	0.7999999999999999	7200.0	1.46	4694.0	0.95	6052.0	1.23	4306.0	0.87	480603	97.34
Zdi-ADup_031-Ex1-1C-lcwgs-1-2.clmp.fp2_r1_screen	98442	2739.0	2.78	1.0	0.0	0.0	0.0	2.0	0.0	249.0	0.25	2407.0	2.4400000000000004	4244.0	4.32	1446.0	1.46	3013.0	3.06	1671.0	1.7	2086.0	2.11	1603.0	1.63	93332	94.81
Zdi-ADup_031-Ex1-1C-lcwgs-1-2.clmp.fp2_r2_screen	98442	2799.0	2.85	2.0	0.0	0.0	0.0	0.0	0.0	261.0	0.26	2412.0	2.45	4240.0	4.31	1439.0	1.46	3032.0	3.0700000000000003	1664.0	1.69	2117.0	2.14	1613.0	1.64	93313	94.79
Zdi-ADup_032-Ex1-1D-lcwgs-1-2.clmp.fp2_r1_screen	1817556	42041.0	2.31	119.0	0.0	0.0	0.0	25.0	0.0	3714.0	0.21	79286.0	4.36	67901.0	3.7399999999999998	17373.0	0.95	33486.0	1.85	20171.0	1.1	26439.0	1.46	19698.0	1.08	1693235	93.16
Zdi-ADup_032-Ex1-1D-lcwgs-1-2.clmp.fp2_r2_screen	1817556	42667.0	2.34	117.0	0.0	0.0	0.0	0.0	0.0	4240.0	0.24	79489.0	4.37	68766.0	3.7800000000000002	17815.0	0.98	34297.0	1.8900000000000001	20685.0	1.14	27086.0	1.48	20165.0	1.1099999999999999	1692689	93.13
Zdi-ADup_033-Ex1-1E-lcwgs-1-2.clmp.fp2_r1_screen	34611	700.0	2.0300000000000002	0.0	0.0	0.0	0.0	1.0	0.0	45.0	0.13	518.0	1.5	1018.0	2.96	275.0	0.8	588.0	1.7000000000000002	352.0	1.02	504.0	1.46	323.0	0.93	33281	96.16
Zdi-ADup_033-Ex1-1E-lcwgs-1-2.clmp.fp2_r2_screen	34611	691.0	2.0100000000000002	1.0	0.0	0.0	0.0	0.0	0.0	43.0	0.12	511.0	1.48	1038.0	3.0	277.0	0.8	579.0	1.6800000000000002	360.0	1.04	494.0	1.43	346.0	1.0	33243	96.05
Zdi-ADup_034-Ex1-1F-lcwgs-1-2.clmp.fp2_r1_screen	407757	6252.0	1.5299999999999998	1.0	0.0	0.0	0.0	6.0	0.0	306.0	0.08	3153.0	0.77	9371.0	2.3	1906.0	0.46	5232.0	1.29	2997.0	0.74	4286.0	1.05	2581.0	0.63	395891	97.09
Zdi-ADup_034-Ex1-1F-lcwgs-1-2.clmp.fp2_r2_screen	407757	6254.0	1.5299999999999998	1.0	0.0	0.0	0.0	0.0	0.0	340.0	0.08	3212.0	0.78	9355.0	2.3	1982.0	0.49	5365.0	1.31	3038.0	0.74	4420.0	1.09	2596.0	0.63	395850	97.08
Zdi-ADup_035-Ex1-1G-lcwgs-1-2.clmp.fp2_r1_screen	223472	4571.0	2.04	0.0	0.0	0.0	0.0	11.0	0.0	373.0	0.17	2567.0	1.1400000000000001	6584.0	2.94	1772.0	0.79	4093.0	1.83	2582.0	1.15	3439.0	1.54	2342.0	1.04	215404	96.39
Zdi-ADup_035-Ex1-1G-lcwgs-1-2.clmp.fp2_r2_screen	223472	4652.0	2.08	0.0	0.0	0.0	0.0	0.0	0.0	421.0	0.19	2614.0	1.17	6713.0	3.01	1840.0	0.82	4227.0	1.88	2621.0	1.17	3519.0	1.58	2372.0	1.05	215315	96.35
Zdi-ADup_036-Ex1-1H-lcwgs-1-2.clmp.fp2_r1_screen	264390	6625.0	2.51	7.0	0.0	0.0	0.0	8.0	0.0	589.0	0.22	9516.0	3.5999999999999996	10455.0	3.95	3154.0	1.1900000000000002	6226.0	2.36	4149.0	1.5699999999999998	5252.0	1.98	3890.0	1.47	248764	94.09
Zdi-ADup_036-Ex1-1H-lcwgs-1-2.clmp.fp2_r2_screen	264390	6599.0	2.5	9.0	0.0	0.0	0.0	0.0	0.0	668.0	0.25	9506.0	3.6	10451.0	3.96	3223.0	1.2100000000000002	6189.0	2.3499999999999996	4200.0	1.5799999999999998	5259.0	1.99	3870.0	1.46	248790	94.1
Zdi-ADup_037-Ex1-3D-lcwgs-1-2.clmp.fp2_r1_screen	28272590	477934.0	1.69	1268.0	0.0	0.0	0.0	650.0	0.0	66642.0	0.23	1468086.0	5.1899999999999995	1058395.0	3.74	211476.0	0.74	445532.0	1.57	281516.0	0.99	357600.0	1.27	266267.0	0.9400000000000001	26225654	92.76
Zdi-ADup_037-Ex1-3D-lcwgs-1-2.clmp.fp2_r2_screen	28272590	487151.0	1.73	1193.0	0.0	0.0	0.0	17.0	0.0	76227.0	0.27	1469219.0	5.21	1064197.0	3.7700000000000005	220886.0	0.7799999999999999	455655.0	1.61	290339.0	1.03	368138.0	1.3	275606.0	0.97	26222827	92.75
Zdi-ADup_038-Ex1-2B-lcwgs-1-2.clmp.fp2_r1_screen	531280	10937.0	2.06	4.0	0.0	0.0	0.0	9.0	0.0	787.0	0.15000000000000002	6178.0	1.15	15791.0	2.98	4349.0	0.82	9998.0	1.8800000000000001	6076.0	1.14	8213.0	1.55	5435.0	1.02	512366	96.44
Zdi-ADup_038-Ex1-2B-lcwgs-1-2.clmp.fp2_r2_screen	531280	10985.0	2.07	3.0	0.0	0.0	0.0	3.0	0.0	867.0	0.17	6233.0	1.17	15815.0	2.98	4431.0	0.83	10116.0	1.9000000000000001	6141.0	1.15	8236.0	1.55	5492.0	1.02	512366	96.44
Zdi-ADup_039-Ex1-2C-lcwgs-1-2.clmp.fp2_r1_screen	31228625	574666.0	1.8399999999999999	153.0	0.0	0.0	0.0	405.0	0.0	40249.0	0.12	335246.0	1.08	875003.0	2.8	194761.0	0.62	545231.0	1.7400000000000002	302446.0	0.96	421674.0	1.35	269319.0	0.86	30148114	96.54
Zdi-ADup_039-Ex1-2C-lcwgs-1-2.clmp.fp2_r2_screen	31228625	581404.0	1.85	172.0	0.0	0.0	0.0	7.0	0.0	45685.0	0.14	339919.0	1.09	883382.0	2.83	200877.0	0.64	554210.0	1.7799999999999998	308805.0	0.98	429568.0	1.3800000000000001	275411.0	0.87	30141868	96.52
Zdi-ADup_040-Ex1-2D-lcwgs-1-2.clmp.fp2_r1_screen	48709094	976746.0	2.0100000000000002	320.0	0.0	0.0	0.0	1106.0	0.0	84027.0	0.17	547741.0	1.1199999999999999	1375371.0	2.83	386853.0	0.79	879282.0	1.81	532789.0	1.09	732872.0	1.51	496618.0	1.02	47028630	96.55
Zdi-ADup_040-Ex1-2D-lcwgs-1-2.clmp.fp2_r2_screen	48709094	989476.0	2.0300000000000002	308.0	0.0	0.0	0.0	17.0	0.0	93405.0	0.19	557293.0	1.14	1392679.0	2.8699999999999997	396943.0	0.8099999999999999	895969.0	1.83	543560.0	1.12	746581.0	1.54	507519.0	1.04	47009146	96.51
Zdi-ADup_041-Ex1-2E-lcwgs-1-2.clmp.fp2_r1_screen	20275120	427720.0	2.11	86.0	0.0	0.0	0.0	425.0	0.0	42603.0	0.21000000000000002	258166.0	1.27	596025.0	2.9399999999999995	161337.0	0.79	372502.0	1.84	229754.0	1.1300000000000001	310030.0	1.53	209849.0	1.03	19516830	96.26
Zdi-ADup_041-Ex1-2E-lcwgs-1-2.clmp.fp2_r2_screen	20275120	433193.0	2.14	75.0	0.0	0.0	0.0	11.0	0.0	47800.0	0.23	263032.0	1.29	603652.0	2.98	166887.0	0.82	379324.0	1.87	234743.0	1.15	316185.0	1.56	215095.0	1.06	19510747	96.23
Zdi-ADup_042-Ex1-2F-lcwgs-1-2.clmp.fp2_r1_screen	2138279	39027.0	1.8199999999999998	26.0	0.0	0.0	0.0	35.0	0.0	2963.0	0.14	26142.0	1.22	57863.0	2.71	13987.0	0.65	34309.0	1.61	21249.0	0.99	28972.0	1.36	18621.0	0.87	2063011	96.48
Zdi-ADup_042-Ex1-2F-lcwgs-1-2.clmp.fp2_r2_screen	2138279	39516.0	1.85	29.0	0.0	0.0	0.0	1.0	0.0	3482.0	0.16	26629.0	1.25	58179.0	2.7199999999999998	14585.0	0.6799999999999999	35055.0	1.6400000000000001	21760.0	1.01	29557.0	1.3900000000000001	19318.0	0.9	2062797	96.47
Zdi-ADup_043-Ex1-2G-lcwgs-1-2.clmp.fp2_r1_screen	334212	6894.0	2.0700000000000003	4.0	0.0	0.0	0.0	11.0	0.0	444.0	0.13	4939.0	1.48	10361.0	3.11	2427.0	0.73	6026.0	1.8	3714.0	1.1	5049.0	1.52	3223.0	0.9600000000000001	320676	95.95
Zdi-ADup_043-Ex1-2G-lcwgs-1-2.clmp.fp2_r2_screen	334212	6982.0	2.09	4.0	0.0	0.0	0.0	0.0	0.0	529.0	0.16	5000.0	1.5	10496.0	3.1500000000000004	2517.0	0.75	6199.0	1.85	3685.0	1.1	5065.0	1.51	3303.0	0.99	320509	95.9
Zdi-ADup_044-Ex1-2H-lcwgs-1-2.clmp.fp2_r1_screen	1153434	29431.0	2.54	7.0	0.0	0.0	0.0	20.0	0.0	2223.0	0.19999999999999998	22075.0	1.9100000000000001	42318.0	3.67	12006.0	1.04	26148.0	2.27	16908.0	1.46	22170.0	1.92	15258.0	1.32	1098645	95.25
Zdi-ADup_044-Ex1-2H-lcwgs-1-2.clmp.fp2_r2_screen	1153434	29620.0	2.57	11.0	0.0	0.0	0.0	0.0	0.0	2519.0	0.22	22242.0	1.9300000000000002	42646.0	3.7	12222.0	1.06	26551.0	2.3	17250.0	1.49	22567.0	1.9500000000000002	15500.0	1.3299999999999998	1098530	95.24
Zdi-ADup_045-Ex1-3A-lcwgs-1-2.clmp.fp2_r1_screen	341496	7143.0	2.09	3.0	0.0	0.0	0.0	11.0	0.0	575.0	0.17	6474.0	1.9	11183.0	3.2800000000000002	3027.0	0.88	6593.0	1.9300000000000002	4087.0	1.2	5434.0	1.6	3576.0	1.04	326606	95.64
Zdi-ADup_045-Ex1-3A-lcwgs-1-2.clmp.fp2_r2_screen	341496	7196.0	2.11	1.0	0.0	0.0	0.0	1.0	0.0	630.0	0.18000000000000002	6445.0	1.8900000000000001	11231.0	3.29	3020.0	0.88	6656.0	1.9400000000000002	4002.0	1.17	5444.0	1.6	3586.0	1.04	326606	95.64
Zdi-ADup_046-Ex1-3B-lcwgs-1-2.clmp.fp2_r1_screen	99813	2083.0	2.09	0.0	0.0	0.0	0.0	6.0	0.0	160.0	0.16	2060.0	2.06	3421.0	3.4299999999999997	900.0	0.9	2013.0	2.03	1223.0	1.22	1604.0	1.61	1057.0	1.06	95251	95.43
Zdi-ADup_046-Ex1-3B-lcwgs-1-2.clmp.fp2_r2_screen	99813	2106.0	2.12	0.0	0.0	0.0	0.0	0.0	0.0	171.0	0.18000000000000002	2060.0	2.07	3476.0	3.4800000000000004	918.0	0.92	2063.0	2.07	1276.0	1.27	1678.0	1.6900000000000002	1089.0	1.09	95211	95.39
Zdi-ADup_047-Ex1-3C-lcwgs-1-2.clmp.fp2_r1_screen	9025899	234679.0	2.6	67.0	0.0	0.0	0.0	299.0	0.0	23629.0	0.26	165074.0	1.82	322732.0	3.58	107911.0	1.19	215396.0	2.38	138707.0	1.53	180583.0	2.01	130718.0	1.44	8626051	95.57
Zdi-ADup_047-Ex1-3C-lcwgs-1-2.clmp.fp2_r2_screen	9025899	236448.0	2.63	74.0	0.0	0.0	0.0	6.0	0.0	24885.0	0.27	166063.0	1.83	326099.0	3.61	109313.0	1.21	218347.0	2.4099999999999997	140086.0	1.54	183349.0	2.04	131874.0	1.45	8622441	95.53
Zdi-CDup_001-Ex1-5D-lcwgs-1-2.clmp.fp2_r1_screen	8718573	285739.0	3.27	103.0	0.0	0.0	0.0	4573.0	0.05	26406.0	0.3	168500.0	1.93	367422.0	4.22	160141.0	1.8299999999999998	259579.0	2.97	149448.0	1.71	208376.0	2.4	161212.0	1.8499999999999999	8300953	95.21
Zdi-CDup_001-Ex1-5D-lcwgs-1-2.clmp.fp2_r2_screen	8718573	302687.0	3.46	96.0	0.0	0.0	0.0	15.0	0.0	37186.0	0.43	179996.0	2.06	379180.0	4.34	172090.0	1.97	271919.0	3.12	165802.0	1.89	225685.0	2.59	177332.0	2.0300000000000002	8289619	95.08
Zdi-CDup_002-Ex1-5E-lcwgs-1-2.clmp.fp2_r1_screen	9237902	227361.0	2.46	56.0	0.0	0.0	0.0	748.0	0.01	21688.0	0.23	114624.0	1.24	296590.0	3.21	106892.0	1.15	205766.0	2.23	119600.0	1.29	168404.0	1.8199999999999998	125738.0	1.3699999999999999	8896099	96.3
Zdi-CDup_002-Ex1-5E-lcwgs-1-2.clmp.fp2_r2_screen	9237902	234459.0	2.53	52.0	0.0	0.0	0.0	3.0	0.0	27790.0	0.3	120776.0	1.3099999999999998	304312.0	3.29	113588.0	1.2200000000000002	213103.0	2.32	126395.0	1.3599999999999999	176086.0	1.9100000000000001	132493.0	1.44	8888709	96.22
Zdi-CDup_003-Ex1-5F-lcwgs-1-2.clmp.fp2_r1_screen	5382349	193389.0	3.59	52.0	0.0	0.0	0.0	807.0	0.01	14056.0	0.27	109167.0	2.02	242259.0	4.51	109617.0	2.04	170940.0	3.1799999999999997	97537.0	1.81	137934.0	2.56	106887.0	1.98	5109463	94.93
Zdi-CDup_003-Ex1-5F-lcwgs-1-2.clmp.fp2_r2_screen	5382349	198139.0	3.67	53.0	0.0	0.0	0.0	4.0	0.0	17837.0	0.34	112762.0	2.09	246459.0	4.58	113653.0	2.11	175224.0	3.25	102408.0	1.9	143084.0	2.6599999999999997	111277.0	2.06	5105158	94.85
Zdi-CDup_004-Ex1-5G-lcwgs-1-2.clmp.fp2_r1_screen	3221203	93516.0	2.9	63.0	0.0	0.0	0.0	588.0	0.02	8592.0	0.26	52623.0	1.63	121607.0	3.77	48509.0	1.5	85788.0	2.66	50821.0	1.5699999999999998	70380.0	2.18	53087.0	1.65	3081724	95.67
Zdi-CDup_004-Ex1-5G-lcwgs-1-2.clmp.fp2_r2_screen	3221203	97630.0	3.03	65.0	0.0	0.0	0.0	4.0	0.0	11565.0	0.36	55639.0	1.72	125064.0	3.88	51677.0	1.5999999999999999	89069.0	2.7600000000000002	54441.0	1.68	74244.0	2.31	56540.0	1.76	3078503	95.57
Zdi-CDup_005-Ex1-5H-lcwgs-1-2.clmp.fp2_r1_screen	12964192	383119.0	2.96	80.0	0.0	0.0	0.0	614.0	0.0	37494.0	0.29000000000000004	227440.0	1.75	496717.0	3.83	193910.0	1.49	342408.0	2.6399999999999997	198921.0	1.53	281013.0	2.17	213475.0	1.65	12376914	95.47
Zdi-CDup_005-Ex1-5H-lcwgs-1-2.clmp.fp2_r2_screen	12964192	394220.0	3.05	82.0	0.0	0.0	0.0	4.0	0.0	46940.0	0.37	236445.0	1.83	508939.0	3.9299999999999997	204015.0	1.5699999999999998	354160.0	2.73	209754.0	1.6199999999999999	293744.0	2.27	224239.0	1.73	12365246	95.38
Zdi-CDup_006-Ex1-6A-lcwgs-1-2.clmp.fp2_r1_screen	18058869	550902.0	3.06	119.0	0.0	0.0	0.0	856.0	0.0	50829.0	0.28	288378.0	1.59	691665.0	3.8200000000000003	292391.0	1.6099999999999999	470596.0	2.6	257560.0	1.42	378454.0	2.1	294727.0	1.63	17266084	95.61
Zdi-CDup_006-Ex1-6A-lcwgs-1-2.clmp.fp2_r2_screen	18058869	569202.0	3.1599999999999997	112.0	0.0	0.0	0.0	8.0	0.0	66425.0	0.37	303342.0	1.68	711012.0	3.94	308392.0	1.7	490674.0	2.72	274554.0	1.51	399005.0	2.21	312153.0	1.73	17246219	95.5
Zdi-CDup_007-Ex1-6B-lcwgs-1-2.clmp.fp2_r1_screen	11001444	316606.0	2.87	103.0	0.0	0.0	0.0	1936.0	0.02	30752.0	0.28	177889.0	1.6099999999999999	410150.0	3.72	164719.0	1.49	291754.0	2.66	175320.0	1.5899999999999999	240379.0	2.18	182817.0	1.66	10532782	95.74
Zdi-CDup_007-Ex1-6B-lcwgs-1-2.clmp.fp2_r2_screen	11001444	325987.0	2.96	107.0	0.0	0.0	0.0	24.0	0.0	37595.0	0.34	185029.0	1.68	418771.0	3.8	171944.0	1.5599999999999998	300628.0	2.73	184414.0	1.67	250059.0	2.28	191566.0	1.74	10525081	95.67
Zdi-CDup_008-Ex1-6C-lcwgs-1-2.clmp.fp2_r1_screen	11415223	308377.0	2.71	86.0	0.0	0.0	0.0	882.0	0.01	34715.0	0.3	167702.0	1.46	402561.0	3.5300000000000002	149975.0	1.3199999999999998	280083.0	2.4499999999999997	164039.0	1.43	231665.0	2.03	173689.0	1.52	10947198	95.9
Zdi-CDup_008-Ex1-6C-lcwgs-1-2.clmp.fp2_r2_screen	11415223	318535.0	2.8000000000000003	86.0	0.0	0.0	0.0	15.0	0.0	43657.0	0.38	176704.0	1.54	412873.0	3.62	159679.0	1.4	290831.0	2.54	174308.0	1.52	242611.0	2.12	183805.0	1.6099999999999999	10936925	95.81
Zdi-CDup_010-Ex1-6D-lcwgs-1-2.clmp.fp2_r1_screen	21162494	633527.0	3.0	383.0	0.0	0.0	0.0	3726.0	0.02	66653.0	0.31	348636.0	1.64	823305.0	3.88	321080.0	1.51	574628.0	2.71	334306.0	1.5699999999999998	469921.0	2.22	359597.0	1.7	20214414	95.52
Zdi-CDup_010-Ex1-6D-lcwgs-1-2.clmp.fp2_r2_screen	21162494	661795.0	3.12	377.0	0.0	0.0	0.0	25.0	0.0	89613.0	0.42	372567.0	1.76	847756.0	4.0	345951.0	1.63	602363.0	2.85	362603.0	1.71	500090.0	2.36	387394.0	1.8299999999999998	20191135	95.41
Zdi-CDup_011-Ex1-6E-lcwgs-1-2.clmp.fp2_r1_screen	16824863	422372.0	2.5100000000000002	115.0	0.0	0.0	0.0	1051.0	0.01	46003.0	0.28	217467.0	1.29	550988.0	3.27	198937.0	1.1800000000000002	382961.0	2.28	226442.0	1.3399999999999999	317252.0	1.8900000000000001	238653.0	1.42	16185518	96.2
Zdi-CDup_011-Ex1-6E-lcwgs-1-2.clmp.fp2_r2_screen	16824863	440906.0	2.62	121.0	0.0	0.0	0.0	10.0	0.0	61589.0	0.37	233998.0	1.39	569939.0	3.38	215717.0	1.27	402468.0	2.4	244725.0	1.45	336246.0	2.01	256052.0	1.52	16165328	96.08
Zdi-CDup_012-Ex1-6F-lcwgs-1-2.clmp.fp2_r1_screen	5362309	211553.0	3.94	61.0	0.0	0.0	0.0	952.0	0.02	19008.0	0.36000000000000004	134887.0	2.52	263474.0	4.91	119492.0	2.23	195354.0	3.6399999999999997	123035.0	2.29	165190.0	3.0900000000000003	128067.0	2.39	5063092	94.42
Zdi-CDup_012-Ex1-6F-lcwgs-1-2.clmp.fp2_r2_screen	5362309	216402.0	4.04	64.0	0.0	0.0	0.0	20.0	0.0	23584.0	0.44	138779.0	2.5900000000000003	267124.0	4.9799999999999995	123741.0	2.3000000000000003	199855.0	3.7199999999999998	127874.0	2.38	170319.0	3.18	132498.0	2.47	5059874	94.36
Zdi-CDup_013-Ex1-6G-lcwgs-1-2.clmp.fp2_r1_screen	3002872	82032.0	2.73	74.0	0.0	0.0	0.0	452.0	0.01	7620.0	0.25	47530.0	1.58	109525.0	3.65	42034.0	1.4	77215.0	2.58	46843.0	1.55	62911.0	2.09	47165.0	1.5699999999999998	2877351	95.82
Zdi-CDup_013-Ex1-6G-lcwgs-1-2.clmp.fp2_r2_screen	3002872	85201.0	2.83	66.0	0.0	0.0	0.0	11.0	0.0	10240.0	0.34	50086.0	1.67	112449.0	3.7399999999999998	44768.0	1.4900000000000002	80432.0	2.68	49890.0	1.66	66371.0	2.21	50100.0	1.67	2874649	95.73
Zdi-CDup_014-Ex1-6H-lcwgs-1-2.clmp.fp2_r1_screen	7070251	187354.0	2.65	228.0	0.0	0.0	0.0	1206.0	0.02	18095.0	0.25	100065.0	1.43	247802.0	3.5100000000000002	90292.0	1.2799999999999998	174480.0	2.4699999999999998	102838.0	1.45	142239.0	2.01	106020.0	1.5	6786733	95.99
Zdi-CDup_014-Ex1-6H-lcwgs-1-2.clmp.fp2_r2_screen	7070251	195169.0	2.75	229.0	0.0	0.0	0.0	12.0	0.0	24433.0	0.34	106623.0	1.52	253948.0	3.5999999999999996	97343.0	1.37	182254.0	2.5900000000000003	110914.0	1.5699999999999998	150252.0	2.12	113814.0	1.6099999999999999	6781077	95.91
Zdi-CDup_015-Ex1-7A-lcwgs-1-2.clmp.fp2_r1_screen	1818873	48568.0	2.66	16.0	0.0	0.0	0.0	261.0	0.01	4681.0	0.25	25772.0	1.42	62566.0	3.4400000000000004	24319.0	1.3299999999999998	42941.0	2.36	24658.0	1.3599999999999999	35112.0	1.93	26531.0	1.45	1746663	96.03
Zdi-CDup_015-Ex1-7A-lcwgs-1-2.clmp.fp2_r2_screen	1818873	50915.0	2.79	14.0	0.0	0.0	0.0	0.0	0.0	6521.0	0.36000000000000004	27763.0	1.53	64654.0	3.55	26595.0	1.46	45228.0	2.4899999999999998	26992.0	1.48	37493.0	2.06	28776.0	1.5799999999999998	1744662	95.92
Zdi-CDup_016-Ex1-7B-lcwgs-1-2.clmp.fp2_r1_screen	13488140	402721.0	3.0	116.0	0.0	0.0	0.0	1156.0	0.01	38827.0	0.28	216077.0	1.6099999999999999	511199.0	3.8	210466.0	1.5599999999999998	358617.0	2.6599999999999997	208438.0	1.54	292599.0	2.17	225989.0	1.68	12904103	95.67
Zdi-CDup_016-Ex1-7B-lcwgs-1-2.clmp.fp2_r2_screen	13488140	413266.0	3.06	116.0	0.0	0.0	0.0	8.0	0.0	46442.0	0.35000000000000003	224077.0	1.66	521743.0	3.86	218830.0	1.6199999999999999	369598.0	2.7399999999999998	218078.0	1.6099999999999999	303337.0	2.2600000000000002	235882.0	1.75	12893313	95.59
Zdi-CDup_017-Ex1-7C-lcwgs-1-2.clmp.fp2_r1_screen	8188131	210666.0	2.56	117.0	0.0	0.0	0.0	687.0	0.01	21629.0	0.26	118670.0	1.46	274165.0	3.35	101944.0	1.2400000000000002	191657.0	2.34	112747.0	1.38	157904.0	1.9300000000000002	117746.0	1.44	7863062	96.03
Zdi-CDup_017-Ex1-7C-lcwgs-1-2.clmp.fp2_r2_screen	8188131	216749.0	2.63	117.0	0.0	0.0	0.0	2.0	0.0	26224.0	0.32	123634.0	1.52	280130.0	3.42	107157.0	1.31	197644.0	2.4099999999999997	118503.0	1.44	163882.0	2.01	123267.0	1.5	7857330	95.96
Zdi-CDup_018-Ex1-7D-lcwgs-1-2.clmp.fp2_r1_screen	16626915	619325.0	3.73	194.0	0.0	0.0	0.0	4168.0	0.02	52302.0	0.31	340071.0	2.05	770391.0	4.63	352780.0	2.12	524904.0	3.16	273100.0	1.64	409781.0	2.46	321663.0	1.94	15754001	94.75
Zdi-CDup_018-Ex1-7D-lcwgs-1-2.clmp.fp2_r2_screen	16626915	643109.0	3.87	196.0	0.0	0.0	0.0	15.0	0.0	70629.0	0.43	358643.0	2.16	788970.0	4.74	372596.0	2.24	545775.0	3.28	296850.0	1.78	436327.0	2.63	345498.0	2.08	15737375	94.65
Zdi-CDup_019-Ex1-7E-lcwgs-1-2.clmp.fp2_r1_screen	9054580	252072.0	2.78	51.0	0.0	0.0	0.0	416.0	0.0	23487.0	0.25	131723.0	1.45	322307.0	3.5599999999999996	127026.0	1.4	226654.0	2.5100000000000002	135512.0	1.49	187858.0	2.07	144483.0	1.5899999999999999	8685153	95.92
Zdi-CDup_019-Ex1-7E-lcwgs-1-2.clmp.fp2_r2_screen	9054580	259894.0	2.87	51.0	0.0	0.0	0.0	0.0	0.0	29923.0	0.33	138483.0	1.52	329848.0	3.6399999999999997	134076.0	1.48	234687.0	2.5900000000000003	143235.0	1.5799999999999998	196022.0	2.17	151804.0	1.68	8677909	95.84
Zdi-CDup_021-Ex1-7G-lcwgs-1-2.clmp.fp2_r1_screen	9727946	243058.0	2.5	70.0	0.0	0.0	0.0	1254.0	0.01	25036.0	0.26	121974.0	1.25	316671.0	3.26	114397.0	1.17	219584.0	2.27	127002.0	1.3099999999999998	180151.0	1.85	134012.0	1.38	9362175	96.24
Zdi-CDup_021-Ex1-7G-lcwgs-1-2.clmp.fp2_r2_screen	9727946	257133.0	2.64	73.0	0.0	0.0	0.0	9.0	0.0	35698.0	0.36	133562.0	1.3699999999999999	328775.0	3.38	126683.0	1.2999999999999998	232943.0	2.4	140112.0	1.44	194293.0	2.0	147058.0	1.51	9350501	96.12
Zdi-CDup_022-Ex1-7H-lcwgs-1-2.clmp.fp2_r1_screen	7722361	179779.0	2.32	25.0	0.0	0.0	0.0	401.0	0.0	17206.0	0.22	85268.0	1.0999999999999999	236221.0	3.05	80729.0	1.05	162159.0	2.1	93617.0	1.21	132230.0	1.7200000000000002	98089.0	1.27	7450533	96.48
Zdi-CDup_022-Ex1-7H-lcwgs-1-2.clmp.fp2_r2_screen	7722361	186053.0	2.41	18.0	0.0	0.0	0.0	1.0	0.0	22334.0	0.28	90609.0	1.17	242716.0	3.1500000000000004	86446.0	1.12	168283.0	2.18	99686.0	1.29	138657.0	1.7999999999999998	104057.0	1.3399999999999999	7443583	96.39
Zdi-CDup_026-Ex1-8D-lcwgs-1-2.clmp.fp2_r1_screen	8240650	203903.0	2.48	25.0	0.0	0.0	0.0	1713.0	0.02	19475.0	0.24000000000000002	106880.0	1.3	265001.0	3.2199999999999998	98635.0	1.19	185647.0	2.25	109914.0	1.3299999999999998	153782.0	1.87	113922.0	1.38	7934921	96.29
Zdi-CDup_026-Ex1-8D-lcwgs-1-2.clmp.fp2_r2_screen	8240650	215088.0	2.61	26.0	0.0	0.0	0.0	15.0	0.0	28285.0	0.34	116047.0	1.41	273202.0	3.31	108081.0	1.31	196030.0	2.39	120727.0	1.46	164742.0	2.0	124757.0	1.52	7926681	96.19
Zdi-CDup_031-Ex1-9A-lcwgs-1-2.clmp.fp2_r1_screen	7871491	221893.0	2.8200000000000003	35.0	0.0	0.0	0.0	672.0	0.01	19557.0	0.24000000000000002	113274.0	1.44	280849.0	3.5700000000000003	113634.0	1.44	194888.0	2.48	109634.0	1.39	157310.0	2.0	120657.0	1.53	7550334	95.92
Zdi-CDup_031-Ex1-9A-lcwgs-1-2.clmp.fp2_r2_screen	7871491	229654.0	2.92	29.0	0.0	0.0	0.0	3.0	0.0	25539.0	0.33	119590.0	1.52	288668.0	3.67	120220.0	1.52	202438.0	2.5700000000000003	116771.0	1.48	165587.0	2.11	127951.0	1.6199999999999999	7542462	95.82
Zdi-CDup_033-Ex1-9C-lcwgs-1-2.clmp.fp2_r1_screen	6163073	181291.0	2.94	83.0	0.0	0.0	0.0	2070.0	0.03	17829.0	0.29000000000000004	99909.0	1.6199999999999999	235640.0	3.8200000000000003	91958.0	1.49	169128.0	2.74	99471.0	1.6099999999999999	137823.0	2.24	103849.0	1.69	5894363	95.64
Zdi-CDup_033-Ex1-9C-lcwgs-1-2.clmp.fp2_r2_screen	6163073	193686.0	3.15	76.0	0.0	0.0	0.0	9.0	0.0	27478.0	0.44	110133.0	1.79	243778.0	3.96	102315.0	1.66	179546.0	2.91	111837.0	1.8099999999999998	150426.0	2.4499999999999997	115898.0	1.88	5886351	95.51
Zdi-CDup_034-Ex1-9D-lcwgs-1-2.clmp.fp2_r1_screen	11138148	329776.0	2.96	78.0	0.0	0.0	0.0	6368.0	0.06	35402.0	0.32	180407.0	1.6199999999999999	432897.0	3.89	172739.0	1.5399999999999998	303015.0	2.7199999999999998	174696.0	1.56	242989.0	2.18	187889.0	1.69	10645841	95.58
Zdi-CDup_034-Ex1-9D-lcwgs-1-2.clmp.fp2_r2_screen	11138148	363514.0	3.26	77.0	0.0	0.0	0.0	26.0	0.0	61561.0	0.56	207537.0	1.8699999999999999	454480.0	4.08	199906.0	1.7899999999999998	330923.0	2.9699999999999998	207919.0	1.8699999999999999	277003.0	2.49	221664.0	1.99	10624679	95.39
Zdi-CDup_035-Ex1-9E-lcwgs-1-2.clmp.fp2_r1_screen	7571785	197353.0	2.6	37.0	0.0	0.0	0.0	2372.0	0.03	19780.0	0.26	105796.0	1.4	259674.0	3.44	97276.0	1.2799999999999998	182456.0	2.41	106880.0	1.4	149656.0	1.9899999999999998	111021.0	1.46	7274213	96.07
Zdi-CDup_035-Ex1-9E-lcwgs-1-2.clmp.fp2_r2_screen	7571785	214479.0	2.83	45.0	0.0	0.0	0.0	8.0	0.0	33928.0	0.44	120320.0	1.5899999999999999	271723.0	3.59	111800.0	1.48	197943.0	2.63	123577.0	1.6199999999999999	167090.0	2.2	127871.0	1.69	7262098	95.91
Zdi-CDup_037-Ex1-9G-lcwgs-1-2.clmp.fp2_r1_screen	6054674	176146.0	2.9	89.0	0.0	0.0	0.0	1776.0	0.03	16425.0	0.27	101468.0	1.68	225480.0	3.71	94078.0	1.5499999999999998	161310.0	2.67	99873.0	1.64	134558.0	2.22	103928.0	1.71	5796744	95.74
Zdi-CDup_037-Ex1-9G-lcwgs-1-2.clmp.fp2_r2_screen	6054674	187338.0	3.09	96.0	0.0	0.0	0.0	8.0	0.0	25145.0	0.41000000000000003	110444.0	1.82	233394.0	3.84	103512.0	1.7	171216.0	2.83	110711.0	1.8299999999999998	145683.0	2.41	114625.0	1.89	5788873	95.61
Zdi-CDup_038-Ex1-9H-lcwgs-1-2.clmp.fp2_r1_screen	5396030	145398.0	2.69	26.0	0.0	0.0	0.0	1422.0	0.02	14184.0	0.26	76300.0	1.41	189132.0	3.5100000000000002	72499.0	1.3399999999999999	133506.0	2.48	78848.0	1.45	109413.0	2.03	82784.0	1.53	5180188	96.0
Zdi-CDup_038-Ex1-9H-lcwgs-1-2.clmp.fp2_r2_screen	5396030	153965.0	2.85	24.0	0.0	0.0	0.0	3.0	0.0	20781.0	0.38	82972.0	1.53	195616.0	3.62	79468.0	1.46	140662.0	2.61	86644.0	1.5999999999999999	117689.0	2.18	90736.0	1.68	5173713	95.88
Zdi-CDup_039-Ex1-10A-lcwgs-1-2.clmp.fp2_r1_screen	2365154	60744.0	2.56	41.0	0.0	0.0	0.0	123.0	0.01	5592.0	0.23	30284.0	1.28	78386.0	3.32	29195.0	1.23	53737.0	2.27	29709.0	1.25	43597.0	1.8399999999999999	31848.0	1.3399999999999999	2274568	96.17
Zdi-CDup_039-Ex1-10A-lcwgs-1-2.clmp.fp2_r2_screen	2365154	62956.0	2.66	38.0	0.0	0.0	0.0	1.0	0.0	7668.0	0.32	32236.0	1.3599999999999999	80404.0	3.4000000000000004	31100.0	1.3099999999999998	55667.0	2.35	31928.0	1.3399999999999999	45847.0	1.95	34082.0	1.44	2272439	96.08
Zdi-CDup_040-Ex1-10B-lcwgs-1-2.clmp.fp2_r1_screen	1846152	52827.0	2.87	48.0	0.0	0.0	0.0	236.0	0.01	4492.0	0.24000000000000002	27113.0	1.46	67662.0	3.67	26802.0	1.44	46690.0	2.53	26153.0	1.42	37577.0	2.04	28165.0	1.53	1768982	95.82
Zdi-CDup_040-Ex1-10B-lcwgs-1-2.clmp.fp2_r2_screen	1846152	54872.0	2.96	49.0	0.0	0.0	0.0	0.0	0.0	6373.0	0.34	28967.0	1.58	69638.0	3.78	28424.0	1.54	48582.0	2.63	28190.0	1.52	39668.0	2.15	30124.0	1.63	1766952	95.71
Zdi-CDup_041-Ex1-10C-lcwgs-1-2.clmp.fp2_r1_screen	5192808	153854.0	2.96	86.0	0.0	0.0	0.0	473.0	0.01	13919.0	0.26	77556.0	1.49	196416.0	3.79	78491.0	1.5	134600.0	2.6	75042.0	1.44	108186.0	2.09	82913.0	1.5999999999999999	4970036	95.71
Zdi-CDup_041-Ex1-10C-lcwgs-1-2.clmp.fp2_r2_screen	5192808	158758.0	3.0500000000000003	84.0	0.0	0.0	0.0	4.0	0.0	18740.0	0.37	82069.0	1.58	200543.0	3.8499999999999996	82965.0	1.5899999999999999	140180.0	2.7	80508.0	1.55	113489.0	2.19	88092.0	1.7	4965882	95.63
Zdi-CDup_042-Ex1-10D-lcwgs-1-2.clmp.fp2_r1_screen	12256262	366691.0	2.9899999999999998	1269.0	0.01	0.0	0.0	1087.0	0.01	30565.0	0.24000000000000002	186107.0	1.52	461723.0	3.7700000000000005	193379.0	1.5699999999999998	312586.0	2.55	166890.0	1.3499999999999999	248405.0	2.03	191994.0	1.57	11729242	95.7
Zdi-CDup_042-Ex1-10D-lcwgs-1-2.clmp.fp2_r2_screen	12256262	380746.0	3.1	1274.0	0.01	0.0	0.0	8.0	0.0	43354.0	0.35000000000000003	198482.0	1.6199999999999999	474989.0	3.87	206243.0	1.68	327591.0	2.68	181328.0	1.48	264327.0	2.16	206249.0	1.68	11715760	95.59
Zdi-CDup_043-Ex1-10E-lcwgs-1-2.clmp.fp2_r1_screen	25451857	1000619.0	3.93	147.0	0.0	0.0	0.0	829.0	0.0	85006.0	0.34	525853.0	2.06	1217472.0	4.78	565076.0	2.2199999999999998	824944.0	3.25	431271.0	1.69	653605.0	2.57	518505.0	2.04	24077456	94.6
Zdi-CDup_043-Ex1-10E-lcwgs-1-2.clmp.fp2_r2_screen	25451857	1029586.0	4.05	146.0	0.0	0.0	0.0	11.0	0.0	117057.0	0.46	554000.0	2.1799999999999997	1248131.0	4.91	595577.0	2.34	857949.0	3.37	464206.0	1.82	690093.0	2.7199999999999998	550108.0	2.16	24049459	94.49
Zdi-CDup_045-Ex1-10G-lcwgs-1-2.clmp.fp2_r1_screen	8665021	218474.0	2.52	1237.0	0.01	0.0	0.0	882.0	0.01	21783.0	0.26	114529.0	1.32	286826.0	3.3099999999999996	103880.0	1.19	198406.0	2.29	115892.0	1.3299999999999998	162268.0	1.88	121309.0	1.4	8332284	96.16
Zdi-CDup_045-Ex1-10G-lcwgs-1-2.clmp.fp2_r2_screen	8665021	228805.0	2.63	1209.0	0.01	0.0	0.0	4.0	0.0	30085.0	0.35000000000000003	122971.0	1.42	295695.0	3.41	112079.0	1.29	207932.0	2.4	125173.0	1.44	172190.0	1.9900000000000002	130591.0	1.5	8323619	96.06
Zdi-CDup_046-Ex1-10H-lcwgs-1-2.clmp.fp2_r1_screen	7457328	189321.0	2.54	109.0	0.0	0.0	0.0	791.0	0.01	19274.0	0.25	99341.0	1.33	244946.0	3.27	90882.0	1.21	170585.0	2.29	99274.0	1.3299999999999998	140038.0	1.88	104945.0	1.41	7171712	96.17
Zdi-CDup_046-Ex1-10H-lcwgs-1-2.clmp.fp2_r2_screen	7457328	199229.0	2.6799999999999997	109.0	0.0	0.0	0.0	7.0	0.0	27331.0	0.37	107544.0	1.44	253786.0	3.4	99000.0	1.3199999999999998	179932.0	2.42	108386.0	1.45	149785.0	2.01	114106.0	1.53	7162763	96.05
Zdi-CDup_047-Ex1-11A-lcwgs-1-2.clmp.fp2_r1_screen	5843083	182192.0	3.1100000000000003	436.0	0.01	0.0	0.0	350.0	0.01	14443.0	0.25	91119.0	1.56	233444.0	3.9899999999999998	91155.0	1.55	162756.0	2.78	91202.0	1.56	131029.0	2.24	99564.0	1.7	5579559	95.49
Zdi-CDup_047-Ex1-11A-lcwgs-1-2.clmp.fp2_r2_screen	5843083	186600.0	3.18	428.0	0.01	0.0	0.0	5.0	0.0	18562.0	0.32	95309.0	1.63	237671.0	4.07	95603.0	1.63	167906.0	2.87	95771.0	1.63	135786.0	2.3200000000000003	103803.0	1.78	5575469	95.42
Zdi-CDup_050-Ex1-11D-lcwgs-1-2.clmp.fp2_r1_screen	1205601	38115.0	3.16	31.0	0.0	0.0	0.0	385.0	0.03	3370.0	0.27	21706.0	1.8	48734.0	4.04	20789.0	1.72	34498.0	2.8699999999999997	20585.0	1.71	28322.0	2.36	21851.0	1.8199999999999998	1150263	95.41
Zdi-CDup_050-Ex1-11D-lcwgs-1-2.clmp.fp2_r2_screen	1205601	40433.0	3.36	34.0	0.0	0.0	0.0	4.0	0.0	5286.0	0.43	23661.0	1.96	50502.0	4.19	22788.0	1.88	36713.0	3.0500000000000003	22906.0	1.9	30619.0	2.54	24148.0	2.0100000000000002	1148696	95.28
Zdi-CDup_051-Ex1-11E-lcwgs-1-2.clmp.fp2_r1_screen	972015	30671.0	3.15	15.0	0.0	0.0	0.0	329.0	0.03	3011.0	0.3	16988.0	1.74	39337.0	4.06	16135.0	1.66	27884.0	2.8699999999999997	16119.0	1.66	22703.0	2.34	17273.0	1.78	927302	95.4
Zdi-CDup_051-Ex1-11E-lcwgs-1-2.clmp.fp2_r2_screen	972015	32532.0	3.35	17.0	0.0	0.0	0.0	1.0	0.0	4529.0	0.46	18530.0	1.91	40675.0	4.18	17657.0	1.8199999999999998	29617.0	3.0500000000000003	18069.0	1.8599999999999999	24605.0	2.5300000000000002	19144.0	1.97	926038	95.27
Zdi-CDup_054-Ex1-11G-lcwgs-1-2.clmp.fp2_r1_screen	1375139	60642.0	4.41	33.0	0.0	0.0	0.0	1436.0	0.1	5238.0	0.38	36257.0	2.64	79651.0	5.800000000000001	35280.0	2.5700000000000003	58879.0	4.28	36305.0	2.64	47809.0	3.48	36994.0	2.69	1288780	93.72
Zdi-CDup_054-Ex1-11G-lcwgs-1-2.clmp.fp2_r2_screen	1375139	68804.0	5.0	28.0	0.0	0.0	0.0	16.0	0.0	12174.0	0.88	43352.0	3.16	83689.0	6.090000000000001	42238.0	3.07	65997.0	4.800000000000001	44675.0	3.24	56189.0	4.09	45291.0	3.29	1284792	93.43
Zdi-CDup_056-Ex1-12A-lcwgs-1-2.clmp.fp2_r1_screen	22215403	558534.0	2.52	232.0	0.0	0.0	0.0	3040.0	0.01	69897.0	0.32	297892.0	1.35	720806.0	3.24	263709.0	1.19	500523.0	2.26	295618.0	1.3299999999999998	416236.0	1.88	316530.0	1.42	21364553	96.17
Zdi-CDup_056-Ex1-12A-lcwgs-1-2.clmp.fp2_r2_screen	22215403	590066.0	2.67	224.0	0.0	0.0	0.0	11.0	0.0	96794.0	0.44	324709.0	1.47	752393.0	3.38	291398.0	1.31	530679.0	2.39	325750.0	1.46	448494.0	2.02	346491.0	1.5599999999999998	21333451	96.03
Zdi-CDup_057-Ex1-12B-lcwgs-1-2.clmp.fp2_r1_screen	13995708	422648.0	3.03	241.0	0.0	0.0	0.0	8851.0	0.06	44874.0	0.32	237369.0	1.7	545357.0	3.9	226158.0	1.6099999999999999	376216.0	2.69	207093.0	1.48	298757.0	2.1399999999999997	229125.0	1.63	13367300	95.51
Zdi-CDup_057-Ex1-12B-lcwgs-1-2.clmp.fp2_r2_screen	13995708	457932.0	3.2800000000000002	236.0	0.0	0.0	0.0	39.0	0.0	70203.0	0.5	263267.0	1.8800000000000001	567926.0	4.07	252691.0	1.8	404106.0	2.8899999999999997	241909.0	1.72	335036.0	2.4	264390.0	1.88	13344907	95.35
Zdi-CDup_058-Ex1-12C-lcwgs-1-2.clmp.fp2_r1_screen	3628552	104336.0	2.87	45.0	0.0	0.0	0.0	1456.0	0.04	10791.0	0.29000000000000004	57514.0	1.58	136908.0	3.77	52186.0	1.44	96631.0	2.66	56082.0	1.54	78207.0	2.15	58885.0	1.63	3472161	95.69
Zdi-CDup_058-Ex1-12C-lcwgs-1-2.clmp.fp2_r2_screen	3628552	111546.0	3.08	45.0	0.0	0.0	0.0	4.0	0.0	16592.0	0.45	63191.0	1.74	142156.0	3.92	58289.0	1.6099999999999999	102755.0	2.83	63053.0	1.74	85430.0	2.35	66206.0	1.8199999999999998	3467081	95.55
Zdi-CDup_059-Ex1-12D-lcwgs-1-2.clmp.fp2_r1_screen	14974303	403054.0	2.69	1117.0	0.01	0.0	0.0	9901.0	0.06	56896.0	0.38	321905.0	2.16	561157.0	3.76	203600.0	1.3499999999999999	370339.0	2.48	215974.0	1.43	300513.0	2.01	227902.0	1.52	14254039	95.19
Zdi-CDup_059-Ex1-12D-lcwgs-1-2.clmp.fp2_r2_screen	14974303	460463.0	3.08	1093.0	0.01	0.0	0.0	79.0	0.0	101395.0	0.68	366564.0	2.45	599526.0	4.01	249937.0	1.67	418961.0	2.8000000000000003	271390.0	1.81	357704.0	2.39	283584.0	1.89	14216603	94.94
Zdi-CDup_060-Ex1-12E-lcwgs-1-2.clmp.fp2_r1_screen	1808993	53214.0	2.94	48.0	0.0	0.0	0.0	579.0	0.03	5307.0	0.29000000000000004	32063.0	1.7799999999999998	68659.0	3.8	27906.0	1.54	47664.0	2.63	27009.0	1.49	38350.0	2.13	29339.0	1.6199999999999999	1727769	95.51
Zdi-CDup_060-Ex1-12E-lcwgs-1-2.clmp.fp2_r2_screen	1808993	56811.0	3.13	53.0	0.0	0.0	0.0	3.0	0.0	8297.0	0.45	35190.0	1.9500000000000002	71183.0	3.9400000000000004	30923.0	1.7	50778.0	2.81	30716.0	1.69	42152.0	2.33	32986.0	1.8199999999999998	1725055	95.36
Zdi-CDup_061-Ex1-12F-lcwgs-1-2.clmp.fp2_r1_screen	6660130	185640.0	2.7800000000000002	280.0	0.0	0.0	0.0	2533.0	0.04	17689.0	0.26	100223.0	1.5	243212.0	3.6599999999999997	92114.0	1.38	173215.0	2.61	101965.0	1.53	141219.0	2.12	105172.0	1.5799999999999998	6383734	95.85
Zdi-CDup_061-Ex1-12F-lcwgs-1-2.clmp.fp2_r2_screen	6660130	198057.0	2.97	277.0	0.0	0.0	0.0	12.0	0.0	27334.0	0.41000000000000003	110066.0	1.65	250670.0	3.7600000000000002	102228.0	1.5299999999999998	183569.0	2.7600000000000002	114045.0	1.71	153908.0	2.32	117307.0	1.76	6376408	95.74
Zdi-CDup_062-Ex1-12G-lcwgs-1-2.clmp.fp2_r1_screen	1650424	45427.0	2.75	53.0	0.0	0.0	0.0	675.0	0.04	4557.0	0.27	26399.0	1.6	58782.0	3.5599999999999996	23252.0	1.4	41556.0	2.52	24897.0	1.51	34205.0	2.07	25866.0	1.5599999999999998	1581931	95.85
Zdi-CDup_062-Ex1-12G-lcwgs-1-2.clmp.fp2_r2_screen	1650424	49152.0	2.98	57.0	0.0	0.0	0.0	6.0	0.0	7313.0	0.45	29283.0	1.77	61880.0	3.75	26148.0	1.5799999999999998	44635.0	2.7	28351.0	1.71	37756.0	2.28	29296.0	1.78	1578960	95.67
Zdi-CDup_064-Ex1-5A-lcwgs-1-2.clmp.fp2_r1_screen	20662878	454374.0	2.19	105.0	0.0	0.0	0.0	587.0	0.0	51917.0	0.25	215427.0	1.04	586314.0	2.84	202183.0	0.97	404417.0	1.97	241216.0	1.16	339113.0	1.6500000000000001	250626.0	1.21	19972737	96.66
Zdi-CDup_064-Ex1-5A-lcwgs-1-2.clmp.fp2_r2_screen	20662878	472707.0	2.28	99.0	0.0	0.0	0.0	3.0	0.0	65441.0	0.32	229651.0	1.1	607685.0	2.95	217495.0	1.05	424143.0	2.05	257107.0	1.24	357761.0	1.73	266639.0	1.29	19952074	96.56
Zdi-CDup_065-Ex1-5B-lcwgs-1-2.clmp.fp2_r1_screen	16808386	472477.0	2.8200000000000003	718.0	0.0	0.0	0.0	1098.0	0.01	44890.0	0.27	238639.0	1.43	596964.0	3.54	244395.0	1.44	409948.0	2.44	234047.0	1.38	333998.0	1.99	256732.0	1.53	16120923	95.91
Zdi-CDup_065-Ex1-5B-lcwgs-1-2.clmp.fp2_r2_screen	16808386	486030.0	2.9	717.0	0.0	0.0	0.0	7.0	0.0	55895.0	0.33	250023.0	1.5	611090.0	3.63	256366.0	1.52	424477.0	2.52	246674.0	1.47	349250.0	2.08	269520.0	1.5999999999999999	16107476	95.83
Zdi-CDup_066-Ex1-5C-lcwgs-1-2.clmp.fp2_r1_screen	19705223	793611.0	4.02	257.0	0.0	0.0	0.0	5252.0	0.03	72771.0	0.37	464337.0	2.36	996279.0	5.05	444922.0	2.25	703807.0	3.56	394903.0	2.0	566980.0	2.88	434328.0	2.21	18580054	94.29
Zdi-CDup_066-Ex1-5C-lcwgs-1-2.clmp.fp2_r2_screen	19705223	826427.0	4.2	252.0	0.0	0.0	0.0	20.0	0.0	99659.0	0.51	490136.0	2.4899999999999998	1021269.0	5.18	472999.0	2.4000000000000004	733358.0	3.7199999999999998	426562.0	2.16	602447.0	3.07	467018.0	2.37	18554437	94.16
Zdi-CDup_071-Ex1-12H-lcwgs-1-2.clmp.fp2_r1_screen	2383625	63909.0	2.67	31.0	0.0	0.0	0.0	593.0	0.02	6248.0	0.26	35420.0	1.49	83011.0	3.48	32446.0	1.3599999999999999	57058.0	2.4	32695.0	1.3699999999999999	46323.0	1.95	35015.0	1.47	2287326	95.96
Zdi-CDup_071-Ex1-12H-lcwgs-1-2.clmp.fp2_r2_screen	2383625	68055.0	2.85	36.0	0.0	0.0	0.0	2.0	0.0	9499.0	0.39	38592.0	1.62	86427.0	3.63	35824.0	1.5	60585.0	2.55	36469.0	1.53	50473.0	2.12	38938.0	1.63	2283751	95.81
