Sample	Passed Filter	Low Quality	Too Many N	Low Complexity	Too Short	Too Long
Zdi-ADup_001-Ex1-11B-lcwgs-1-1	40380194.0	431360.0	2188.0	98998.0	2860364.0	0.0
Zdi-ADup_002-Ex1-9G-lcwgs-1-1	34857106.0	298214.0	1638.0	61578.0	1872350.0	0.0
Zdi-ADup_003-Ex1-9H-lcwgs-1-1	38755098.0	313844.0	1714.0	79600.0	2377458.0	0.0
Zdi-ADup_004-Ex1-10A-lcwgs-1-1	49014.0	588.0	0.0	872.0	25284.0	0.0
Zdi-ADup_005-Ex1-10B-lcwgs-1-1	1679460.0	14860.0	56.0	2554.0	89446.0	0.0
Zdi-ADup_006-Ex1-10C-lcwgs-1-1	47739690.0	532908.0	2458.0	192862.0	6012860.0	0.0
Zdi-ADup_007-Ex1-10D-lcwgs-1-1	52330104.0	518888.0	2126.0	124406.0	4302840.0	0.0
Zdi-ADup_008-Ex1-10E-lcwgs-1-1	7749170.0	92456.0	462.0	19918.0	498958.0	0.0
Zdi-ADup_009-Ex1-10F-lcwgs-1-1	1914366.0	18084.0	74.0	3398.0	107358.0	0.0
Zdi-ADup_010-Ex1-10G-lcwgs-1-1	434738.0	5374.0	24.0	1180.0	38994.0	0.0
Zdi-ADup_011-Ex1-10H-lcwgs-1-1	35069724.0	353568.0	1498.0	111930.0	3474254.0	0.0
Zdi-ADup_012-Ex1-11A-lcwgs-1-1	647466.0	7402.0	70.0	7010.0	188498.0	0.0
Zdi-ADup_013-Ex1-12F-lcwgs-1-1	2876062.0	40674.0	158.0	36952.0	1197316.0	0.0
Zdi-ADup_014-Ex1-11C-lcwgs-1-1	16398440.0	212158.0	812.0	172518.0	5567374.0	0.0
Zdi-ADup_015-Ex1-11D-lcwgs-1-1	30495886.0	280906.0	1442.0	49498.0	1608696.0	0.0
Zdi-ADup_016-Ex1-11E-lcwgs-1-1	52236490.0	595548.0	2628.0	148982.0	3770832.0	0.0
Zdi-ADup_017-Ex1-11F-lcwgs-1-1	29149274.0	238182.0	1284.0	57794.0	1859304.0	0.0
Zdi-ADup_018-Ex1-11G-lcwgs-1-1	49187312.0	474434.0	2270.0	104360.0	3301020.0	0.0
Zdi-ADup_019-Ex1-11H-lcwgs-1-1	8283104.0	61998.0	444.0	34974.0	1063016.0	0.0
Zdi-ADup_020-Ex1-12A-lcwgs-1-1	26032.0	324.0	0.0	134.0	2794.0	0.0
Zdi-ADup_021-Ex1-12B-lcwgs-1-1	179688.0	3660.0	12.0	484.0	13728.0	0.0
Zdi-ADup_022-Ex1-12C-lcwgs-1-1	100470014.0	1033232.0	4564.0	235854.0	7780066.0	0.0
Zdi-ADup_023-Ex1-12D-lcwgs-1-1	12363324.0	131450.0	582.0	51004.0	1669472.0	0.0
Zdi-ADup_024-Ex1-12E-lcwgs-1-1	8674322.0	102906.0	370.0	70112.0	2117962.0	0.0
Zdi-ADup_025-Ex1-2A-lcwgs-1-1	300656.0	2632.0	8.0	954.0	30980.0	0.0
Zdi-ADup_026-Ex1-12G-lcwgs-1-1	2550244.0	30610.0	98.0	4882.0	163590.0	0.0
Zdi-ADup_027-Ex1-12H-lcwgs-1-1	60826092.0	573254.0	2434.0	99914.0	3394206.0	0.0
Zdi-ADup_028-Ex1-9F-lcwgs-1-1	20319940.0	208914.0	824.0	69256.0	2095684.0	0.0
Zdi-ADup_029-Ex1-1A-lcwgs-1-1	98940.0	970.0	2.0	166.0	3604.0	0.0
Zdi-ADup_030-Ex1-1B-lcwgs-1-1	290770.0	2016.0	10.0	294.0	7614.0	0.0
Zdi-ADup_031-Ex1-1C-lcwgs-1-1	413958.0	4320.0	24.0	794.0	16284.0	0.0
Zdi-ADup_032-Ex1-1D-lcwgs-1-1	5539954.0	50976.0	354.0	14072.0	369614.0	0.0
Zdi-ADup_033-Ex1-1E-lcwgs-1-1	590904.0	4704.0	38.0	1338.0	34696.0	0.0
Zdi-ADup_034-Ex1-1F-lcwgs-1-1	631614.0	5104.0	34.0	1212.0	28180.0	0.0
Zdi-ADup_035-Ex1-1G-lcwgs-1-1	2651060.0	19150.0	126.0	7308.0	213260.0	0.0
Zdi-ADup_036-Ex1-1H-lcwgs-1-1	780526.0	7838.0	32.0	4036.0	116422.0	0.0
Zdi-ADup_037-Ex1-3D-lcwgs-1-1	574082.0	4120.0	32.0	1628.0	49186.0	0.0
Zdi-ADup_038-Ex1-2B-lcwgs-1-1	304164.0	2012.0	8.0	562.0	16362.0	0.0
Zdi-ADup_039-Ex1-2C-lcwgs-1-1	480452.0	4378.0	24.0	934.0	25182.0	0.0
Zdi-ADup_040-Ex1-2D-lcwgs-1-1	584494.0	4886.0	40.0	2022.0	59480.0	0.0
Zdi-ADup_041-Ex1-2E-lcwgs-1-1	275722.0	2150.0	22.0	760.0	21850.0	0.0
Zdi-ADup_042-Ex1-2F-lcwgs-1-1	40234896.0	282042.0	1864.0	96846.0	3057314.0	0.0
Zdi-ADup_043-Ex1-2G-lcwgs-1-1	2653976.0	21798.0	124.0	10652.0	330262.0	0.0
Zdi-ADup_044-Ex1-2H-lcwgs-1-1	17653238.0	141318.0	784.0	58864.0	1872332.0	0.0
Zdi-ADup_045-Ex1-3A-lcwgs-1-1	589128.0	3700.0	30.0	1116.0	36846.0	0.0
Zdi-ADup_046-Ex1-3B-lcwgs-1-1	288280.0	2186.0	10.0	1102.0	35470.0	0.0
Zdi-ADup_047-Ex1-3C-lcwgs-1-1	4110316.0	38868.0	170.0	7034.0	218594.0	0.0
Zdi-CDup_001-Ex1-5D-lcwgs-1-1	3173064.0	52434.0	162.0	84746.0	2857568.0	0.0
Zdi-CDup_002-Ex1-5E-lcwgs-1-1	325070.0	3304.0	22.0	3412.0	101824.0	0.0
Zdi-CDup_003-Ex1-5F-lcwgs-1-1	1833064.0	21376.0	124.0	10238.0	333352.0	0.0
Zdi-CDup_004-Ex1-5G-lcwgs-1-1	332554.0	3838.0	26.0	4366.0	131618.0	0.0
Zdi-CDup_005-Ex1-5H-lcwgs-1-1	5772598.0	60436.0	390.0	14134.0	359034.0	0.0
Zdi-CDup_006-Ex1-6A-lcwgs-1-1	12642910.0	135832.0	860.0	27094.0	438250.0	0.0
Zdi-CDup_007-Ex1-6B-lcwgs-1-1	3081916.0	30342.0	144.0	15978.0	454028.0	0.0
Zdi-CDup_008-Ex1-6C-lcwgs-1-1	1272032.0	14486.0	94.0	16434.0	443576.0	0.0
Zdi-CDup_010-Ex1-6D-lcwgs-1-1	9246490.0	121558.0	628.0	151468.0	4448988.0	0.0
Zdi-CDup_011-Ex1-6E-lcwgs-1-1	6602858.0	73022.0	440.0	53298.0	1468594.0	0.0
Zdi-CDup_012-Ex1-6F-lcwgs-1-1	1553990.0	27998.0	94.0	48792.0	1513888.0	0.0
Zdi-CDup_013-Ex1-6G-lcwgs-1-1	749856.0	8042.0	48.0	7536.0	201650.0	0.0
Zdi-CDup_014-Ex1-6H-lcwgs-1-1	8604346.0	93410.0	490.0	59426.0	1783642.0	0.0
Zdi-CDup_015-Ex1-7A-lcwgs-1-1	749204.0	7910.0	36.0	7226.0	196968.0	0.0
Zdi-CDup_016-Ex1-7B-lcwgs-1-1	6572002.0	62068.0	304.0	22770.0	658644.0	0.0
Zdi-CDup_017-Ex1-7C-lcwgs-1-1	1685408.0	15038.0	84.0	11436.0	345958.0	0.0
Zdi-CDup_018-Ex1-7D-lcwgs-1-1	6284022.0	88254.0	426.0	130950.0	4198424.0	0.0
Zdi-CDup_019-Ex1-7E-lcwgs-1-1	11425474.0	98820.0	692.0	17652.0	401682.0	0.0
Zdi-CDup_020-Ex1-7F-lcwgs-1-1	359062.0	4494.0	20.0	7654.0	245368.0	0.0
Zdi-CDup_021-Ex1-7G-lcwgs-1-1	12539112.0	151878.0	668.0	213096.0	6684878.0	0.0
Zdi-CDup_022-Ex1-7H-lcwgs-1-1	1563780.0	13278.0	86.0	3814.0	104422.0	0.0
Zdi-CDup_023-Ex1-8A-lcwgs-1-1	121720.0	1414.0	16.0	2604.0	70062.0	0.0
Zdi-CDup_024-Ex1-8B-lcwgs-1-1	94176.0	1154.0	4.0	1838.0	56676.0	0.0
Zdi-CDup_025-Ex1-8C-lcwgs-1-1	214356.0	3486.0	8.0	10788.0	316884.0	0.0
Zdi-CDup_026-Ex1-8D-lcwgs-1-1	1258346.0	17726.0	80.0	43412.0	1301234.0	0.0
Zdi-CDup_027-Ex1-8E-lcwgs-1-1	117804.0	1934.0	4.0	6528.0	195514.0	0.0
Zdi-CDup_028-Ex1-8F-lcwgs-1-1	303916.0	2954.0	22.0	1722.0	46486.0	0.0
Zdi-CDup_029-Ex1-8G-lcwgs-1-1	251170.0	2164.0	20.0	1330.0	35288.0	0.0
Zdi-CDup_030-Ex1-8H-lcwgs-1-1	54124.0	602.0	0.0	746.0	20442.0	0.0
Zdi-CDup_031-Ex1-9A-lcwgs-1-1	6757248.0	65722.0	424.0	18346.0	479770.0	0.0
Zdi-CDup_032-Ex1-9B-lcwgs-1-1	436650.0	5848.0	16.0	7784.0	256190.0	0.0
Zdi-CDup_033-Ex1-9C-lcwgs-1-1	2280360.0	36418.0	146.0	79310.0	2577190.0	0.0
Zdi-CDup_034-Ex1-9D-lcwgs-1-1	5528706.0	120244.0	316.0	295408.0	10008444.0	0.0
Zdi-CDup_035-Ex1-9E-lcwgs-1-1	942636.0	20740.0	78.0	60314.0	1970532.0	0.0
Zdi-CDup_036-Ex1-9F-lcwgs-1-1	282288.0	3952.0	16.0	6312.0	215270.0	0.0
Zdi-CDup_037-Ex1-9G-lcwgs-1-1	1038350.0	17872.0	60.0	39996.0	1295946.0	0.0
Zdi-CDup_038-Ex1-9H-lcwgs-1-1	438816.0	9370.0	24.0	24548.0	860064.0	0.0
Zdi-CDup_039-Ex1-10A-lcwgs-1-1	513268.0	5098.0	30.0	2998.0	73078.0	0.0
Zdi-CDup_040-Ex1-10B-lcwgs-1-1	469966.0	4468.0	32.0	4016.0	115246.0	0.0
Zdi-CDup_041-Ex1-10C-lcwgs-1-1	1157626.0	13174.0	62.0	21060.0	580214.0	0.0
Zdi-CDup_042-Ex1-10D-lcwgs-1-1	5907916.0	62488.0	416.0	39040.0	1045846.0	0.0
Zdi-CDup_043-Ex1-10E-lcwgs-1-1	11561454.0	140752.0	784.0	106098.0	2771748.0	0.0
Zdi-CDup_044-Ex1-10F-lcwgs-1-1	273876.0	4330.0	14.0	13020.0	383900.0	0.0
Zdi-CDup_045-Ex1-10G-lcwgs-1-1	1878222.0	19808.0	102.0	29460.0	850070.0	0.0
Zdi-CDup_046-Ex1-10H-lcwgs-1-1	939210.0	11130.0	44.0	19484.0	576360.0	0.0
Zdi-CDup_047-Ex1-11A-lcwgs-1-1	17721142.0	186042.0	832.0	39456.0	908824.0	0.0
Zdi-CDup_048-Ex1-11B-lcwgs-1-1	315314.0	3550.0	8.0	5642.0	164934.0	0.0
Zdi-CDup_049-Ex1-11C-lcwgs-1-1	396204.0	4460.0	14.0	6546.0	183944.0	0.0
Zdi-CDup_050-Ex1-11D-lcwgs-1-1	555078.0	8172.0	24.0	17702.0	520394.0	0.0
Zdi-CDup_051-Ex1-11E-lcwgs-1-1	398260.0	6176.0	36.0	16348.0	462602.0	0.0
Zdi-CDup_053-Ex1-11F-lcwgs-1-1	127402.0	1422.0	6.0	1918.0	50800.0	0.0
Zdi-CDup_054-Ex1-11G-lcwgs-1-1	1042006.0	19694.0	64.0	60092.0	1735028.0	0.0
Zdi-CDup_055-Ex1-11H-lcwgs-1-1	126362.0	1350.0	6.0	1144.0	33664.0	0.0
Zdi-CDup_056-Ex1-12A-lcwgs-1-1	10892914.0	144036.0	784.0	172754.0	4939592.0	0.0
Zdi-CDup_057-Ex1-12B-lcwgs-1-1	1947456.0	44420.0	98.0	109870.0	3461706.0	0.0
Zdi-CDup_058-Ex1-12C-lcwgs-1-1	9384054.0	113934.0	452.0	155106.0	4672818.0	0.0
Zdi-CDup_059-Ex1-12D-lcwgs-1-1	1567444.0	92422.0	106.0	365118.0	11512788.0	0.0
Zdi-CDup_060-Ex1-12E-lcwgs-1-1	317328.0	3708.0	20.0	6510.0	181226.0	0.0
Zdi-CDup_061-Ex1-12F-lcwgs-1-1	3621976.0	57252.0	170.0	111374.0	3559812.0	0.0
Zdi-CDup_062-Ex1-12G-lcwgs-1-1	390854.0	4790.0	14.0	8444.0	251700.0	0.0
Zdi-CDup_064-Ex1-5A-lcwgs-1-1	3511720.0	31392.0	284.0	8638.0	198018.0	0.0
Zdi-CDup_065-Ex1-5B-lcwgs-1-1	702554.0	9124.0	48.0	11212.0	369192.0	0.0
Zdi-CDup_066-Ex1-5C-lcwgs-1-1	6488588.0	135536.0	292.0	259490.0	8558142.0	0.0
Zdi-CDup_071-Ex1-12H-lcwgs-1-1	686052.0	10092.0	36.0	15468.0	481784.0	0.0
